         0      9     13
        0.08         0.14         0.21         0.13         0.13         0.07         0.05         0.11         0.09
        0.16         0.20         0.11         0.13         0.13         0.06         0.10         0.33         0.42
        0.15         0.52         0.25         0.18         0.12         0.07         0.22         0.52         0.12
        0.06         0.24         0.81         1.20         0.63         0.27         0.02         0.09         0.29
        0.15         0.37         0.22         0.29         0.80         0.15         0.05         0.20         0.57
        0.02         0.14         0.25         0.18         0.28         0.18         0.03         0.10         0.12
        0.02         0.03         0.01         0.03         0.07         0.04         0.04         0.03         0.09
        0.01         0.00         0.03         0.05         0.04         0.07         0.03         0.02         0.09
        0.03         0.02         0.03         0.05         0.01         0.00         0.01         0.00         0.02
        0.05         0.07         0.03         0.02         0.06         0.05         0.01         0.04         0.03
        0.01         0.02         0.07         0.15         0.13         0.10         0.08         0.01         0.01
        0.03         0.10         0.21         0.10         0.15         0.07         0.05         0.01         0.01
        0.03         0.03         0.15         0.14         0.12         0.59         0.04         0.01         0.02
     86400      9     13
        0.02         0.04         0.71         0.68         0.40         0.25         0.68         0.28         0.25
        0.03         0.31         0.19         0.26         0.49         0.31         0.22         0.31         0.16
        0.49         0.30         0.52         0.51         0.19         0.09         0.40         0.16         0.18
        0.32         0.30         0.41         0.57         0.26         0.51         0.45         0.22         0.27
        0.14         0.27         0.49         0.26         0.86         0.33         0.60         0.45         0.94
        0.17         0.14         0.67         0.39         0.35         0.45         0.37         0.37         0.71
        0.07         0.15         0.19         0.38         0.20         0.59         0.64         0.39         0.53
        0.16         0.07         0.08         0.11         0.12         0.55         0.77         0.56         0.73
        0.10         0.09         0.30         0.41         0.29         0.57         0.44         0.77         0.64
        0.18         0.30         0.24         0.15         0.16         0.49         0.37         1.03         0.54
        0.89         0.47         0.09         0.18         0.17         0.35         0.53         0.58         0.34
        0.15         0.41         0.55         0.38         0.31         0.55         0.31         0.26         0.70
        0.31         0.50         0.72         0.66         0.23         0.73         0.18         0.30         0.16
    172800      9     13
        0.06         0.01         0.09         0.07         0.04         0.08         0.06         0.10         0.13
        0.02         0.01         0.08         0.05         0.03         0.02         0.01         0.08         0.03
        0.09         0.03         0.17         0.17         0.05         0.05         0.10         0.23         0.04
        0.04         0.19         0.11         0.34         0.09         0.37         0.31         0.06         0.29
        0.10         0.12         0.27         0.29         0.23         0.28         0.22         0.23         0.39
        0.03         0.21         0.27         0.12         0.16         0.41         0.28         0.40         0.59
        0.29         0.29         0.26         0.31         0.17         0.39         0.16         0.36         0.45
        0.13         0.10         0.37         0.16         0.14         0.32         0.10         0.31         0.39
        0.14         0.12         0.38         0.42         0.17         0.34         0.23         0.08         0.18
        0.22         0.09         0.42         0.30         0.33         0.13         0.16         0.09         0.10
        0.02         0.36         0.53         0.31         0.18         0.10         0.35         0.14         0.21
        0.02         0.16         0.34         0.49         0.39         0.33         0.17         0.06         0.31
        0.23         0.39         0.29         0.33         0.13         0.48         0.20         0.19         0.24
    259200      9     13
        0.03         0.16         0.32         0.11         0.08         0.14         0.13         0.09         0.07
        0.02         0.06         0.06         0.11         0.15         0.09         0.09         0.14         0.06
        0.11         0.03         0.07         0.11         0.05         0.20         0.12         0.13         0.06
        0.01         0.11         0.14         0.27         0.30         0.19         0.22         0.12         0.25
        0.11         0.12         0.09         0.28         0.72         0.25         0.18         0.33         0.75
        0.07         0.04         0.19         0.50         0.47         0.39         0.21         0.43         0.59
        0.10         0.07         0.06         0.10         0.08         0.31         0.42         0.65         0.81
        0.09         0.01         0.11         0.10         0.06         0.14         0.24         0.65         0.58
        0.03         0.11         0.20         0.14         0.03         0.11         0.17         0.29         0.47
        0.06         0.10         0.16         0.15         0.22         0.05         0.09         0.27         0.32
        0.06         0.13         0.10         0.13         0.09         0.08         0.36         0.21         0.35
        0.04         0.03         0.09         0.21         0.08         0.24         0.22         0.17         0.13
        0.08         0.08         0.07         0.16         0.21         0.50         0.11         0.16         0.11
    345600      9     13
        0.04         0.03         0.02         0.11         0.07         0.03         0.07         0.25         0.51
        0.06         0.03         0.06         0.07         0.04         0.02         0.23         0.54         0.34
        0.06         0.05         0.11         0.11         0.05         0.15         0.16         0.35         0.21
        0.03         0.21         0.03         0.33         0.19         0.25         0.27         0.59         0.40
        0.04         0.13         0.12         0.42         0.42         0.46         0.31         0.39         0.51
        0.04         0.14         0.25         0.35         0.52         0.24         0.53         0.46         0.98
        0.17         0.31         0.19         0.44         0.45         0.53         0.52         0.99         0.55
        0.20         0.16         0.27         0.66         0.40         0.52         0.66         0.57         0.52
        0.04         0.09         0.30         0.36         0.54         0.29         0.69         0.90         0.37
        0.09         0.29         0.32         0.28         0.38         0.20         0.41         0.46         0.64
        0.05         0.32         0.54         0.31         0.28         0.55         0.43         0.32         0.15
        0.22         0.18         0.50         0.61         0.63         0.47         0.73         0.26         0.57
        0.32         0.40         0.27         0.48         0.37         0.95         0.47         0.33         0.36
    432000      9     13
        0.39         0.36         0.48         0.38         0.45         0.49         0.56         0.27         0.38
        0.29         0.39         0.42         0.23         0.40         0.44         0.30         0.46         0.20
        0.27         0.19         0.26         0.34         0.17         0.31         0.16         0.33         0.35
        0.04         0.39         0.47         0.25         0.34         0.25         0.14         0.59         0.60
        0.18         0.31         0.33         0.27         0.52         0.66         0.29         0.40         0.45
        0.13         0.36         0.45         0.48         0.46         0.41         0.26         0.36         0.65
        0.58         0.52         0.38         0.46         0.57         0.51         0.30         0.29         0.69
        0.43         0.32         0.52         0.38         0.52         0.39         0.23         0.27         0.41
        0.31         0.70         0.40         0.51         0.37         0.30         0.36         0.34         0.27
        0.40         0.46         0.67         0.34         0.63         0.23         0.20         0.35         0.48
        0.35         0.83         0.58         0.39         0.33         0.09         0.17         0.40         0.13
        0.48         0.49         0.71         0.44         0.27         0.19         0.15         0.06         0.14
        0.34         0.69         0.41         0.36         0.26         0.26         0.11         0.42         0.12
    518400      9     13
        0.25         0.20         0.38         0.52         0.66         0.31         0.15         0.45         0.35
        0.33         0.23         0.23         0.82         0.64         0.31         0.35         0.33         0.36
        0.19         0.52         0.34         0.34         0.28         0.35         0.30         0.12         0.30
        0.09         0.17         0.55         0.49         0.67         0.37         0.26         0.20         0.33
        0.10         0.13         0.39         0.41         0.98         0.58         0.24         0.35         0.33
        0.33         0.27         0.40         0.39         0.80         0.54         0.48         0.38         0.39
        0.17         0.30         0.39         0.34         0.49         0.30         0.50         0.64         0.52
        0.19         0.26         0.49         0.07         0.31         0.33         0.55         0.60         0.72
        0.23         0.25         0.39         0.53         0.62         0.55         0.28         0.35         0.68
        0.24         0.22         0.69         0.98         0.58         0.34         0.59         0.56         0.53
        0.52         0.34         0.74         0.59         0.30         0.27         0.56         0.45         0.10
        0.70         1.01         0.29         0.72         0.23         0.17         0.40         0.12         0.08
        0.76         0.53         0.78         0.88         0.84         0.40         0.36         0.23         0.34
    604800      9     13
        1.10         0.71         0.62         0.97         0.90         0.65         0.67         1.04         0.65
        0.97         1.38         0.62         0.73         0.81         0.29         0.86         0.80         0.69
        1.04         0.90         0.69         1.07         0.65         0.40         0.50         0.66         0.92
        0.84         0.70         0.61         0.31         0.87         0.72         0.66         0.79         0.67
        1.06         0.87         0.47         0.66         0.37         0.97         0.82         1.14         0.55
        0.57         0.58         0.62         0.93         0.63         0.94         0.84         0.62         1.16
        0.79         0.93         1.31         0.84         0.62         0.58         0.61         0.92         1.57
        0.68         0.80         1.00         0.55         0.30         0.89         0.78         0.86         1.11
        0.23         0.71         0.56         0.42         0.26         0.57         0.57         0.66         0.66
        0.36         0.63         1.37         0.88         0.40         0.39         0.45         0.62         0.84
        0.96         1.14         1.08         0.56         0.16         0.24         0.35         0.48         0.35
        0.83         0.80         0.38         0.60         0.53         0.24         0.29         0.30         0.24
        0.90         0.68         0.55         0.46         0.94         0.17         0.25         0.31         0.20
    691200      9     13
        0.48         0.59         0.47         0.69         0.62         0.38         0.37         0.45         0.53
        0.59         0.71         0.48         0.49         0.43         0.41         0.58         0.38         0.41
        0.54         0.54         0.32         0.19         0.52         0.12         0.14         0.34         0.42
        0.44         0.20         0.30         0.21         0.51         0.13         0.33         0.27         0.40
        0.58         0.33         0.23         0.52         0.45         0.22         0.36         0.16         0.54
        0.49         0.55         0.16         0.60         0.63         0.30         0.44         0.64         0.51
        0.33         0.60         0.28         0.44         0.76         0.18         0.40         0.32         0.65
        0.53         0.61         0.28         0.30         0.26         0.30         0.55         0.30         0.62
        0.73         0.60         0.49         0.24         0.26         0.29         0.63         0.49         0.58
        1.12         0.79         0.85         0.40         0.32         0.52         0.36         0.39         0.75
        2.07         1.20         1.63         0.47         0.18         0.47         0.34         0.39         0.60
        1.29         2.11         1.68         0.71         0.62         0.34         0.33         0.59         0.68
        1.05         1.74         1.68         0.82         1.27         0.85         0.37         0.66         0.98
    777600      9     13
        0.21         0.17         0.32         0.05         0.45         0.27         0.11         0.34         0.27
        0.38         0.30         0.44         0.36         0.37         0.34         0.22         0.27         0.17
        0.27         0.33         0.42         0.26         0.44         0.16         0.11         0.18         0.97
        0.75         0.17         0.67         0.24         1.20         0.33         0.24         0.25         0.58
        0.31         0.29         0.24         0.56         0.83         0.26         0.15         0.24         0.40
        0.37         1.04         0.28         0.46         0.90         0.20         0.24         0.32         0.71
        0.48         0.68         0.65         0.26         0.78         0.38         0.41         0.59         0.44
        0.48         0.49         0.34         0.84         0.32         0.49         0.40         0.48         0.70
        0.68         0.37         0.47         0.80         0.11         0.26         0.14         0.32         0.49
        0.64         0.92         0.52         0.47         1.13         0.44         0.07         0.28         0.25
        1.24         1.15         0.66         0.58         0.47         0.25         1.25         0.31         0.28
        0.88         1.00         0.95         0.86         0.27         0.54         0.54         0.32         0.30
        0.66         0.79         0.56         0.72         0.96         1.49         0.28         0.54         0.38
    864000      9     13
        0.10         0.09         0.12         0.11         0.12         0.08         0.47         0.16         0.07
        0.14         0.27         0.08         0.14         0.15         0.12         0.27         0.25         0.14
        0.14         0.21         0.19         0.22         0.11         0.09         0.28         0.44         0.11
        0.15         0.45         0.15         0.97         0.48         0.31         0.42         0.16         0.20
        0.15         0.28         0.20         0.65         0.35         0.26         0.21         0.15         0.31
        0.16         0.22         0.31         0.31         0.23         0.19         0.12         0.48         0.36
        0.25         0.45         0.10         0.32         0.23         0.13         0.18         0.24         0.21
        0.30         0.19         0.50         0.26         0.25         0.17         0.16         0.10         0.19
        0.73         0.49         0.52         0.45         0.16         0.07         0.22         0.19         0.15
        0.58         0.40         0.53         0.14         0.24         1.11         0.50         0.25         0.20
        0.07         0.59         0.61         0.30         0.22         0.12         0.20         0.81         0.20
        0.29         0.72         0.32         0.50         0.25         0.21         0.15         0.41         0.26
        0.61         0.43         0.30         0.58         0.48         1.34         0.33         0.27         0.84
    950400      9     13
        0.03         0.05         0.10         0.17         0.12         0.05         0.04         0.07         0.09
        0.10         0.09         0.05         0.09         0.18         0.06         0.06         0.19         0.17
        0.18         0.07         0.09         0.15         0.04         0.11         0.19         0.22         0.06
        0.10         0.51         0.23         1.05         0.26         0.17         0.23         0.22         0.30
        0.16         0.26         0.24         0.72         0.51         0.25         0.05         0.24         0.69
        0.25         0.16         0.18         0.34         0.29         0.19         0.05         0.14         0.68
        0.21         0.88         0.17         0.21         0.24         0.11         0.25         0.26         0.49
        0.98         0.26         0.28         0.25         0.38         0.14         0.11         0.13         0.12
        0.57         0.70         0.64         0.14         0.21         0.11         0.20         0.27         0.33
        0.30         0.40         0.53         0.45         0.21         0.04         0.24         0.12         0.29
        0.53         0.34         0.59         0.35         0.16         0.30         0.08         0.27         0.29
        0.39         0.49         0.57         0.28         0.25         0.17         0.17         0.14         0.07
        0.48         0.33         0.50         0.90         0.71         1.00         0.26         0.07         0.02
   1036800      9     13
        0.16         0.03         0.06         0.17         0.10         0.09         0.19         0.20         0.16
        0.06         0.10         0.09         0.17         0.13         0.06         0.17         0.33         0.08
        0.08         0.08         0.10         0.22         0.11         0.03         0.29         0.24         0.11
        0.11         0.31         0.21         1.00         0.18         0.28         0.20         0.10         0.35
        0.10         0.21         0.21         0.59         0.41         0.20         0.26         0.37         0.69
        0.24         0.11         0.27         0.41         0.45         0.29         0.09         0.40         1.09
        0.39         0.55         0.29         0.38         0.32         0.28         0.30         0.22         0.86
        0.40         0.13         0.44         0.29         0.13         0.11         0.21         0.25         0.26
        0.75         0.45         0.66         0.30         0.23         0.09         0.03         0.38         0.49
        0.82         0.61         0.61         0.34         0.17         0.20         0.32         0.29         0.23
        0.19         0.84         0.62         0.35         0.15         0.19         0.14         0.34         0.38
        0.24         0.64         0.96         0.73         0.28         0.36         0.71         0.06         0.07
        0.46         0.38         0.47         0.91         0.57         1.18         0.38         0.27         0.29
   1123200      9     13
        0.58         0.19         0.29         0.20         0.32         0.11         0.18         0.19         0.15
        0.43         0.19         0.13         0.45         0.27         0.12         0.24         0.53         0.08
        0.29         0.34         0.36         0.48         0.24         0.38         0.95         0.48         0.14
        0.14         0.41         0.45         1.51         0.60         0.49         0.25         0.31         0.70
        0.31         0.25         0.27         0.92         0.94         0.28         0.41         0.63         0.50
        0.39         0.30         0.24         0.42         0.54         0.36         0.16         0.56         0.42
        0.37         0.78         0.31         0.71         0.49         0.38         0.40         0.57         0.91
        0.59         0.32         0.66         0.35         0.68         0.33         0.61         0.68         0.63
        0.45         0.63         0.82         0.89         0.46         0.34         0.57         0.40         0.84
        0.49         0.59         0.33         0.16         0.87         0.33         0.11         0.47         0.44
        0.71         1.02         0.78         0.51         0.25         0.47         0.29         1.04         0.65
        0.77         1.04         0.98         1.54         0.69         0.51         0.63         0.33         0.18
        0.54         1.34         1.10         1.73         0.96         1.37         0.60         0.33         0.99
   1209600      9     13
        0.79         0.44         0.17         0.74         0.25         0.08         0.19         0.50         0.28
        0.57         0.50         0.17         0.31         0.28         0.08         0.31         0.54         0.17
        0.27         0.42         0.24         0.26         0.13         0.11         0.79         0.66         0.20
        0.34         0.55         0.73         1.28         0.64         0.38         0.40         0.44         0.64
        0.48         0.61         0.44         1.77         1.03         0.34         0.28         0.83         0.99
        0.53         0.83         0.82         0.98         0.59         0.40         0.36         0.78         0.72
        0.68         1.33         0.74         0.47         0.82         0.24         0.48         0.22         1.00
        0.85         0.42         0.74         0.48         0.59         0.20         0.31         0.69         0.72
        0.79         0.52         0.72         0.63         0.41         0.60         0.72         0.51         0.88
        0.74         0.60         0.32         0.87         0.94         0.31         0.53         0.48         0.41
        0.62         0.30         0.53         0.44         0.28         0.32         0.23         0.53         0.40
        0.53         0.46         0.96         0.90         0.21         0.27         0.15         0.27         0.50
        0.21         0.67         0.70         0.75         0.40         0.82         0.40         0.12         0.48