         0      9     13
        0.44         0.51         0.96         0.43         0.22         0.23         0.70         0.88         0.56
        0.19         0.16         0.48         0.35         0.34         0.10         0.29         0.42         0.48
        0.14         0.11         0.21         0.54         0.41         0.12         0.50         1.02         0.29
        0.08         0.66         0.59         1.44         0.37         0.20         0.89         0.48         0.15
        0.15         0.36         0.73         1.28         0.60         0.15         0.52         0.29         0.69
        0.02         0.23         0.22         0.57         0.39         0.22         0.37         0.52         0.27
        0.35         0.40         0.06         0.30         0.30         0.25         0.30         0.48         0.27
        0.28         0.10         0.24         0.20         0.11         0.10         0.06         0.22         0.45
        0.38         0.33         0.88         0.67         0.07         0.03         0.03         0.01         0.09
        0.19         0.19         0.11         0.13         0.05         0.02         0.07         0.02         0.06
        0.25         0.32         0.24         0.17         0.12         0.08         0.09         0.05         0.14
        0.08         0.09         0.18         0.11         0.08         0.17         0.33         0.02         0.03
        0.06         0.37         0.13         0.12         0.11         0.75         0.07         0.04         0.01
     86400      9     13
        1.17         1.09         1.17         1.13         0.69         0.58         0.84         0.36         0.27
        0.85         0.87         0.84         0.50         0.76         0.59         0.90         0.41         0.64
        0.97         0.63         0.69         0.85         0.18         0.14         0.65         0.93         0.44
        0.52         1.10         0.66         1.30         0.42         0.33         0.39         0.67         0.43
        0.55         0.94         0.72         1.31         0.50         0.50         0.39         0.65         0.28
        0.25         0.22         0.50         0.75         0.46         0.20         0.25         0.71         0.50
        0.15         0.58         0.44         0.48         0.40         0.41         0.69         0.38         0.37
        0.26         0.42         0.31         0.28         0.26         0.34         0.56         0.29         0.34
        0.60         0.23         0.53         0.40         0.15         0.17         0.43         0.33         0.34
        0.73         0.32         0.63         0.46         0.16         0.82         0.63         0.52         0.40
        0.85         0.64         0.62         0.30         0.12         0.35         0.27         0.46         0.73
        0.13         0.43         0.44         0.92         0.22         0.22         0.17         0.68         0.47
        0.31         0.50         0.29         0.25         0.27         1.34         0.13         0.12         0.26
    172800      9     13
        0.83         0.99         1.34         1.29         0.90         1.16         1.36         1.14         0.83
        0.95         0.86         0.58         0.45         0.57         0.83         1.07         0.93         0.55
        1.16         0.90         0.84         0.61         0.26         0.83         0.91         0.87         0.44
        0.43         1.66         1.65         1.93         0.71         0.53         0.38         0.97         1.14
        0.58         0.67         0.75         1.38         1.21         0.74         0.70         1.02         1.84
        1.19         0.62         0.87         0.90         1.06         0.62         0.45         1.01         1.22
        0.77         1.35         0.37         0.78         1.01         0.42         0.65         0.98         1.22
        0.88         0.76         1.10         0.47         0.47         0.39         0.49         1.00         0.83
        0.76         0.92         1.26         0.84         0.28         0.31         0.31         0.64         0.56
        1.30         1.75         0.89         0.66         0.48         0.62         0.78         0.86         0.94
        0.44         0.63         0.70         0.59         0.33         0.40         0.41         0.94         0.57
        0.56         1.01         0.89         0.99         0.35         0.29         0.34         0.67         0.81
        0.70         0.67         0.43         0.61         0.57         1.77         0.47         0.51         1.00
    259200      9     13
        1.19         0.76         0.70         0.95         0.50         0.58         0.23         0.82         0.67
        1.07         1.20         1.29         0.85         0.63         0.83         0.58         0.91         0.67
        0.47         0.86         0.59         0.42         0.61         0.63         1.24         0.76         0.43
        0.36         1.74         1.09         1.74         1.06         0.52         0.63         0.59         1.02
        0.19         0.51         0.38         1.88         0.96         0.56         1.00         1.11         1.14
        0.48         0.80         0.55         0.66         1.32         0.61         0.60         0.44         0.88
        0.63         0.75         0.41         0.29         0.50         0.23         0.27         0.47         0.74
        0.50         0.29         0.27         0.20         0.26         0.08         0.14         0.20         0.31
        0.48         0.40         0.35         0.43         0.20         0.13         0.48         0.40         0.55
        0.48         0.49         0.72         0.47         0.27         0.25         0.24         0.37         0.78
        0.45         0.93         0.90         0.56         0.39         0.43         0.26         0.38         0.48
        0.73         0.86         1.34         0.88         0.59         0.67         0.39         0.27         0.43
        0.60         0.62         0.56         0.95         0.66         1.18         0.56         0.42         0.35
    345600      9     13
        1.02         1.41         1.03         1.20         0.85         0.43         0.41         0.51         0.75
        0.73         1.09         0.62         1.13         1.39         0.65         0.45         0.47         0.47
        0.60         0.70         0.33         0.73         0.70         0.96         0.98         0.89         0.40
        0.23         0.87         1.27         1.80         1.06         0.65         0.58         0.69         1.26
        0.24         0.49         0.77         1.21         1.67         0.58         0.36         0.60         0.77
        0.33         0.42         0.61         0.59         0.97         0.55         0.27         0.31         0.70
        0.27         0.44         0.28         0.31         0.56         0.29         0.27         0.46         0.72
        0.21         0.18         0.35         0.42         0.24         0.24         0.15         0.33         0.65
        0.45         0.32         0.29         0.47         0.23         0.31         0.19         0.19         0.16
        0.29         0.46         0.43         0.26         0.16         0.13         0.16         0.11         0.23
        0.37         0.35         0.20         0.22         0.11         0.08         0.05         0.10         0.36
        0.27         0.48         0.67         0.59         0.30         0.22         0.23         0.19         0.13
        0.23         0.78         0.60         0.66         0.48         1.13         0.49         0.15         0.15
    432000      9     13
        0.60         0.54         0.83         1.06         0.43         0.58         0.60         0.60         0.78
        1.10         0.94         0.85         0.94         0.97         0.52         0.34         0.47         0.36
        0.71         1.01         0.99         0.98         0.45         0.41         0.58         0.94         0.75
        0.66         1.22         1.69         1.71         1.94         0.49         0.43         0.59         0.96
        0.46         0.92         0.68         1.18         1.32         0.60         0.52         1.20         1.20
        0.45         0.55         0.70         0.58         1.31         0.49         0.47         0.99         1.12
        0.47         0.65         0.53         0.63         0.80         0.32         0.47         0.79         1.13
        0.72         0.47         0.62         0.57         0.44         0.47         0.41         0.49         0.82
        0.78         0.54         1.16         1.07         0.39         0.35         0.38         0.58         0.69
        0.36         1.06         0.96         0.90         0.74         0.48         0.51         0.38         0.66
        0.34         1.25         1.26         0.77         0.44         0.49         0.31         0.33         0.69
        0.19         1.07         1.06         1.02         0.55         0.50         0.40         0.18         0.45
        0.29         0.40         0.70         1.24         1.12         1.10         0.54         0.22         0.29
    518400      9     13
        0.46         0.39         0.78         0.78         0.76         0.90         0.80         1.41         1.51
        0.88         1.41         0.96         1.29         0.83         1.18         0.99         1.28         1.78
        0.94         1.57         1.71         1.48         1.58         1.31         0.91         1.58         1.43
        0.75         2.03         2.04         1.62         1.82         0.75         1.25         1.68         1.59
        0.56         1.12         0.99         1.62         2.49         0.91         0.48         1.41         1.64
        0.78         0.76         0.84         1.72         1.63         0.65         0.42         0.67         1.04
        0.60         0.96         0.73         0.87         1.07         0.61         0.52         0.66         0.71
        0.62         0.87         0.84         0.53         0.61         0.43         0.30         0.65         0.71
        0.42         0.82         0.92         0.43         0.43         0.43         0.27         0.47         0.68
        0.57         0.40         0.77         0.81         0.51         0.31         0.29         0.21         0.35
        0.11         0.40         0.41         0.52         0.34         0.38         0.23         0.31         0.29
        0.08         0.51         0.69         0.78         0.49         0.27         0.20         0.18         0.30
        0.09         0.31         0.85         0.61         0.62         0.94         0.30         0.06         0.05
    604800      9     13
        1.78         1.20         1.20         1.47         2.27         1.04         1.24         1.27         1.88
        2.13         3.30         3.15         1.11         2.15         1.53         1.39         2.19         1.55
        1.86         2.66         4.86         2.70         1.72         2.00         2.23         2.67         2.48
        1.72         2.52         1.80         2.99         2.98         2.50         1.89         2.35         4.73
        1.23         1.98         2.04         2.90         2.62         1.66         2.34         1.86         2.34
        1.23         2.15         2.17         2.05         1.89         1.44         1.81         2.03         2.56
        1.21         1.85         1.55         1.48         1.36         0.86         1.87         1.53         2.02
        1.55         1.40         1.32         0.99         1.23         1.22         1.23         1.37         1.09
        1.25         1.40         1.43         1.10         1.18         0.79         1.04         1.24         1.70
        1.06         0.76         1.57         1.28         1.85         1.04         0.55         1.25         1.17
        0.60         0.83         1.15         0.91         0.80         0.63         0.29         0.54         0.44
        0.18         0.95         1.33         1.17         0.92         1.05         0.90         0.37         0.29
        0.82         1.29         1.67         2.12         1.46         2.25         0.53         0.24         0.15
    691200      9     13
        1.76         2.22         2.10         1.58         1.97         1.67         0.78         1.32         0.89
        1.43         2.30         1.83         1.76         1.67         1.65         0.90         1.24         0.60
        0.96         1.05         1.44         1.35         1.30         1.06         1.10         0.78         1.27
        0.62         0.75         0.73         1.27         1.13         1.12         0.84         0.78         1.10
        0.56         0.90         0.71         1.01         1.34         0.59         1.50         1.05         0.99
        1.02         1.07         0.64         0.95         1.09         0.96         1.44         1.16         1.25
        0.60         0.99         0.63         1.07         1.13         1.10         1.36         1.54         1.05
        1.03         0.39         0.87         0.79         1.10         0.56         0.79         1.16         1.20
        0.94         0.96         1.42         1.38         0.71         0.49         0.52         0.74         1.71
        1.30         1.67         1.54         1.17         0.71         0.24         0.29         0.79         0.56
        1.63         2.06         1.37         0.69         0.49         0.26         0.20         0.20         0.40
        2.28         1.42         1.12         1.07         0.38         0.53         0.36         0.03         0.24
        1.09         0.97         0.64         0.80         1.08         1.10         0.28         0.05         0.19
    777600      9     13
        1.07         1.03         0.95         0.61         0.61         0.38         0.18         0.46         0.35
        1.00         1.10         0.88         0.45         0.39         0.63         0.46         0.45         0.25
        0.35         0.42         0.52         0.29         0.21         0.56         0.37         0.09         0.27
        0.17         0.63         1.03         1.00         0.90         0.50         0.10         0.33         0.53
        0.27         0.33         0.42         1.04         0.54         0.39         0.62         0.47         0.28
        0.41         0.32         0.23         0.46         0.64         0.43         0.60         0.57         0.59
        0.49         0.74         0.51         0.80         0.29         0.22         0.38         0.42         0.48
        0.77         0.49         0.55         0.27         0.35         0.22         0.29         0.44         0.34
        0.61         0.46         0.69         0.57         0.25         0.20         0.67         0.35         0.29
        0.62         0.84         0.76         0.56         0.57         0.27         0.31         0.58         0.50
        0.67         0.83         1.18         0.36         0.16         0.27         0.09         0.35         0.34
        0.24         0.56         1.03         0.90         0.62         0.44         0.40         0.13         0.29
        0.33         0.54         0.69         0.75         0.61         1.03         0.39         0.20         0.21
    864000      9     13
        0.44         0.33         0.31         0.47         0.61         0.74         0.55         0.58         0.62
        0.64         0.40         0.41         0.37         0.54         0.61         0.68         0.67         0.34
        0.44         0.34         0.40         0.31         0.14         0.14         0.43         0.36         0.33
        0.39         0.68         0.29         0.82         0.23         0.21         0.10         0.11         0.36
        0.28         0.51         0.35         1.04         0.48         0.23         0.10         0.32         0.40
        0.11         0.27         0.21         0.41         0.41         0.26         0.21         0.14         0.26
        0.14         0.40         0.14         0.20         0.21         0.09         0.05         0.10         0.23
        0.39         0.11         0.25         0.14         0.10         0.04         0.06         0.27         0.13
        0.27         0.36         0.50         0.59         0.14         0.27         0.10         0.20         0.14
        0.51         0.50         0.45         0.29         0.13         0.10         0.16         0.20         0.21
        0.85         0.34         0.29         0.15         0.04         0.04         0.21         0.11         0.16
        0.34         0.14         0.20         0.14         0.17         0.16         0.12         0.14         0.10
        0.28         0.08         0.21         0.13         0.15         0.96         0.11         0.17         0.15
    950400      9     13
        0.20         0.21         0.40         0.48         1.44         0.53         0.35         0.41         0.63
        0.17         0.51         0.38         0.38         0.72         0.45         0.57         0.36         0.33
        0.26         0.47         0.49         0.31         0.34         0.09         0.79         0.49         0.35
        0.39         0.95         0.79         1.26         1.22         0.29         0.21         0.44         0.48
        0.16         0.60         0.23         0.92         0.58         0.28         0.06         0.34         0.32
        0.32         0.41         0.28         0.18         0.53         0.14         0.09         0.37         0.38
        0.23         0.82         0.51         0.16         0.18         0.09         0.14         0.23         0.21
        0.13         0.16         0.16         0.27         0.15         0.13         0.22         0.25         0.30
        0.25         0.20         0.33         0.39         0.18         0.10         0.07         0.13         0.16
        0.28         0.40         0.27         0.21         0.10         0.04         0.21         0.13         0.29
        0.31         0.40         0.43         0.23         0.15         0.10         0.04         0.09         0.13
        0.36         0.44         0.32         0.22         0.20         0.15         0.23         0.23         0.05
        0.14         0.21         0.53         0.54         0.17         0.74         0.25         0.11         0.01
   1036800      9     13
        0.49         0.70         0.62         0.33         0.27         0.62         0.23         0.49         0.24
        0.71         0.46         0.25         0.71         0.79         0.43         0.17         0.35         0.41
        0.61         0.35         0.54         0.57         0.41         0.17         0.41         0.65         0.22
        0.16         0.87         0.43         1.01         0.64         0.27         0.20         0.40         0.28
        0.10         0.47         0.32         0.82         0.75         0.40         0.15         0.33         0.38
        0.25         0.40         0.27         0.60         0.91         0.35         0.16         0.45         0.28
        0.46         0.61         0.38         0.40         0.41         0.17         0.39         0.35         0.31
        0.36         0.27         0.27         0.34         0.22         0.07         0.06         0.18         0.06
        0.77         0.52         0.68         0.33         0.12         0.04         0.03         0.05         0.07
        0.70         0.42         0.51         0.42         0.31         0.05         0.03         0.10         0.13
        0.45         0.50         0.54         0.25         0.07         0.11         0.02         0.07         0.17
        0.17         0.35         0.17         0.25         0.14         0.05         0.10         0.06         0.01
        0.15         0.15         0.18         0.30         0.16         0.92         0.18         0.06         0.03
   1123200      9     13
        0.45         0.66         0.86         1.08         0.79         0.55         0.22         0.36         0.56
        0.54         0.48         0.45         0.62         0.52         0.59         0.35         0.19         0.49
        0.43         0.59         0.49         0.53         0.31         0.44         0.32         0.61         0.24
        0.41         0.51         0.59         1.10         0.95         0.17         0.11         0.14         0.68
        0.20         0.42         0.59         0.62         1.82         0.33         0.05         0.21         0.78
        0.32         0.24         0.13         0.37         0.60         0.31         0.02         0.34         0.19
        0.18         0.55         0.20         0.34         0.23         0.09         0.06         0.11         0.36
        0.38         0.16         0.29         0.34         0.47         0.06         0.07         0.14         0.10
        0.36         0.54         0.68         0.22         0.28         0.05         0.05         0.12         0.11
        0.31         0.24         0.41         0.26         0.08         0.04         0.26         0.14         0.10
        0.31         0.31         0.57         0.20         0.18         0.09         0.04         0.08         0.16
        0.05         0.29         0.31         0.26         0.14         0.16         0.14         0.08         0.09
        0.05         0.27         0.36         0.49         0.15         0.45         0.27         0.06         0.03
   1209600      9     13
        0.47         0.44         0.91         0.48         0.86         0.64         0.36         0.65         0.51
        0.62         0.68         0.51         0.60         0.54         0.29         0.45         0.61         1.08
        0.52         0.52         0.27         0.40         0.29         0.28         0.98         0.95         0.69
        0.71         0.73         0.71         1.94         1.20         0.26         0.46         0.35         0.71
        0.17         0.84         0.48         0.90         1.28         0.22         0.05         0.38         0.61
        0.24         0.76         0.26         0.42         0.82         0.13         0.04         0.25         0.39
        0.31         0.58         0.36         0.26         0.35         0.08         0.09         0.23         0.74
        0.78         0.28         0.44         0.28         0.08         0.06         0.13         0.18         0.43
        0.32         0.52         0.93         0.42         0.12         0.03         0.02         0.13         0.30
        0.10         0.37         0.27         0.13         0.10         0.02         0.08         0.14         0.29
        0.05         0.08         0.38         0.26         0.09         0.06         0.03         0.05         0.08
        0.04         0.06         0.17         0.19         0.15         0.09         0.17         0.09         0.01
        0.27         0.52         0.18         0.35         0.47         0.58         0.16         0.03         0.01