         0      9     13
        0.97         1.83         0.62         0.51         0.24         0.33         0.54         1.19         1.07
        0.87         1.40         0.36         0.49         0.23         0.35         0.26         1.67         0.96
        0.89         0.56         0.34         0.17         0.41         0.29         0.45         0.78         2.26
        0.66         0.32         0.40         0.69         0.81         0.49         0.93         1.09         0.92
        0.93         0.63         0.51         0.62         1.26         0.85         1.31         0.98         1.06
        1.18         0.88         0.38         0.58         0.95         0.71         1.47         1.59         1.05
        0.68         0.70         0.56         0.89         0.69         0.66         2.22         2.09         1.38
        0.47         0.58         0.54         0.69         0.40         0.89         1.32         1.45         1.29
        0.64         0.46         0.88         0.81         0.55         0.96         0.86         0.69         0.67
        1.10         1.34         1.44         0.78         0.31         0.48         0.50         0.69         0.88
        1.46         0.99         0.93         0.48         0.35         0.52         0.67         0.56         0.55
        1.14         0.80         0.60         0.43         0.34         0.58         0.30         0.39         0.38
        0.89         0.75         0.28         0.34         0.65         0.45         0.61         0.45         0.37
     86400      9     13
        1.01         0.86         0.54         0.52         0.95         0.28         0.31         0.34         0.19
        0.64         0.70         0.67         0.54         0.26         0.95         0.61         0.30         0.12
        0.24         0.67         0.63         0.56         0.14         0.77         0.56         0.28         0.30
        0.26         0.84         0.90         1.08         0.60         0.24         0.47         0.31         0.27
        0.21         0.46         0.58         0.56         0.74         0.39         0.58         0.20         0.21
        0.46         0.58         0.74         0.53         0.76         0.86         0.52         0.30         0.15
        0.24         0.61         0.98         0.40         0.84         0.27         0.41         0.34         0.28
        0.38         0.60         0.86         0.24         0.68         0.40         0.19         0.83         0.73
        0.20         0.35         0.68         1.12         0.30         0.87         0.47         0.60         0.36
        0.40         0.84         0.68         1.09         1.15         0.13         0.48         0.44         0.47
        1.14         1.06         0.84         0.37         0.14         0.13         0.68         0.12         0.17
        1.15         1.03         0.90         1.07         0.13         0.37         0.22         0.09         0.24
        1.18         0.89         1.10         0.84         0.87         1.25         0.16         0.28         0.62
    172800      9     13
        0.59         0.75         0.60         0.32         0.73         0.25         0.27         0.60         0.70
        1.02         0.71         0.43         0.84         0.53         0.88         0.80         1.02         0.26
        0.74         0.62         0.45         0.68         0.16         0.77         0.55         0.29         0.38
        0.35         0.47         1.43         1.06         0.73         0.43         0.45         0.19         0.75
        0.18         0.26         0.98         0.59         0.90         0.41         0.69         0.75         0.42
        0.23         0.44         0.39         0.68         0.54         0.72         0.31         0.51         0.61
        0.26         0.46         0.31         0.63         0.95         0.49         0.67         0.39         0.85
        0.56         0.24         0.83         0.16         0.38         0.33         0.30         0.63         0.74
        0.48         0.51         0.92         0.61         0.27         0.56         0.77         0.32         0.56
        0.87         1.18         1.31         0.76         0.70         0.33         0.20         0.40         0.32
        1.21         1.45         1.34         0.66         0.34         0.31         0.20         0.48         0.70
        1.48         1.03         1.76         1.04         0.39         0.56         0.38         0.49         0.57
        0.64         0.93         0.98         1.01         0.79         1.50         0.74         0.48         0.81
    259200      9     13
        0.26         0.22         0.48         0.27         0.24         0.18         0.11         0.11         0.17
        0.54         0.45         0.24         0.33         0.30         0.29         0.35         0.92         0.07
        0.65         0.25         0.32         0.34         0.11         0.15         0.43         0.16         0.08
        0.22         0.25         0.33         1.21         0.40         0.25         0.42         0.24         0.53
        0.16         0.28         0.41         0.50         0.43         0.28         0.64         0.35         0.60
        0.40         0.31         0.19         0.48         0.25         0.22         0.26         0.18         0.31
        0.48         0.55         0.17         0.32         0.26         0.14         0.14         0.18         0.32
        0.59         0.33         0.60         0.17         0.19         0.14         0.13         0.17         0.57
        0.31         0.26         0.28         0.22         0.11         0.21         0.30         0.69         0.54
        0.16         0.27         0.24         0.60         0.32         0.14         0.14         0.28         0.45
        0.30         0.40         0.48         0.45         0.26         0.28         0.12         0.40         0.35
        0.38         0.53         0.51         0.88         0.62         0.25         0.40         0.06         0.11
        0.53         0.54         0.75         1.07         0.74         1.37         0.49         0.13         0.46
    345600      9     13
        0.16         0.09         0.13         0.07         0.11         0.08         0.04         0.05         0.03
        0.07         0.10         0.13         0.08         0.13         0.06         0.07         0.07         0.07
        0.10         0.12         0.19         0.13         0.29         0.13         0.14         0.07         0.05
        0.12         0.19         0.27         0.84         0.31         0.26         0.04         0.04         0.30
        0.10         0.19         0.12         0.73         0.65         0.27         0.02         0.08         0.71
        0.07         0.21         0.15         0.11         0.49         0.18         0.03         0.04         0.23
        0.09         0.26         0.14         0.06         0.26         0.08         0.05         0.05         0.09
        0.18         0.06         0.38         0.17         0.18         0.04         0.04         0.06         0.09
        0.09         0.13         0.24         0.15         0.07         0.03         0.03         0.02         0.04
        0.21         0.64         0.44         0.19         0.16         0.04         0.02         0.02         0.01
        0.11         0.46         0.48         0.32         0.13         0.07         0.03         0.05         0.10
        0.38         0.58         0.69         0.53         0.25         0.10         0.10         0.02         0.01
        0.57         0.85         0.69         0.80         0.53         1.34         0.23         0.02         0.04
    432000      9     13
        0.10         0.05         0.05         0.05         0.10         0.09         0.04         0.05         0.05
        0.11         0.07         0.10         0.06         0.11         0.05         0.04         0.09         0.08
        0.08         0.08         0.09         0.13         0.06         0.04         0.08         0.10         0.03
        0.09         0.21         0.17         0.58         0.29         0.39         0.03         0.01         0.16
        0.10         0.22         0.21         0.30         0.55         0.23         0.03         0.07         0.27
        0.14         0.25         0.10         0.13         0.44         0.19         0.04         0.09         0.13
        0.33         0.34         0.15         0.08         0.19         0.10         0.09         0.11         0.10
        0.66         0.09         0.42         0.14         0.07         0.05         0.06         0.08         0.11
        0.40         0.25         0.21         0.40         0.14         0.08         0.06         0.17         0.14
        0.38         0.53         0.47         0.12         0.15         0.04         0.06         0.04         0.07
        0.50         0.56         1.15         0.25         0.16         0.11         0.05         0.04         0.07
        0.64         0.49         0.38         0.67         0.52         0.43         0.21         0.06         0.08
        0.52         0.77         0.73         1.24         0.49         1.30         0.47         0.08         0.10
    518400      9     13
        0.19         0.06         0.08         0.07         0.13         0.11         0.04         0.06         0.07
        0.13         0.17         0.10         0.09         0.11         0.07         0.05         0.19         0.08
        0.09         0.13         0.09         0.17         0.09         0.05         0.13         0.05         0.06
        0.11         0.30         0.20         0.56         0.39         0.43         0.03         0.06         0.22
        0.15         0.38         0.24         0.45         0.74         0.30         0.03         0.14         0.28
        0.22         0.55         0.13         0.14         0.25         0.22         0.03         0.06         0.07
        0.19         0.22         0.09         0.05         0.17         0.16         0.05         0.07         0.09
        0.15         0.12         0.15         0.11         0.07         0.03         0.02         0.06         0.05
        0.07         0.12         0.15         0.14         0.11         0.05         0.04         0.05         0.05
        0.13         0.21         0.22         0.13         0.20         0.04         0.01         0.05         0.04
        0.11         0.27         0.31         0.27         0.13         0.06         0.05         0.02         0.06
        0.28         0.53         0.42         0.60         0.42         0.17         0.21         0.04         0.02
        0.35         0.90         0.92         1.14         0.39         0.83         0.41         0.08         0.02
    604800      9     13
        0.86         0.75         1.01         1.02         0.91         0.48         0.33         0.25         0.68
        1.42         1.28         0.87         0.58         0.71         0.21         0.53         0.84         0.12
        0.73         1.41         0.79         1.27         0.55         0.18         0.75         0.32         0.23
        0.23         0.79         0.50         1.30         0.27         0.33         0.20         0.16         0.37
        0.52         0.33         0.16         0.51         0.47         0.22         0.19         0.32         0.50
        0.72         0.47         0.57         0.24         0.45         0.21         0.13         0.41         0.93
        0.41         0.61         0.21         0.25         0.18         0.15         0.08         0.22         0.42
        0.44         0.64         0.63         0.14         0.14         0.07         0.25         0.22         0.28
        0.43         0.57         0.50         0.36         0.20         0.23         0.23         0.12         0.15
        0.48         0.25         0.24         0.35         0.24         0.59         0.21         0.19         0.30
        0.09         0.15         0.64         0.32         0.13         0.27         0.08         0.18         0.44
        0.28         0.69         1.02         1.19         0.43         0.52         0.44         0.13         0.68
        0.39         1.00         0.87         1.73         1.66         1.43         0.43         0.34         0.30
    691200      9     13
        0.52         0.64         1.24         1.12         0.70         0.93         0.77         0.92         1.02
        0.70         0.89         1.22         0.91         1.36         0.67         0.54         0.83         0.91
        0.49         0.73         1.39         1.40         1.28         1.23         0.84         1.96         1.04
        0.50         0.53         1.16         1.63         0.87         0.83         0.78         1.09         1.23
        0.21         0.61         0.98         1.98         1.42         0.43         0.56         1.12         0.71
        0.07         0.36         0.72         0.87         1.53         0.65         0.40         0.75         0.89
        0.12         0.32         0.32         0.53         0.68         0.33         0.86         0.91         1.07
        0.10         0.22         0.17         0.19         0.18         0.54         0.54         0.49         0.58
        0.12         0.12         0.53         0.29         0.12         0.37         0.23         0.61         0.61
        0.11         0.31         0.19         0.09         0.16         0.39         0.13         0.18         0.21
        0.01         0.02         0.08         0.09         0.11         0.13         0.40         0.48         0.30
        0.00         0.02         0.11         0.13         0.16         0.19         0.35         0.36         0.44
        0.00         0.01         0.02         0.16         0.17         0.61         0.14         0.13         0.09
    777600      9     13
        0.62         0.21         0.67         0.73         0.69         0.60         0.58         0.81         1.02
        0.44         0.67         0.62         0.55         0.69         0.62         0.43         0.38         0.92
        0.63         0.59         0.63         0.49         0.71         0.34         0.40         0.61         0.24
        0.12         0.77         0.51         0.59         0.45         0.28         0.38         0.34         0.36
        0.37         0.48         0.49         0.57         0.68         0.17         0.29         0.33         0.55
        0.49         0.17         0.37         0.60         0.54         0.30         0.25         0.46         0.89
        0.25         0.28         0.16         0.44         0.43         0.12         0.24         0.50         0.87
        0.15         0.16         0.21         0.08         0.12         0.06         0.11         0.34         1.08
        0.03         0.08         0.22         0.17         0.05         0.10         0.07         0.38         0.33
        0.16         0.07         0.11         0.09         0.08         0.12         0.06         0.10         0.08
        0.03         0.02         0.22         0.25         0.04         0.09         0.22         0.42         0.18
        0.01         0.12         0.39         0.23         0.08         0.06         0.12         0.23         0.24
        0.38         0.27         0.44         0.32         0.15         0.52         0.08         0.08         0.14
    864000      9     13
        0.09         0.28         0.58         0.57         0.27         0.13         0.25         0.58         0.43
        0.25         0.49         0.48         0.60         0.60         0.28         0.34         0.35         0.47
        0.23         0.46         0.54         0.65         0.23         0.11         0.38         0.58         0.51
        0.13         1.08         0.57         1.19         0.51         0.32         0.40         0.48         0.62
        0.08         0.34         0.49         1.33         0.89         0.31         0.41         0.74         0.60
        0.04         0.17         0.40         0.49         0.80         0.22         0.32         0.98         1.16
        0.29         0.14         0.18         0.43         0.42         0.31         0.57         1.08         1.57
        0.18         0.17         0.16         0.13         0.51         0.42         0.45         1.41         1.82
        0.09         0.22         0.59         0.47         0.20         0.21         0.48         0.71         0.77
        0.52         0.49         0.33         0.20         0.09         0.42         0.26         0.28         0.61
        0.31         0.35         0.20         0.19         0.17         0.24         0.37         0.08         0.25
        0.08         0.03         0.24         0.17         0.15         0.23         0.27         0.40         0.33
        0.03         0.08         0.13         0.21         0.19         0.90         0.15         0.08         0.09
    950400      9     13
        0.87         0.75         0.30         0.53         0.60         0.27         0.53         0.71         0.93
        0.60         0.38         0.31         0.37         0.59         0.40         0.63         0.52         0.71
        0.43         0.48         0.26         0.38         0.09         0.22         0.39         0.68         0.98
        0.24         0.61         0.38         1.01         0.78         0.44         0.82         0.55         0.57
        0.24         0.52         0.28         0.96         0.92         0.45         0.77         0.92         0.90
        0.25         0.54         0.49         0.67         0.65         0.60         0.60         1.03         0.80
        0.78         0.63         0.44         1.00         0.64         0.47         0.83         0.43         0.85
        0.54         0.39         0.39         0.38         0.87         0.62         1.01         1.04         0.69
        0.53         0.60         1.00         0.66         0.46         0.68         0.81         1.23         0.98
        0.69         0.70         0.84         0.22         0.44         0.55         0.90         0.82         0.72
        1.26         0.88         0.25         0.24         0.40         0.44         0.54         0.48         0.28
        0.42         0.76         1.06         0.68         0.17         0.47         0.22         0.32         0.43
        0.43         0.71         0.95         0.90         0.22         0.71         0.34         0.18         0.75
   1036800      9     13
        0.84         0.98         0.90         0.91         0.57         0.29         0.65         0.35         0.56
        0.89         0.90         0.83         0.87         0.93         0.44         0.54         0.41         0.39
        0.97         1.24         0.82         0.94         0.49         0.58         0.44         0.47         0.26
        0.68         1.58         0.79         1.45         0.81         0.65         0.47         0.39         0.51
        0.59         1.10         1.11         1.38         1.01         0.30         0.47         0.89         0.79
        0.43         0.74         0.65         0.94         0.69         0.22         0.41         0.79         1.18
        0.76         0.42         0.25         1.14         0.62         0.56         1.01         0.66         0.58
        0.39         0.14         0.38         0.41         0.52         0.53         0.88         0.59         0.63
        0.25         0.53         0.61         0.57         0.26         0.35         0.40         0.61         0.92
        0.38         0.24         0.72         0.51         0.64         0.57         0.50         0.38         0.44
        0.83         0.53         0.73         0.32         0.51         0.39         0.62         0.36         0.39
        0.38         0.32         0.51         0.43         0.39         0.26         0.32         0.23         0.37
        0.34         0.60         0.26         0.52         0.33         0.95         0.24         0.70         0.73
   1123200      9     13
        0.53         0.67         0.73         0.42         0.25         0.39         0.52         0.35         0.19
        0.37         0.50         0.19         0.13         0.36         0.18         0.30         0.34         0.11
        0.56         0.27         0.35         0.14         0.09         0.39         0.42         0.17         0.12
        0.16         0.47         0.35         0.67         0.31         0.31         0.27         0.15         0.32
        0.19         0.38         0.20         0.60         0.40         0.24         0.21         0.28         0.57
        0.16         0.39         0.32         0.50         0.30         0.25         0.27         0.41         0.79
        0.21         0.37         0.22         0.54         0.48         0.26         0.22         0.19         0.34
        0.28         0.12         0.27         0.26         0.33         0.40         0.22         0.32         0.30
        0.24         0.45         0.66         0.28         0.34         0.19         0.13         0.22         0.31
        0.53         0.36         0.43         0.24         0.33         0.40         0.30         0.28         0.20
        0.33         0.16         0.26         0.11         0.16         0.20         0.43         0.22         0.19
        0.17         0.08         0.24         0.44         0.15         0.37         0.18         0.16         0.11
        0.11         0.27         0.41         0.25         0.13         1.01         0.29         0.36         0.48
   1209600      9     13
        0.19         0.16         0.44         0.65         0.26         0.15         0.16         0.37         0.59
        0.16         0.36         0.19         0.23         0.32         0.29         0.15         0.31         0.29
        0.29         0.24         0.35         0.22         0.09         0.28         0.71         0.82         0.20
        0.15         0.37         0.46         0.55         0.17         0.29         0.27         0.67         0.33
        0.13         0.14         0.25         0.69         1.34         0.23         0.27         0.53         0.47
        0.20         0.10         0.12         0.42         0.46         0.18         0.32         0.59         0.48
        0.22         0.35         0.16         0.15         0.22         0.18         0.23         0.33         0.43
        0.33         0.12         0.23         0.11         0.10         0.09         0.07         0.13         0.27
        0.17         0.26         0.40         0.20         0.06         0.06         0.13         0.12         0.35
        0.32         0.23         0.07         0.14         0.07         0.48         0.15         0.13         0.10
        0.09         0.13         0.09         0.11         0.07         0.20         0.21         0.32         0.26
        0.03         0.20         0.30         0.31         0.15         0.22         0.16         0.34         0.17
        0.13         0.54         0.33         0.32         0.25         1.03         0.36         0.22         0.29