         0      9     13
        0.95         0.62         0.64         0.86         0.92         0.52         0.53         0.57         0.98
        0.81         0.80         0.28         1.01         0.79         0.64         0.72         1.08         1.40
        0.72         0.55         0.17         0.72         0.45         0.20         1.48         0.87         0.64
        0.20         1.04         1.06         2.07         0.57         0.34         1.49         1.07         0.69
        0.34         0.46         0.40         1.43         1.02         0.21         0.93         1.14         0.97
        0.25         0.29         0.24         0.26         0.43         0.21         0.62         1.03         0.74
        0.47         0.41         0.07         0.15         0.16         0.17         0.75         0.44         0.44
        0.47         0.13         0.41         0.22         0.13         0.14         0.17         0.38         0.74
        0.19         0.30         0.22         0.21         0.14         0.08         0.49         0.70         0.74
        0.17         0.48         0.20         0.10         0.10         0.81         0.24         0.53         0.47
        0.14         0.51         0.37         0.25         0.13         0.15         0.16         0.38         0.56
        0.34         0.78         0.75         0.39         0.18         0.18         0.30         0.23         0.31
        0.84         0.48         0.53         0.42         0.46         1.71         0.28         0.08         0.19
     86400      9     13
        0.62         0.65         0.61         0.62         0.66         0.67         0.47         0.64         0.83
        0.61         0.92         0.93         0.94         0.52         0.50         0.71         1.20         0.29
        0.58         0.45         0.69         0.30         0.17         0.24         0.93         0.54         0.22
        0.34         1.05         0.94         1.93         1.11         0.44         0.41         0.25         0.87
        0.31         1.25         0.81         1.77         1.46         0.66         0.68         0.44         0.85
        0.44         0.81         0.75         0.46         1.05         0.33         0.67         0.58         0.70
        0.40         0.62         0.28         0.59         0.65         0.25         0.46         0.23         0.92
        0.18         0.34         0.81         0.21         0.33         0.14         0.59         0.28         0.47
        0.39         0.80         0.78         1.06         0.20         0.35         0.67         0.70         0.70
        0.62         0.64         0.92         0.74         0.47         0.48         0.98         0.29         0.37
        0.56         0.84         0.96         0.44         0.34         0.24         0.24         0.30         0.38
        0.15         0.41         0.27         0.47         0.22         0.23         0.23         0.43         0.42
        0.20         0.21         0.54         0.47         0.66         1.36         0.49         0.40         0.51
    172800      9     13
        0.37         0.48         0.25         0.62         0.66         0.41         0.32         0.39         0.37
        0.39         0.34         0.24         0.20         0.40         0.18         0.52         0.28         0.15
        0.51         0.54         0.46         0.35         0.24         0.18         0.46         0.43         0.14
        0.35         0.77         0.89         1.40         0.59         0.28         0.39         0.32         0.56
        0.18         0.55         0.60         1.44         0.90         0.34         0.11         0.34         1.03
        0.11         0.52         0.53         0.54         0.76         0.41         0.12         0.28         0.77
        0.25         0.75         0.32         0.59         0.77         0.20         0.30         0.30         0.60
        0.37         0.49         0.51         0.39         0.32         0.08         0.08         0.22         0.36
        0.42         0.47         0.74         1.01         0.31         0.10         0.25         0.39         0.37
        0.39         0.49         0.64         0.34         0.20         0.27         0.37         0.62         0.62
        0.33         0.48         0.83         0.25         0.13         0.38         0.13         0.27         0.42
        0.27         0.27         0.58         0.48         0.31         0.41         0.39         0.18         0.32
        0.41         0.31         0.56         0.40         0.30         0.97         0.23         0.14         0.39
    259200      9     13
        0.39         0.40         0.71         0.57         0.63         0.64         0.25         0.59         0.37
        0.68         0.71         0.40         0.70         0.58         0.43         0.37         0.36         0.51
        0.37         0.40         0.95         0.84         0.58         0.46         0.41         0.57         0.49
        0.29         1.55         1.30         1.65         0.83         0.40         0.57         0.60         0.69
        0.37         0.73         0.73         1.01         1.64         0.30         0.13         0.37         0.66
        0.18         0.67         0.60         0.60         1.10         0.29         0.11         0.32         0.58
        0.44         0.72         0.19         0.79         0.48         0.23         0.33         0.34         0.55
        0.13         0.31         0.47         0.46         0.58         0.19         0.53         0.69         0.71
        0.14         0.43         0.36         0.78         0.44         0.25         0.19         0.34         0.49
        0.29         0.37         0.75         0.54         0.41         0.10         0.69         1.06         0.65
        0.06         0.15         1.72         1.07         0.32         0.37         0.23         0.34         0.44
        0.10         0.27         0.79         0.69         0.80         0.73         0.82         0.44         0.27
        0.05         0.24         0.49         0.51         0.53         0.85         0.30         0.16         0.27
    345600      9     13
        0.26         0.78         0.99         0.41         0.45         0.62         0.54         0.43         1.23
        0.49         1.00         0.80         0.85         0.56         0.47         0.74         0.70         0.89
        0.68         0.58         1.11         1.31         0.78         0.23         0.34         1.17         0.65
        0.55         1.33         1.70         2.26         1.31         0.41         0.92         1.42         0.65
        0.56         1.13         1.20         1.63         1.24         0.41         0.17         0.59         0.65
        0.19         0.77         0.74         0.94         1.40         0.35         0.14         0.92         0.82
        0.70         0.50         0.36         0.74         0.67         0.11         0.37         0.63         0.58
        0.42         0.46         0.57         0.37         0.19         0.08         0.09         0.31         0.80
        0.29         0.54         0.39         0.44         0.18         0.14         0.15         0.17         0.26
        0.23         0.28         0.57         0.39         0.16         0.06         0.21         0.23         0.20
        0.29         0.55         0.38         0.44         0.14         0.14         0.24         0.21         0.11
        0.29         0.34         0.47         0.52         0.36         0.24         0.27         0.26         0.07
        0.13         0.21         0.63         1.22         0.88         0.91         0.22         0.12         0.12
    432000      9     13
        0.93         0.81         0.68         0.65         0.56         0.63         0.39         0.93         0.81
        0.68         0.69         0.41         0.83         0.50         0.45         0.73         0.98         1.03
        0.94         0.60         0.93         0.45         0.63         0.37         0.67         0.78         0.73
        0.83         0.81         0.80         0.48         0.76         0.87         0.63         1.18         0.83
        0.91         0.81         1.00         0.88         0.61         0.90         0.94         1.08         1.14
        0.58         1.06         0.69         1.08         1.08         0.85         0.66         1.10         0.90
        0.73         0.27         0.64         0.56         0.61         0.50         0.76         0.88         1.34
        1.08         0.90         0.71         0.66         0.56         0.23         0.41         0.67         0.82
        1.41         1.55         1.25         0.96         0.24         0.38         0.49         0.55         0.83
        1.39         1.73         1.35         1.65         0.76         0.26         0.60         0.49         0.42
        1.02         1.23         1.25         1.03         0.52         0.45         0.48         0.57         0.64
        0.77         0.70         1.10         1.20         0.84         1.08         0.69         0.52         0.60
        0.38         0.62         0.69         0.80         0.93         1.24         0.64         0.51         0.53
    518400      9     13
        0.53         0.67         0.61         0.65         0.82         0.93         0.97         0.30         0.70
        0.61         0.53         0.44         0.47         0.67         0.55         0.42         0.52         0.51
        0.90         0.70         0.85         0.53         0.93         0.30         0.49         0.28         0.75
        0.86         0.82         1.18         0.42         0.94         0.55         0.48         0.41         0.98
        0.13         0.41         0.81         0.50         0.73         0.85         0.51         0.89         0.62
        0.49         0.53         0.90         0.69         0.53         0.55         0.51         0.79         0.64
        0.82         0.29         0.72         0.87         0.72         0.75         0.48         0.55         0.39
        1.18         0.64         0.66         0.27         0.50         0.50         0.59         0.75         0.87
        0.75         0.75         0.46         0.59         0.22         0.44         0.77         0.69         0.62
        0.92         0.63         0.59         0.65         0.51         1.20         0.94         0.49         0.59
        0.55         0.71         1.10         0.35         0.34         0.29         0.25         0.50         0.71
        0.54         0.86         1.26         1.09         0.33         0.44         0.16         0.77         0.59
        0.55         0.64         0.73         0.80         0.49         1.27         0.14         0.28         0.91
    604800      9     13
        0.83         0.69         0.53         0.22         0.44         0.13         0.53         0.19         0.50
        0.92         0.36         0.34         0.49         0.21         0.30         0.37         0.75         0.10
        0.47         0.29         0.57         0.55         0.12         0.74         0.43         0.36         0.24
        0.33         0.98         0.78         0.97         0.21         0.34         0.87         0.30         0.47
        0.26         0.33         0.44         0.54         0.42         0.27         0.91         0.43         0.43
        0.20         0.17         0.16         0.36         0.24         0.34         0.85         0.28         0.54
        0.22         0.31         0.10         0.30         0.36         0.27         0.33         0.17         0.48
        0.18         0.05         0.42         0.05         0.19         0.11         0.40         0.22         0.46
        0.35         0.16         0.30         0.29         0.10         0.28         0.47         0.31         0.44
        0.42         0.20         0.19         0.14         0.31         0.49         0.40         0.19         0.25
        0.19         0.22         0.63         0.16         0.12         0.23         0.17         0.14         0.42
        0.15         0.17         0.24         0.19         0.13         0.20         0.14         0.25         0.12
        0.34         0.21         0.20         0.28         0.23         1.11         0.14         0.21         0.71
    691200      9     13
        1.50         1.00         0.76         0.87         0.51         0.64         0.56         0.64         0.70
        0.88         0.99         0.48         0.64         0.65         0.47         0.62         0.65         0.34
        0.59         0.31         0.49         0.72         0.52         0.25         0.58         0.61         0.44
        0.29         1.06         0.94         1.18         0.68         0.25         0.63         0.61         0.64
        0.28         0.40         0.59         0.98         0.91         0.23         0.56         0.37         0.58
        0.19         0.17         0.30         0.62         0.87         0.43         0.43         0.83         0.64
        0.37         0.82         0.37         0.55         0.38         0.24         0.49         0.63         0.95
        0.29         0.14         0.34         0.15         0.17         0.09         0.11         0.68         0.43
        0.33         0.55         0.61         0.29         0.08         0.12         0.12         0.43         0.31
        0.46         0.32         0.20         0.22         0.06         0.33         0.12         0.14         0.21
        0.59         0.30         0.43         0.17         0.08         0.16         0.04         0.17         0.33
        0.54         0.13         0.65         0.47         0.10         0.31         0.45         0.27         0.53
        0.41         0.20         0.44         0.32         0.15         0.89         0.14         0.30         0.78
    777600      9     13
        0.50         0.56         0.84         0.70         0.74         0.49         0.79         0.91         0.67
        0.94         0.97         0.81         0.56         0.68         0.62         0.73         0.74         0.43
        0.80         0.63         0.55         0.70         0.49         0.30         0.93         0.39         0.81
        0.54         1.14         1.05         1.74         0.82         0.30         0.88         0.59         1.10
        0.36         0.84         0.39         1.27         2.28         0.62         0.84         1.13         1.18
        0.53         0.67         0.44         1.00         1.31         0.42         0.76         0.89         1.02
        0.63         0.89         0.44         0.79         0.97         0.56         1.17         1.12         1.43
        0.69         0.36         0.51         0.43         0.57         0.13         0.27         1.02         0.74
        0.63         0.65         1.10         0.75         0.16         0.31         0.67         0.68         0.60
        0.76         0.59         0.58         0.49         0.23         0.73         0.12         0.27         0.56
        0.75         0.37         0.84         0.13         0.08         0.10         0.13         0.08         0.16
        0.67         0.49         0.58         0.24         0.13         0.24         0.10         0.20         0.15
        0.61         0.08         0.28         0.52         0.15         0.93         0.36         0.27         0.42
    864000      9     13
        1.39         0.94         0.75         0.82         0.73         0.76         0.42         0.37         0.63
        0.93         0.84         0.70         0.72         0.75         0.71         0.57         0.90         0.50
        0.56         0.76         0.64         0.77         0.40         0.21         0.82         0.93         0.45
        0.35         0.82         1.11         1.36         0.71         0.28         0.60         0.25         0.67
        0.40         0.47         0.54         1.12         1.46         0.38         0.24         0.51         0.96
        0.26         0.64         0.53         0.90         1.16         0.37         0.35         0.69         0.90
        0.35         0.87         0.29         0.84         0.51         0.13         0.42         0.60         1.12
        0.47         0.18         0.36         0.17         0.21         0.07         0.18         0.39         0.80
        0.34         0.45         0.67         0.34         0.12         0.04         0.27         0.56         0.65
        0.24         0.25         0.56         0.44         0.25         0.48         0.48         0.56         0.37
        0.49         0.46         0.52         0.37         0.27         0.39         0.14         0.39         0.22
        0.48         0.45         0.51         0.39         0.23         0.24         0.30         0.23         0.32
        0.64         0.36         0.35         0.42         0.19         1.16         0.37         0.24         0.24
    950400      9     13
        1.18         1.31         1.46         1.43         1.32         1.08         1.35         0.99         0.55
        1.34         1.29         1.04         1.42         1.36         1.62         0.88         1.25         0.63
        1.17         1.02         0.92         1.17         0.85         0.91         0.84         1.34         1.16
        0.82         1.27         1.45         1.55         1.36         0.68         0.83         0.83         0.88
        0.70         1.08         1.53         1.74         1.82         0.82         0.77         0.88         0.89
        0.71         0.88         0.96         1.50         1.27         0.70         0.70         0.66         1.01
        0.77         1.48         1.12         1.20         0.79         0.57         0.89         0.60         0.57
        0.74         0.65         0.85         1.07         0.52         0.42         0.28         0.28         0.16
        1.00         0.81         1.22         0.99         0.36         0.18         0.15         0.09         0.11
        0.99         0.89         1.09         0.66         0.30         0.20         0.21         0.11         0.13
        1.33         0.84         0.75         0.61         0.22         0.12         0.06         0.11         0.17
        0.87         0.76         0.93         0.38         0.23         0.12         0.11         0.22         0.16
        0.68         0.73         0.75         0.69         0.46         0.88         0.16         0.07         0.02
   1036800      9     13
        1.49         1.86         1.44         1.08         0.53         0.52         0.37         0.41         0.43
        1.25         1.29         0.82         0.97         1.54         0.88         0.44         0.65         0.26
        0.78         0.73         1.29         0.86         0.87         0.64         0.34         0.88         0.47
        0.25         0.53         1.11         1.19         1.09         0.38         0.95         1.56         0.60
        0.16         0.54         0.34         0.99         1.22         0.44         0.28         0.90         0.91
        0.41         0.42         0.45         0.54         0.93         0.32         0.14         0.57         0.69
        0.17         0.84         0.59         0.65         0.51         0.22         0.15         0.20         0.25
        0.85         0.54         0.66         0.27         0.18         0.14         0.16         0.14         0.08
        0.83         0.63         0.91         0.62         0.26         0.07         0.03         0.09         0.14
        1.26         1.38         0.98         0.46         0.21         0.04         0.03         0.03         0.12
        0.21         0.85         0.70         0.39         0.24         0.11         0.04         0.03         0.03
        0.28         0.54         0.31         0.48         0.35         0.21         0.17         0.03         0.02
        0.19         0.43         0.36         0.55         0.40         0.78         0.33         0.05         0.01
   1123200      9     13
        0.80         0.89         0.74         0.62         0.48         0.46         0.20         0.37         0.42
        1.35         1.04         1.13         0.63         0.68         0.31         0.20         0.26         0.10
        0.41         0.81         1.16         0.83         0.66         0.37         0.30         1.10         0.19
        0.32         0.77         0.98         1.41         0.44         0.36         1.03         0.53         0.30
        0.23         0.62         0.41         1.12         1.20         0.16         0.17         0.50         0.80
        0.51         0.44         0.41         0.40         0.74         0.19         0.25         0.44         0.60
        0.31         0.45         0.50         0.41         0.50         0.13         0.32         0.17         0.31
        0.32         0.24         0.15         0.33         0.31         0.12         0.15         0.35         0.56
        0.44         0.56         1.07         0.59         0.18         0.12         0.20         0.32         0.28
        0.42         0.33         0.26         0.36         0.18         0.06         0.96         0.44         0.42
        0.68         0.14         0.21         0.35         0.09         0.15         0.14         0.24         0.42
        0.19         0.18         0.17         0.49         0.25         0.29         0.20         0.44         0.13
        0.26         0.34         0.41         1.11         0.43         0.88         0.22         0.08         0.20
   1209600      9     13
        0.27         0.24         0.32         0.12         0.18         0.11         0.14         0.16         0.17
        0.12         0.25         0.30         0.25         0.47         0.25         0.10         0.28         0.35
        0.38         0.11         0.23         0.12         0.09         0.24         0.40         0.48         0.61
        0.17         0.39         0.63         0.40         0.59         0.43         0.60         0.25         0.39
        0.28         0.46         0.58         1.00         0.84         0.33         0.27         0.46         0.72
        0.06         0.34         0.22         0.76         0.59         0.20         0.23         0.40         0.32
        0.42         0.61         0.43         0.63         0.32         0.14         0.32         0.13         0.45
        0.24         0.39         0.24         0.42         0.41         0.24         0.11         0.25         0.34
        0.43         0.50         0.90         0.56         0.24         0.18         0.23         0.13         0.09
        0.46         1.04         0.54         0.42         0.18         0.13         0.27         0.10         0.14
        0.75         0.39         0.44         0.28         0.06         0.17         0.18         0.23         0.26
        0.33         0.49         0.57         0.48         0.35         0.51         0.51         0.44         0.37
        0.32         0.68         1.00         0.73         0.35         1.33         0.37         0.12         0.16