         0      9     13
        0.41         0.15         0.33         0.21         0.63         0.26         0.26         0.34         0.27
        0.24         0.49         0.38         0.33         0.33         0.24         0.94         0.71         0.16
        0.49         0.46         0.49         0.63         0.24         0.17         0.54         0.16         0.09
        0.45         0.70         0.62         1.28         0.75         0.36         0.37         0.55         0.57
        0.42         0.48         0.39         0.77         1.07         0.55         1.02         0.72         0.69
        0.34         0.55         0.23         0.43         0.87         0.48         0.92         0.69         0.86
        0.34         0.73         0.38         0.22         0.63         0.37         0.40         0.72         0.72
        0.47         0.28         0.60         0.40         0.34         0.36         0.58         0.28         0.35
        0.19         0.24         0.57         0.57         0.23         0.56         0.28         0.42         0.75
        0.17         0.43         1.00         0.51         0.65         0.08         0.41         0.25         0.20
        0.28         0.33         0.67         0.45         0.16         0.11         0.07         0.21         0.18
        0.47         0.58         1.10         0.74         0.33         0.46         0.36         0.11         0.16
        1.08         1.02         0.65         0.43         0.48         1.64         0.29         0.08         0.16
     86400      9     13
        0.17         0.29         0.16         0.14         0.07         0.10         0.04         0.06         0.05
        0.12         0.66         0.12         0.07         0.11         0.06         0.05         0.09         0.06
        0.03         0.07         0.19         0.21         0.15         0.09         0.26         0.08         0.06
        0.06         0.35         0.44         0.67         0.44         0.32         0.02         0.04         0.23
        0.07         0.18         0.26         1.05         0.54         0.23         0.02         0.39         0.43
        0.18         0.31         0.16         0.13         0.42         0.16         0.07         0.05         1.03
        0.10         0.66         0.13         0.22         0.28         0.09         0.05         0.06         0.18
        0.42         0.44         0.54         0.16         0.11         0.05         0.04         0.07         0.06
        0.64         0.60         0.58         0.56         0.11         0.04         0.02         0.05         0.08
        0.62         0.79         0.59         0.29         0.20         0.03         0.02         0.03         0.07
        0.72         0.51         0.26         0.17         0.14         0.11         0.06         0.08         0.19
        0.31         0.28         0.58         0.66         0.26         0.14         0.16         0.05         0.05
        0.21         0.82         0.50         0.43         0.33         1.12         0.22         0.10         0.16
    172800      9     13
        0.12         0.06         0.03         0.06         0.09         0.12         0.04         0.04         0.03
        0.05         0.10         0.06         0.10         0.12         0.07         0.04         0.07         0.08
        0.08         0.06         0.10         0.09         0.09         0.06         0.12         0.11         0.06
        0.08         0.15         0.16         0.89         0.47         0.30         0.03         0.06         0.17
        0.20         0.33         0.11         0.29         0.34         0.25         0.03         0.08         0.20
        0.08         0.12         0.14         0.14         0.50         0.18         0.04         0.05         0.20
        0.15         0.21         0.12         0.20         0.22         0.13         0.06         0.08         0.18
        0.14         0.11         0.31         0.14         0.15         0.06         0.04         0.08         0.08
        0.57         0.23         0.35         0.28         0.15         0.07         0.06         0.13         0.13
        0.17         0.24         0.20         0.26         0.26         0.04         0.04         0.10         0.09
        0.15         0.31         0.33         0.15         0.11         0.07         0.05         0.04         0.10
        0.15         0.46         0.53         0.39         0.23         0.22         0.15         0.04         0.03
        0.26         0.49         0.68         0.81         0.44         0.74         0.19         0.04         0.01
    259200      9     13
        0.05         0.11         0.17         0.23         0.46         0.19         0.08         0.18         0.26
        0.08         0.51         0.16         0.22         0.10         0.07         0.06         0.80         0.10
        0.14         0.17         0.21         0.24         0.13         0.07         0.30         0.16         0.08
        0.05         0.06         0.61         1.23         0.65         0.23         0.22         0.18         0.37
        0.07         0.10         0.34         1.26         0.71         0.21         0.03         0.40         0.84
        0.22         0.46         0.19         0.46         0.79         0.18         0.02         0.14         0.89
        0.57         0.69         0.09         0.05         0.17         0.09         0.05         0.03         0.09
        0.23         0.17         0.47         0.11         0.07         0.03         0.02         0.03         0.06
        0.22         0.18         0.16         0.17         0.12         0.04         0.02         0.02         0.03
        0.25         0.51         0.16         0.11         0.17         0.04         0.02         0.01         0.02
        0.12         0.33         0.15         0.19         0.08         0.07         0.02         0.03         0.08
        0.37         0.45         0.37         0.44         0.39         0.14         0.21         0.03         0.03
        0.38         0.62         0.29         0.46         0.46         1.25         0.41         0.11         0.13
    345600      9     13
        0.18         0.13         0.24         0.42         0.28         0.11         0.20         0.23         0.41
        0.38         0.21         0.08         0.24         0.23         0.07         0.07         0.33         0.21
        0.10         0.04         0.13         0.19         0.16         0.04         0.44         0.30         0.06
        0.08         0.58         0.45         1.07         0.26         0.13         0.49         0.11         0.18
        0.44         0.32         0.29         0.70         0.95         0.11         0.08         0.20         0.36
        0.21         0.29         0.07         0.26         0.54         0.15         0.06         0.26         0.35
        0.26         0.21         0.35         0.07         0.13         0.10         0.07         0.15         0.28
        0.32         0.08         0.32         0.10         0.06         0.05         0.05         0.19         0.34
        0.17         0.36         0.28         0.25         0.08         0.02         0.01         0.03         0.10
        0.38         0.40         0.41         0.24         0.07         0.05         0.01         0.09         0.08
        0.12         0.14         0.37         0.14         0.07         0.12         0.01         0.02         0.06
        0.05         0.16         0.56         0.49         0.14         0.15         0.23         0.17         0.07
        0.04         0.83         0.51         0.33         0.38         0.86         0.07         0.04         0.00
    432000      9     13
        0.63         0.78         0.69         0.37         0.35         0.43         0.70         0.20         0.42
        0.67         0.46         0.90         0.30         0.28         0.47         0.29         0.52         0.45
        0.25         0.27         0.51         0.39         0.29         0.39         0.60         0.77         0.47
        0.12         1.11         0.60         0.62         0.33         0.48         0.58         0.60         0.68
        0.20         0.59         0.53         0.65         0.28         0.21         0.28         0.76         0.58
        0.07         0.29         1.00         0.45         0.50         0.76         0.46         0.58         0.53
        0.58         0.33         0.40         0.53         0.29         0.70         0.64         0.73         0.63
        0.34         0.16         0.59         0.32         0.73         0.25         0.19         0.57         0.38
        0.36         0.43         0.58         0.60         0.21         0.51         0.47         0.39         0.50
        0.24         0.13         0.46         0.64         0.33         0.12         0.23         0.20         0.15
        0.31         0.31         0.56         0.42         0.21         0.42         0.44         0.09         0.47
        0.03         0.28         0.45         0.88         0.27         0.23         0.25         0.04         0.17
        0.43         0.46         0.65         0.71         0.55         0.60         0.14         0.20         0.30
    518400      9     13
        0.15         0.34         0.80         0.64         0.54         0.64         1.17         0.60         0.22
        0.50         0.38         0.35         0.38         0.61         0.55         0.79         0.30         0.11
        0.40         0.37         0.54         0.17         0.17         0.83         0.38         0.22         0.31
        0.27         0.63         0.47         0.38         0.30         0.82         0.36         0.29         0.50
        0.50         0.43         0.46         0.42         0.54         0.47         0.77         0.35         0.51
        0.17         0.46         0.57         0.69         0.36         0.35         0.22         0.23         0.69
        0.48         0.51         0.21         0.68         0.48         0.47         0.34         0.21         0.43
        0.16         0.25         0.60         0.27         0.19         0.33         0.08         0.27         0.08
        0.34         0.56         0.31         0.41         0.09         0.44         0.50         0.30         0.24
        0.28         0.27         0.38         0.59         0.56         0.47         0.35         0.15         0.41
        0.38         0.55         0.47         0.56         0.54         0.49         0.61         0.19         0.87
        0.12         0.27         0.56         0.35         0.20         0.51         0.19         0.25         0.25
        0.22         0.33         0.52         0.61         0.67         1.21         0.19         0.18         0.50
    604800      9     13
        0.23         0.16         0.10         0.19         0.16         0.18         0.22         0.32         0.19
        0.24         0.18         0.26         0.23         0.24         0.07         0.24         0.19         0.16
        0.21         0.15         0.32         0.15         0.07         0.13         0.17         0.35         0.23
        0.08         0.17         0.35         0.47         0.18         0.26         0.30         0.13         0.16
        0.24         0.25         0.25         0.45         0.37         0.34         0.33         0.25         0.47
        0.37         0.33         0.44         0.35         0.33         0.23         0.35         0.15         0.25
        0.17         0.33         0.19         0.19         0.20         0.31         0.53         0.31         0.28
        0.30         0.29         0.13         0.40         0.42         0.14         0.44         0.30         0.14
        0.06         0.55         0.77         0.42         0.34         0.28         0.44         0.19         0.27
        0.26         0.48         0.27         0.24         0.12         0.28         0.47         0.43         0.28
        0.13         0.22         0.29         0.17         0.10         0.28         0.32         0.22         0.30
        0.09         0.11         0.30         0.53         0.35         0.39         0.23         0.13         0.22
        0.28         0.16         0.41         0.50         0.42         0.92         0.27         0.17         0.15
    691200      9     13
        0.37         0.23         0.40         0.38         0.12         0.13         0.21         0.21         0.27
        0.20         0.50         0.48         0.20         0.26         0.12         0.13         0.12         0.09
        0.17         0.09         0.22         0.28         0.16         0.17         0.24         0.54         0.21
        0.06         0.21         0.74         1.01         0.51         0.35         0.16         0.31         0.52
        0.19         0.31         0.25         0.81         0.56         0.34         0.29         0.62         0.52
        0.25         0.13         0.37         0.53         0.48         0.23         0.20         0.50         0.36
        0.08         0.71         0.14         0.27         0.43         0.11         0.18         0.33         0.35
        0.50         0.20         0.37         0.19         0.28         0.02         0.13         0.13         0.32
        0.13         0.14         0.46         0.36         0.08         0.01         0.12         0.21         0.12
        0.27         0.60         0.04         0.49         0.07         0.08         0.07         0.33         0.33
        0.34         0.42         0.27         0.16         0.10         0.08         0.11         0.12         0.48
        0.18         0.60         0.79         0.34         0.29         0.20         0.21         0.27         0.30
        0.07         0.14         0.28         0.39         0.49         1.21         0.36         0.20         0.40
    777600      9     13
        0.03         0.04         0.13         0.20         0.18         0.08         0.21         0.49         0.20
        0.06         0.06         0.11         0.15         0.16         0.08         0.09         0.27         0.08
        0.09         0.06         0.17         0.14         0.07         0.09         0.40         0.24         0.22
        0.06         0.32         0.80         1.16         0.67         0.24         0.26         0.24         0.61
        0.15         0.37         0.27         1.11         1.21         0.17         0.35         0.56         0.94
        0.54         0.46         0.18         0.48         1.11         0.27         0.36         0.42         1.06
        0.09         0.33         0.11         0.30         0.38         0.12         0.21         0.22         1.21
        0.31         0.09         0.29         0.06         0.14         0.07         0.06         0.14         0.61
        0.13         0.14         0.29         0.15         0.07         0.04         0.05         0.10         0.45
        0.23         0.14         0.27         0.06         0.08         0.04         0.06         0.10         0.06
        0.05         0.03         0.10         0.18         0.08         0.06         0.03         0.06         0.06
        0.02         0.10         0.18         0.34         0.20         0.09         0.26         0.22         0.11
        0.13         0.18         0.22         0.27         0.21         0.92         0.28         0.07         0.08
    864000      9     13
        0.71         0.59         0.75         0.54         0.47         0.55         0.64         0.95         1.05
        0.52         0.44         0.35         0.62         0.58         0.52         0.42         0.33         0.74
        0.32         0.09         0.61         0.49         0.54         0.31         0.43         0.56         0.59
        0.15         0.25         0.45         0.77         0.32         0.27         0.43         0.47         0.60
        0.31         0.53         0.19         1.21         0.93         0.14         0.31         0.26         0.66
        0.36         0.49         0.38         0.56         0.64         0.18         0.38         0.58         0.89
        0.18         0.40         0.24         0.29         0.28         0.17         0.50         0.73         0.92
        0.23         0.13         0.29         0.06         0.14         0.09         0.03         0.37         0.35
        0.15         0.10         0.33         0.09         0.06         0.02         0.28         0.60         0.36
        0.24         0.23         0.19         0.14         0.11         0.26         0.04         0.09         0.11
        0.09         0.10         0.16         0.15         0.07         0.07         0.02         0.06         0.15
        0.07         0.17         0.40         0.21         0.13         0.11         0.16         0.09         0.07
        0.29         0.32         0.15         0.12         0.19         0.83         0.18         0.06         0.02
    950400      9     13
        0.58         0.58         0.58         0.38         0.36         0.42         0.40         0.74         1.13
        0.91         0.72         0.88         0.45         0.60         0.45         0.70         1.01         1.21
        0.84         1.03         0.88         0.60         0.44         0.47         0.82         1.83         0.97
        0.43         1.08         0.75         1.27         0.39         0.34         0.98         1.19         1.00
        0.39         0.83         0.49         0.71         0.69         0.39         0.77         0.78         0.95
        0.54         0.39         0.51         0.67         0.58         0.19         0.33         0.84         0.81
        0.26         0.65         0.62         0.38         0.32         0.27         0.61         0.66         0.69
        0.79         0.28         0.45         0.43         0.58         0.36         0.57         0.71         0.73
        0.63         0.86         1.38         0.97         0.25         0.36         0.25         0.36         0.32
        0.71         0.68         0.81         0.50         0.11         0.57         0.41         0.54         0.45
        0.44         0.59         0.61         0.40         0.08         0.21         0.22         0.69         0.60
        0.33         0.66         1.09         0.71         0.19         0.46         0.15         0.22         0.15
        0.42         1.13         1.06         1.02         0.25         1.40         0.38         0.16         0.37
   1036800      9     13
        0.14         0.05         0.08         0.07         0.12         0.07         0.10         0.18         0.11
        0.41         0.58         0.08         0.07         0.05         0.10         0.09         0.11         0.22
        0.41         0.34         0.30         0.09         0.15         0.28         0.12         0.15         0.20
        0.25         0.14         0.71         0.20         0.47         0.61         0.21         0.22         0.53
        0.06         0.40         0.72         0.69         0.50         0.66         0.62         0.89         0.79
        0.15         0.30         0.90         0.51         0.64         0.57         0.85         1.33         1.79
        0.68         0.62         0.50         0.89         0.33         1.16         1.27         1.40         1.25
        0.48         0.62         0.65         0.47         0.51         0.60         0.99         1.26         0.91
        0.54         0.60         0.64         0.57         0.21         0.57         1.26         0.78         0.74
        0.38         0.42         0.41         0.46         0.68         1.16         1.60         0.93         0.63
        0.55         0.69         0.76         0.37         0.51         0.68         0.74         1.00         0.98
        0.53         0.82         1.39         0.88         0.10         0.29         0.59         1.00         1.20
        1.71         1.36         1.07         0.73         0.42         1.67         0.59         0.61         0.93
   1123200      9     13
        0.26         0.41         0.36         0.28         0.15         0.33         0.11         0.56         0.65
        0.23         0.17         0.38         0.18         0.33         0.13         0.11         0.21         0.31
        0.28         0.51         0.24         0.11         0.13         0.13         0.14         0.16         0.51
        0.30         0.20         0.39         0.13         0.26         0.16         0.19         0.34         0.35
        0.32         0.09         0.29         0.36         0.33         0.26         0.38         0.28         0.49
        0.33         0.46         0.60         0.47         1.23         0.44         0.49         0.46         1.01
        0.57         0.41         0.71         0.48         0.78         0.86         1.00         0.64         1.37
        0.34         0.50         1.14         0.42         0.76         0.61         0.56         0.57         0.79
        0.73         0.70         0.41         0.65         0.47         1.73         1.53         1.00         0.80
        0.43         0.46         0.40         0.31         1.07         0.46         0.99         0.76         2.06
        0.12         0.66         0.94         0.64         0.54         0.55         1.72         0.95         0.87
        0.59         0.35         0.50         0.58         0.32         0.64         0.99         0.77         0.76
        0.73         1.00         0.60         0.61         0.67         1.88         0.54         1.22         1.52
   1209600      9     13
        0.24         0.52         0.51         0.32         0.46         0.25         0.65         0.50         0.40
        0.34         0.54         0.30         0.41         0.29         0.45         0.25         0.41         0.53
        0.20         0.24         0.28         0.34         0.81         0.34         0.17         0.30         1.34
        1.04         0.14         0.79         0.21         0.89         0.22         0.51         0.62         0.62
        0.58         0.11         0.37         0.22         0.51         0.54         0.27         0.32         0.57
        0.24         0.30         0.22         0.38         0.58         0.37         0.27         0.24         0.43
        0.70         0.22         0.34         0.22         0.69         0.66         0.21         0.26         0.32
        0.32         0.28         1.49         0.30         0.19         0.11         0.35         0.22         0.50
        0.54         0.70         0.38         0.87         0.39         0.66         0.20         0.76         0.54
        0.32         0.25         0.26         0.23         0.52         0.11         0.25         0.49         0.73
        0.58         0.43         0.23         0.44         0.56         0.34         0.84         0.13         0.47
        0.29         0.62         0.34         0.26         0.69         0.57         1.20         0.66         0.31
        0.33         0.68         0.52         0.73         0.55         1.47         0.48         0.77         0.67