         0      9     13
        1.02         0.74         0.44         0.47         0.44         0.37         0.16         0.66         0.65
        0.45         0.65         0.22         0.43         0.34         0.30         0.50         1.18         0.50
        0.44         0.43         0.36         0.37         0.53         0.14         0.25         0.78         0.75
        0.27         0.11         0.33         0.07         0.48         0.12         0.48         0.56         0.56
        0.35         0.24         0.16         0.35         0.82         0.29         0.16         0.18         0.34
        0.88         0.61         0.22         0.34         0.84         0.19         0.37         0.45         0.39
        0.75         0.49         0.60         0.37         0.21         0.24         0.46         0.49         0.48
        0.76         1.15         0.82         0.20         0.29         0.52         0.77         0.71         0.52
        0.64         0.29         0.70         0.26         0.16         0.27         0.41         0.52         0.52
        0.40         0.68         0.73         0.64         0.19         0.41         0.49         0.40         0.67
        0.48         0.66         0.73         0.33         0.44         0.34         0.26         0.29         0.17
        0.96         0.33         0.37         0.12         0.10         0.44         0.14         0.18         0.20
        0.79         0.45         0.77         0.54         0.60         0.08         0.12         0.24         0.18
     86400      9     13
        0.14         0.30         0.23         0.16         0.11         0.51         0.18         0.16         0.05
        0.25         0.41         0.17         0.36         0.31         0.28         0.16         0.14         0.23
        0.39         0.19         0.20         0.16         0.30         0.17         0.13         0.24         0.42
        0.49         0.10         0.52         0.26         0.38         0.24         0.28         0.40         0.38
        0.61         0.12         0.11         0.19         0.46         0.38         0.35         0.32         0.25
        0.09         0.47         0.18         0.25         0.57         0.37         0.34         0.36         0.32
        0.47         0.28         0.36         0.25         0.31         0.12         0.17         0.33         0.31
        0.63         0.31         0.23         0.21         0.16         0.16         0.44         0.37         0.37
        0.53         0.43         0.14         0.77         0.27         0.28         0.14         0.33         0.13
        0.22         0.36         0.54         0.28         0.27         0.06         0.25         0.27         0.25
        0.41         0.35         0.48         0.32         0.36         0.21         0.49         0.25         0.39
        0.30         0.61         0.27         0.69         0.18         0.39         0.47         0.40         0.48
        0.43         0.21         0.40         0.15         0.71         0.39         0.25         0.73         0.91
    172800      9     13
        0.22         0.35         0.46         0.18         0.17         0.34         0.51         0.48         0.28
        0.63         0.18         0.19         0.11         0.27         0.35         0.51         0.34         0.47
        0.44         0.46         0.68         0.15         0.18         0.38         0.14         0.27         0.62
        0.27         0.61         0.76         0.53         0.28         0.15         0.42         0.42         0.67
        0.20         0.19         0.41         0.30         0.45         0.52         0.74         0.38         0.36
        0.16         0.40         0.76         0.46         0.69         0.46         0.75         0.56         0.49
        0.43         0.17         0.49         0.60         0.24         0.40         0.43         0.48         0.82
        0.17         0.44         0.52         0.08         0.23         0.21         0.32         0.49         0.33
        0.12         0.18         0.42         0.51         0.21         0.43         0.33         0.36         0.47
        0.15         0.09         0.16         0.37         0.29         0.38         0.33         0.36         0.60
        0.23         0.27         0.27         0.20         0.15         0.21         0.29         0.14         0.47
        0.71         0.26         0.26         0.45         0.24         0.19         0.45         0.35         0.40
        0.77         0.92         0.47         0.50         0.27         0.99         0.29         0.33         0.20
    259200      9     13
        0.39         0.44         0.74         0.65         1.07         0.43         0.35         0.47         1.11
        0.64         0.40         0.37         0.32         0.27         0.24         0.57         0.75         0.65
        0.56         0.36         0.54         0.26         0.39         0.42         0.70         0.96         0.65
        0.17         0.54         0.36         0.35         0.46         0.84         0.43         0.57         1.00
        0.15         0.16         0.47         0.79         0.56         0.64         0.52         0.55         0.96
        0.16         0.31         0.60         0.94         0.47         0.63         1.11         0.47         0.83
        0.26         0.55         0.32         0.88         0.53         0.44         0.75         1.17         1.42
        0.38         0.40         0.23         0.46         0.54         0.77         1.11         1.29         0.87
        0.34         0.53         0.72         0.44         0.33         0.38         0.74         1.09         1.54
        0.40         0.73         0.65         0.22         0.13         0.43         0.65         0.91         0.99
        0.60         0.88         0.70         0.18         0.32         0.46         0.55         0.70         0.61
        0.60         0.63         0.49         0.44         0.45         0.41         0.57         0.99         0.67
        0.87         1.18         0.95         0.93         0.48         0.82         0.60         0.91         0.84
    345600      9     13
        0.95         0.60         0.87         0.58         0.84         0.40         0.69         1.11         1.39
        0.75         0.46         0.43         0.40         0.46         0.41         0.50         0.99         1.45
        0.86         0.64         0.52         0.60         0.41         0.33         0.41         1.00         0.82
        0.19         0.99         0.36         0.62         0.28         0.97         0.89         1.11         0.97
        0.28         0.63         0.51         1.18         0.73         0.32         0.47         0.40         0.88
        0.29         0.46         0.46         0.99         0.61         0.44         0.45         0.57         0.88
        0.35         0.42         0.45         0.50         0.48         0.30         0.85         0.31         0.72
        0.36         0.27         0.32         0.52         0.49         0.25         0.35         0.58         0.23
        0.31         0.17         0.91         0.28         0.23         0.27         0.37         0.24         0.37
        0.66         0.72         0.95         0.26         0.13         1.04         0.23         0.44         0.40
        0.28         0.39         0.24         0.30         0.13         0.55         0.67         0.43         0.54
        0.36         0.37         0.22         0.36         0.31         0.62         0.37         0.92         0.78
        0.56         0.51         1.10         0.60         0.64         0.90         0.26         0.40         0.49
    432000      9     13
        0.24         0.12         0.23         0.36         0.31         0.33         0.41         0.21         0.09
        0.35         0.33         0.27         0.12         0.15         0.18         0.12         0.35         0.06
        0.49         0.35         0.31         0.14         0.23         0.14         0.15         0.24         0.42
        0.21         0.48         0.35         0.24         0.29         0.46         0.20         0.41         0.52
        0.33         0.42         0.39         1.11         0.21         0.28         0.18         0.32         0.35
        0.19         0.20         0.66         0.70         0.33         0.35         0.17         0.14         0.14
        0.24         0.52         0.47         0.53         0.23         0.30         0.47         0.12         0.12
        0.60         0.57         0.41         0.45         0.30         0.20         0.49         0.16         0.18
        0.65         0.55         1.21         0.47         0.32         0.81         0.19         0.20         0.14
        0.30         0.50         0.57         0.47         0.38         0.63         0.36         0.37         0.32
        0.21         0.36         0.17         0.12         0.10         0.20         0.24         0.70         0.61
        0.09         0.33         0.28         0.40         0.15         0.30         0.43         0.56         0.97
        0.44         0.45         0.58         0.65         0.72         1.30         0.27         0.13         0.18
    518400      9     13
        0.86         0.78         1.04         1.19         1.24         1.15         1.10         1.06         1.10
        0.62         0.98         0.99         1.83         1.52         1.23         1.22         1.07         1.04
        0.86         0.63         0.87         1.67         1.64         3.26         1.20         1.88         1.06
        0.35         0.43         0.77         1.08         2.39         3.02         3.20         1.93         0.96
        0.25         0.27         0.39         0.69         1.76         1.34         1.56         1.40         1.56
        0.14         0.12         0.39         0.84         1.23         0.72         0.97         1.25         1.34
        0.09         0.17         0.12         0.39         0.57         0.48         0.59         0.77         0.96
        0.08         0.26         0.25         0.54         0.42         0.29         0.19         0.42         0.56
        0.21         0.16         0.97         0.47         0.15         0.40         0.19         0.24         0.31
        0.45         0.38         0.32         0.13         0.12         0.09         0.22         0.15         0.30
        0.46         0.50         0.25         0.33         0.06         0.13         0.20         0.22         0.20
        0.41         0.54         0.74         1.45         0.42         0.17         0.36         0.39         0.46
        0.54         0.63         0.94         1.04         0.69         0.88         0.23         0.11         0.15
    604800      9     13
        1.50         1.71         0.93         0.85         0.87         0.42         0.50         0.77         0.75
        1.53         1.24         1.08         0.63         0.71         0.59         0.47         0.69         0.59
        1.50         1.34         2.24         2.13         1.28         0.71         0.61         0.52         0.59
        1.46         1.65         2.18         1.58         3.36         1.35         0.84         0.43         0.60
        1.14         1.18         1.41         1.46         1.71         1.55         1.23         0.67         0.41
        1.54         0.97         0.97         1.22         1.71         1.10         1.15         0.96         0.73
        1.00         0.92         0.98         1.03         0.86         0.87         1.26         1.76         1.30
        1.33         1.51         0.96         0.73         0.95         0.74         1.35         1.08         1.15
        1.18         0.92         1.37         0.88         0.62         0.80         1.01         1.21         1.02
        1.46         1.29         1.13         0.78         0.87         1.04         0.84         0.97         1.02
        1.48         1.05         0.93         0.77         0.60         0.72         0.87         1.14         0.86
        1.06         1.31         1.02         0.82         0.64         0.75         0.60         0.84         1.12
        2.00         1.18         0.73         0.91         0.72         1.10         0.62         0.70         1.20
    691200      9     13
        0.42         0.31         0.72         0.26         0.73         0.56         0.10         0.17         0.64
        0.46         0.41         0.50         0.67         0.31         0.58         0.21         0.26         0.47
        0.46         0.58         0.52         0.47         0.81         0.34         0.44         0.28         0.77
        0.97         0.23         0.50         0.18         0.90         0.22         0.53         0.15         1.01
        0.69         0.26         0.19         0.54         0.51         0.22         0.16         0.33         0.56
        0.21         0.94         0.36         0.57         0.80         0.23         0.38         0.12         0.26
        0.58         0.71         0.28         0.24         0.41         0.29         0.33         0.29         0.50
        1.63         0.45         0.26         0.76         0.22         0.27         0.50         0.59         0.47
        0.82         0.65         0.31         0.52         0.26         0.38         0.66         0.53         0.35
        0.52         0.30         0.38         0.44         0.59         0.36         0.34         0.59         0.27
        0.24         0.38         0.60         0.72         0.30         0.66         0.43         0.77         0.36
        0.31         0.74         0.17         0.60         0.93         0.33         0.64         0.37         0.67
        0.81         0.58         0.49         0.54         0.84         0.60         0.68         0.82         1.37
    777600      9     13
        0.73         0.95         0.89         0.75         0.24         0.62         0.26         0.13         0.18
        0.65         1.31         0.51         0.78         0.19         0.25         0.42         0.44         0.40
        0.65         0.86         0.32         0.64         0.41         0.23         0.20         0.30         0.29
        0.54         0.40         0.79         0.48         1.17         0.43         0.66         0.64         0.81
        0.51         0.67         0.94         0.51         0.96         0.73         1.09         0.69         0.64
        0.38         0.44         1.20         0.64         0.86         0.71         0.93         0.61         1.00
        0.56         0.37         0.71         0.61         0.55         0.88         0.96         1.01         1.37
        0.48         0.29         0.50         0.36         0.66         0.65         0.88         0.67         0.71
        0.16         0.34         0.37         0.35         0.39         0.23         0.40         0.45         0.69
        0.20         0.48         0.43         0.26         0.60         0.23         0.69         0.58         0.77
        0.40         0.57         0.43         0.39         0.52         0.58         0.46         1.27         0.66
        0.75         0.87         0.56         0.72         0.34         0.30         0.57         1.54         1.04
        0.93         0.16         1.08         0.96         0.75         0.30         0.41         0.32         0.96
    864000      9     13
        1.48         1.45         0.98         0.90         0.34         0.84         0.55         1.15         0.59
        1.02         1.27         0.91         1.29         0.67         0.29         0.70         0.77         0.96
        1.90         0.92         0.65         0.36         0.63         0.14         0.43         0.79         0.63
        0.95         0.60         0.70         0.37         0.38         0.27         1.13         0.81         0.86
        0.80         0.69         0.58         0.59         0.42         0.23         0.73         0.84         1.01
        1.03         0.87         0.38         1.03         0.31         0.34         0.94         0.80         0.91
        1.25         0.77         0.38         0.62         0.47         0.60         0.98         0.52         0.77
        1.00         0.78         0.82         0.56         0.53         0.45         0.88         1.02         0.61
        1.19         1.31         1.17         0.47         0.27         0.59         0.89         1.07         1.10
        0.55         0.83         1.39         0.89         0.36         0.54         0.56         0.80         0.75
        0.60         0.69         1.17         0.63         0.30         0.62         0.21         0.94         0.71
        0.91         1.14         1.09         1.11         0.50         0.59         0.20         0.46         0.45
        0.85         1.37         0.85         0.75         0.84         0.58         0.28         0.30         0.69
    950400      9     13
        0.44         0.33         0.35         0.24         0.24         0.25         0.08         0.24         0.20
        0.30         0.41         0.16         0.42         0.30         0.04         0.17         0.12         0.44
        0.21         0.39         0.35         0.20         0.51         0.08         0.09         0.16         0.48
        0.68         0.18         0.35         0.12         0.28         0.08         0.13         0.25         0.19
        0.61         0.22         0.31         0.12         0.16         0.09         0.35         0.41         0.17
        0.25         0.17         0.20         0.17         0.03         0.17         0.38         0.92         0.56
        0.28         0.38         0.22         0.03         0.03         0.22         0.36         0.62         0.65
        0.45         0.45         0.40         0.07         0.06         0.22         0.48         0.52         0.85
        0.36         0.51         0.43         0.24         0.04         0.22         0.48         0.36         0.63
        0.23         0.76         0.49         0.56         0.13         0.32         0.52         0.31         0.22
        0.27         0.58         0.67         0.39         0.21         0.25         0.19         0.52         0.81
        0.60         0.39         0.72         0.41         0.19         0.61         0.14         0.71         0.66
        0.51         0.52         0.70         0.20         0.53         0.37         0.32         0.31         0.78
   1036800      9     13
        0.27         0.25         0.33         0.13         0.08         0.31         0.09         0.23         0.14
        0.05         0.31         0.11         0.15         0.35         0.08         0.12         0.28         0.25
        0.23         0.22         0.16         0.37         0.14         0.09         0.10         0.28         0.49
        0.23         0.09         0.31         0.08         0.23         0.11         0.16         0.40         0.29
        0.19         0.13         0.19         0.26         0.26         0.20         0.25         0.34         0.30
        0.18         0.21         0.21         0.30         0.05         0.16         0.62         0.39         0.46
        0.31         0.13         0.16         0.04         0.06         0.22         0.89         0.81         0.92
        0.82         0.30         0.20         0.32         0.08         0.15         0.57         1.19         0.96
        0.45         0.53         0.27         0.19         0.19         0.36         0.79         0.93         0.66
        0.94         0.66         0.82         0.38         0.12         0.45         0.41         0.98         0.43
        0.54         0.34         0.94         0.34         0.33         0.42         0.15         0.73         0.51
        1.06         1.26         0.30         0.32         0.57         0.44         0.21         0.39         0.33
        0.96         0.68         0.63         0.17         0.97         0.42         0.76         0.36         0.54
   1123200      9     13
        0.09         0.07         0.16         0.11         0.12         0.09         0.11         0.10         0.10
        0.14         0.25         0.10         0.22         0.15         0.08         0.22         0.15         0.07
        0.07         0.11         0.12         0.14         0.13         0.04         0.10         0.08         0.27
        0.18         0.07         0.15         0.08         0.18         0.11         0.05         0.17         0.19
        0.18         0.11         0.18         0.17         0.35         0.12         0.09         0.10         0.14
        0.26         0.30         0.21         0.21         0.19         0.19         0.17         0.12         0.20
        0.94         0.40         0.23         0.39         0.07         0.33         0.29         0.19         0.57
        0.41         0.31         0.19         0.14         0.21         0.35         0.74         0.36         0.61
        0.44         0.56         0.33         0.13         0.12         0.33         0.69         0.66         0.42
        0.67         1.02         0.59         0.23         0.12         0.35         0.39         0.77         0.43
        0.98         0.54         0.73         0.34         0.31         0.31         0.26         0.70         0.26
        0.51         0.66         0.87         1.08         0.55         0.35         0.16         0.51         0.49
        1.14         0.23         1.08         0.51         0.61         0.23         0.29         0.16         0.98
   1209600      9     13
        0.11         0.28         0.08         0.04         0.08         0.10         0.06         0.10         0.05
        0.13         0.10         0.06         0.08         0.05         0.08         0.05         0.06         0.11
        0.07         0.07         0.11         0.06         0.16         0.05         0.05         0.04         0.20
        0.13         0.04         0.12         0.04         0.18         0.10         0.05         0.05         0.12
        0.11         0.06         0.18         0.10         0.13         0.06         0.09         0.12         0.07
        0.08         0.08         0.11         0.11         0.08         0.13         0.09         0.10         0.23
        0.11         0.23         0.09         0.06         0.04         0.11         0.12         0.11         0.12
        0.15         0.14         0.13         0.06         0.06         0.12         0.09         0.09         0.23
        0.10         0.12         0.08         0.06         0.04         0.16         0.12         0.10         0.11
        0.06         0.21         0.17         0.11         0.07         0.10         0.19         0.21         0.13
        0.13         0.26         0.20         0.15         0.09         0.12         0.09         0.23         0.09
        0.20         0.20         0.17         0.15         0.17         0.18         0.11         0.29         0.21
        0.20         0.10         0.11         0.07         0.25         0.09         0.32         0.18         0.19