         0      9     13
        0.81         0.97         1.37         1.42         1.01         1.02         2.31         2.37         2.02
        1.01         0.94         1.15         1.23         1.31         1.38         1.17         1.92         1.43
        0.73         0.91         1.27         1.31         1.28         0.89         1.31         1.64         1.02
        0.97         0.88         1.70         1.73         1.25         0.89         1.08         1.25         1.38
        0.69         0.75         1.37         1.62         1.46         0.81         1.17         1.18         1.43
        0.67         0.72         1.12         1.08         1.07         0.95         0.85         1.30         1.20
        0.51         0.80         0.58         0.91         0.90         0.69         0.75         0.78         0.81
        0.72         0.56         0.61         0.51         0.52         0.50         0.58         0.78         0.94
        0.67         0.59         0.68         0.68         0.46         0.40         0.51         0.86         0.80
        0.63         0.95         0.80         0.89         0.45         0.45         0.40         0.53         0.55
        0.93         0.76         0.60         0.39         0.21         0.20         0.24         0.52         0.68
        0.82         0.77         0.86         0.69         0.36         0.24         0.20         0.43         0.20
        0.67         0.90         1.08         1.08         0.69         1.49         0.23         0.13         0.50
     86400      9     13
        1.15         0.45         0.51         0.19         0.24         0.46         0.61         0.55         0.73
        0.70         0.43         0.21         0.20         0.50         0.25         0.61         0.67         0.34
        0.46         0.22         0.33         0.26         0.25         0.36         0.57         0.57         0.19
        0.34         0.68         0.30         1.09         0.39         0.41         0.26         0.43         0.50
        0.36         0.46         0.33         1.29         0.76         0.36         0.33         0.72         0.81
        0.28         0.65         0.20         0.43         1.12         0.37         0.37         1.05         0.78
        0.63         0.78         0.56         0.82         0.78         0.19         0.40         0.31         1.22
        0.49         0.25         0.34         0.75         0.37         0.22         0.18         0.64         0.47
        0.74         0.75         0.98         0.79         0.46         0.19         0.47         0.40         0.43
        0.19         0.49         0.47         0.73         0.77         0.54         0.30         0.35         0.77
        0.23         0.27         0.65         0.37         0.43         0.75         0.27         0.22         0.41
        0.39         0.47         1.05         1.07         0.73         0.59         0.23         0.18         0.39
        0.22         0.37         0.50         1.04         0.88         1.22         0.43         0.67         0.73
    172800      9     13
        0.57         0.43         0.20         0.17         0.12         0.09         0.08         0.47         0.48
        0.56         0.41         0.24         0.43         0.21         0.07         0.13         0.46         0.20
        0.24         0.08         0.15         0.26         0.11         0.05         0.86         0.53         0.10
        0.06         0.28         0.56         2.12         0.51         0.39         0.08         0.10         0.60
        0.23         0.38         0.43         0.95         1.01         0.89         0.12         0.35         0.83
        0.20         0.31         0.46         0.59         0.89         0.52         0.12         0.17         0.61
        0.29         0.52         0.23         0.25         0.22         0.19         0.07         0.10         0.62
        0.15         0.10         0.61         0.22         0.17         0.09         0.04         0.08         0.22
        0.07         0.17         0.20         0.21         0.11         0.05         0.04         0.14         0.38
        0.02         0.05         0.07         0.05         0.13         0.04         0.05         0.05         0.14
        0.02         0.06         0.21         0.15         0.09         0.07         0.04         0.05         0.23
        0.01         0.07         0.18         0.30         0.26         0.26         0.21         0.09         0.03
        0.04         0.32         0.39         0.74         0.77         1.26         0.37         0.17         0.11
    259200      9     13
        0.42         0.14         0.17         0.15         0.26         0.21         0.26         0.75         0.72
        0.18         0.19         0.29         0.23         0.22         0.11         0.48         0.56         0.24
        0.39         0.14         0.21         0.21         0.06         0.08         0.49         0.44         0.11
        0.13         0.57         0.83         1.39         0.65         0.25         0.14         0.07         0.46
        0.11         0.28         0.50         1.12         1.07         0.24         0.13         0.53         1.02
        0.14         0.40         0.15         0.35         0.75         0.22         0.14         0.73         1.18
        0.15         0.62         0.16         0.28         0.77         0.25         0.22         0.33         1.19
        0.52         0.13         0.76         0.42         0.33         0.29         0.28         0.45         0.78
        0.16         0.42         0.56         0.53         0.21         0.21         0.23         0.61         0.51
        0.26         0.48         0.58         0.41         0.10         0.08         0.07         0.28         0.44
        0.24         0.49         0.75         0.32         0.10         0.21         0.16         0.23         0.48
        0.74         0.58         0.93         0.42         0.18         0.25         0.35         0.35         0.26
        0.60         0.80         0.74         0.88         0.41         1.25         0.42         0.42         0.29
    345600      9     13
        0.60         0.90         0.56         0.81         0.59         0.45         0.64         0.84         1.18
        1.14         1.18         0.50         0.66         0.75         0.64         0.64         0.82         0.43
        1.13         0.56         0.81         0.81         0.27         0.79         0.72         0.61         0.70
        0.48         1.34         0.84         1.17         1.11         0.43         0.85         0.88         1.13
        0.23         0.51         0.74         0.85         1.05         0.50         1.10         1.44         1.10
        0.74         0.69         0.58         0.97         1.00         0.68         1.05         1.14         0.79
        0.31         0.69         0.36         0.81         0.46         0.76         1.03         0.65         1.00
        0.56         0.35         0.45         0.39         0.47         0.41         0.61         0.49         1.08
        0.35         0.38         0.74         0.55         0.24         0.46         0.49         0.43         0.75
        0.37         0.46         0.51         0.40         0.44         0.74         0.57         0.79         0.82
        0.49         0.59         0.75         0.27         0.28         0.47         0.27         0.85         0.40
        0.19         0.68         0.47         0.28         0.27         0.30         0.42         0.32         0.76
        0.45         0.37         0.47         0.53         0.27         1.04         0.35         0.34         1.34
    432000      9     13
        0.90         1.21         1.50         1.10         0.79         0.87         1.28         1.44         1.61
        1.31         1.71         1.44         1.15         1.30         1.34         1.25         1.09         1.40
        1.21         1.81         0.96         0.75         1.20         0.96         1.18         1.38         0.81
        0.66         1.75         1.01         1.64         1.24         1.11         1.39         1.03         1.07
        0.56         1.12         0.82         1.27         2.17         1.01         1.44         0.92         1.67
        0.87         0.90         0.94         1.45         1.58         0.79         0.94         1.60         1.52
        0.50         0.63         0.81         0.87         0.92         0.57         1.68         1.83         2.04
        0.66         0.53         0.52         1.02         0.78         0.69         0.84         1.60         1.81
        0.75         1.07         1.54         1.21         0.49         0.83         0.90         1.11         1.10
        0.61         0.58         0.98         0.67         0.49         0.98         0.55         0.73         0.79
        0.67         0.80         0.67         0.36         0.21         0.11         0.32         0.86         1.10
        0.60         0.46         0.98         0.71         0.27         0.36         0.34         0.46         0.60
        1.02         0.89         0.75         1.07         0.75         0.98         0.53         0.54         0.86
    518400      9     13
        1.97         1.32         1.06         1.22         0.67         0.71         0.58         0.47         0.77
        1.81         1.65         1.70         1.41         1.02         0.65         0.54         0.50         0.91
        1.95         1.68         1.19         1.22         1.16         0.82         0.46         0.95         0.64
        0.68         2.08         1.60         1.51         1.24         0.81         0.65         0.74         0.80
        0.82         1.17         1.16         2.03         2.46         0.90         0.64         0.82         0.88
        0.68         0.82         1.16         1.75         2.00         0.92         0.92         1.26         1.14
        0.91         1.14         0.92         1.27         1.27         0.64         1.39         0.98         1.11
        1.05         0.87         1.31         1.08         1.03         0.78         0.87         0.86         0.94
        0.78         1.00         1.58         1.04         0.86         0.44         0.46         1.13         1.62
        0.84         1.12         1.03         1.43         0.98         0.77         0.68         0.76         0.96
        0.86         1.07         1.08         0.93         0.94         0.59         0.58         0.63         0.79
        0.53         0.67         1.32         1.33         0.89         0.54         0.80         0.62         0.71
        0.22         0.49         1.38         1.45         0.63         1.06         0.19         0.26         0.51
    604800      9     13
        1.12         0.97         0.80         0.35         0.57         0.51         0.54         0.55         0.85
        0.63         1.20         0.56         0.83         0.55         0.42         0.53         0.40         0.34
        0.93         1.04         0.81         0.68         0.91         0.41         0.37         0.48         0.49
        0.50         1.37         1.01         1.06         0.56         0.20         0.61         0.21         0.61
        0.63         0.88         0.77         1.10         1.58         0.44         0.85         0.61         0.56
        1.13         1.19         0.70         0.81         0.80         0.54         1.03         1.22         0.74
        1.25         1.09         0.58         0.94         0.58         0.66         1.22         0.90         1.72
        0.63         0.47         0.56         0.49         0.52         0.26         0.85         1.30         1.17
        0.77         0.52         0.90         0.59         0.58         0.32         0.51         0.66         0.94
        0.93         0.79         0.75         0.57         0.44         1.18         0.87         0.46         0.56
        0.86         0.63         0.61         0.67         0.64         0.38         0.29         0.70         0.63
        0.45         0.80         1.41         0.94         0.59         0.41         0.50         0.61         0.57
        0.37         0.74         1.25         1.37         0.75         1.39         0.28         0.57         0.38
    691200      9     13
        1.31         1.45         1.12         0.37         0.91         0.43         1.21         0.58         1.08
        1.05         0.86         0.54         0.80         0.86         0.55         0.66         0.94         0.50
        0.78         0.49         1.18         0.77         0.80         1.04         1.12         0.43         0.72
        0.46         1.02         1.60         2.18         1.76         1.20         1.06         0.38         1.06
        0.77         0.68         0.64         1.75         1.69         1.42         0.72         0.56         0.89
        0.83         0.67         0.51         0.62         1.13         0.62         0.95         0.51         0.73
        0.66         0.92         0.37         0.69         0.39         0.35         0.75         0.54         0.37
        0.41         0.44         0.42         0.22         0.22         0.12         0.25         0.51         0.69
        0.42         0.37         0.40         0.23         0.24         0.19         0.55         0.70         0.45
        0.77         0.62         0.63         0.64         0.37         0.52         0.71         0.59         0.43
        0.55         0.70         0.83         0.50         0.39         0.28         0.18         0.34         0.22
        0.61         0.32         0.65         0.68         0.49         0.47         0.38         0.21         0.25
        0.51         0.43         0.56         0.66         0.49         0.80         0.15         0.19         0.86
    777600      9     13
        0.58         0.82         0.65         0.32         0.63         0.24         0.13         0.70         0.65
        0.79         1.20         0.94         0.47         0.45         0.37         0.38         0.88         0.57
        0.59         0.61         0.52         0.49         0.48         0.47         0.42         0.54         0.14
        0.23         1.11         1.26         1.36         0.73         0.33         0.40         0.43         0.64
        0.42         0.72         0.93         1.24         1.01         0.68         0.96         0.82         0.71
        0.73         0.66         0.45         0.42         1.02         0.53         0.32         0.48         0.48
        0.93         0.73         0.64         0.52         0.76         0.43         0.41         0.38         0.60
        0.93         0.53         0.67         0.53         0.65         0.30         0.28         0.19         0.36
        0.59         0.47         0.68         0.34         0.24         0.22         0.56         0.72         0.64
        0.67         0.56         0.61         0.51         0.54         0.66         0.75         0.84         0.76
        0.59         0.81         0.96         0.63         0.52         0.57         0.67         0.54         0.76
        1.04         0.89         1.52         1.12         0.52         0.68         0.42         0.43         0.68
        0.55         0.64         0.73         0.81         0.57         1.26         0.49         0.41         0.90
    864000      9     13
        0.76         0.70         0.63         0.72         0.49         0.39         0.47         0.42         0.87
        0.65         1.03         0.62         0.40         0.44         0.20         0.42         0.70         0.18
        0.68         0.56         0.60         0.48         0.53         0.26         0.67         0.61         0.39
        0.55         1.06         1.00         1.64         0.90         0.40         0.48         0.34         0.66
        0.29         0.47         0.37         1.08         1.02         0.30         0.55         0.30         0.48
        0.56         0.33         0.27         0.60         0.79         0.31         0.52         0.58         0.29
        0.33         0.39         0.21         0.81         0.47         0.40         0.53         0.36         0.64
        0.50         0.19         0.50         0.21         0.36         0.31         0.26         0.50         0.36
        0.16         0.17         0.36         0.35         0.21         0.47         0.35         0.28         0.31
        0.25         0.35         0.17         0.38         0.33         0.11         0.16         0.17         0.22
        0.39         0.36         0.52         0.17         0.10         0.14         0.17         0.34         0.22
        0.46         0.43         0.42         0.80         0.27         0.53         0.22         0.10         0.10
        0.37         0.45         0.38         0.66         0.48         1.09         0.34         0.17         0.63
    950400      9     13
        0.95         0.40         0.47         0.37         0.41         0.50         0.34         0.53         0.50
        0.43         0.28         0.43         0.62         0.69         0.32         0.32         0.40         0.29
        0.44         0.26         0.72         0.86         0.43         0.24         0.51         0.89         0.44
        0.41         0.50         0.87         1.27         0.59         0.42         0.25         0.48         0.58
        0.24         0.63         0.27         0.84         0.99         0.34         0.27         0.70         0.86
        0.34         0.33         0.30         0.85         0.81         0.37         0.20         0.72         0.63
        0.48         0.62         0.22         0.50         0.29         0.18         0.33         0.22         0.95
        0.42         0.32         0.61         0.27         0.65         0.17         0.37         0.39         0.34
        0.39         0.79         0.39         0.46         0.32         0.19         0.17         0.28         0.36
        0.36         1.08         0.76         0.27         0.18         0.45         0.15         0.27         0.40
        0.81         0.62         0.54         0.36         0.20         0.29         0.11         0.30         0.35
        0.47         0.39         0.50         0.56         0.23         0.39         0.28         0.08         0.12
        0.53         0.22         0.49         0.90         0.33         1.64         0.56         0.39         0.25
   1036800      9     13
        0.43         0.15         0.59         0.37         0.69         0.49         0.27         0.31         0.72
        0.53         0.57         0.46         0.25         0.49         0.67         0.15         0.75         0.76
        0.36         0.20         0.39         0.46         0.53         0.06         0.59         0.28         0.47
        0.17         0.39         0.92         1.49         1.04         0.26         0.41         0.37         1.01
        0.12         0.32         0.51         1.29         1.44         0.50         0.12         0.48         0.90
        0.46         0.38         0.57         1.25         1.18         0.52         0.22         0.31         1.20
        0.19         0.69         0.17         0.87         0.74         0.41         0.62         0.57         1.04
        0.28         0.39         0.62         0.54         0.41         0.38         0.34         0.23         0.73
        0.58         0.77         1.04         0.45         0.31         0.16         0.26         0.28         0.44
        0.72         0.99         0.92         0.33         0.22         0.16         0.18         0.35         0.29
        0.70         0.58         1.01         0.31         0.19         0.25         0.12         0.12         0.28
        0.68         0.61         0.73         0.91         0.27         0.39         0.48         0.12         0.14
        0.45         0.38         0.75         0.77         0.77         1.22         0.58         0.20         0.11
   1123200      9     13
        0.15         0.47         0.75         0.65         0.48         0.43         0.78         0.68         1.02
        0.23         0.41         0.46         0.77         0.71         0.47         0.55         0.63         1.22
        0.17         0.40         0.92         0.42         0.55         0.20         0.50         0.75         0.60
        0.06         1.19         1.30         1.45         1.20         0.20         1.12         1.00         1.24
        0.24         0.59         0.98         1.25         1.46         0.25         0.17         0.62         1.13
        0.42         0.58         0.66         0.66         0.97         0.26         0.08         0.64         0.57
        0.31         0.67         0.28         0.30         0.41         0.13         0.23         0.50         0.74
        0.27         0.21         0.29         0.19         0.10         0.11         0.26         0.29         0.25
        0.19         0.26         0.13         0.19         0.17         0.04         0.06         0.09         0.30
        0.38         0.41         0.62         0.41         0.06         0.06         0.04         0.06         0.12
        0.38         0.28         0.53         0.49         0.08         0.18         0.02         0.05         0.07
        0.03         0.16         0.25         0.83         0.31         0.53         0.47         0.01         0.02
        0.10         0.19         0.56         0.73         0.83         0.95         0.29         0.03         0.04
   1209600      9     13
        1.42         2.01         2.30         1.95         1.73         2.15         1.69         2.07         2.17
        1.89         2.04         1.78         1.69         1.93         1.70         1.83         2.20         1.54
        1.41         1.47         1.56         1.65         1.24         1.35         2.17         1.97         1.46
        1.10         1.58         1.43         2.55         1.50         1.19         1.79         1.77         1.61
        1.07         1.38         1.54         1.74         2.45         1.10         1.84         1.52         1.84
        1.21         1.33         0.83         1.44         1.71         0.66         1.20         1.51         2.11
        0.79         1.43         0.77         1.03         1.05         0.65         1.48         1.43         1.56
        0.65         0.44         1.05         0.59         0.60         0.38         0.54         0.81         1.25
        0.34         0.69         0.69         0.97         0.46         0.32         0.75         0.88         1.17
        0.55         0.40         0.91         0.81         0.67         1.07         0.68         0.75         0.85
        0.65         0.52         0.62         0.46         0.29         0.34         0.18         0.41         0.48
        0.43         0.89         0.95         0.83         0.44         0.53         0.53         0.47         0.42
        0.75         0.85         1.05         0.95         0.87         1.68         0.39         0.22         0.19