         0      9     13
        1.41         1.24         1.74         1.75         1.49         3.64         2.23         1.49         1.71
        1.80         2.63         1.64         1.94         1.63         2.59         2.43         1.48         1.89
        1.44         2.08         2.46         1.92         2.97         3.74         3.12         2.00         2.09
        1.38         1.99         1.89         2.42         3.50         7.75         3.23         1.69         1.90
        1.77         2.31         2.18         3.47         5.61         2.32         2.07         1.44         1.62
        2.83         2.89         2.97         4.83         2.90         1.83         1.44         1.42         1.98
        2.47         2.35         2.00         2.16         2.05         1.17         1.14         1.39         1.46
        2.55         2.91         2.70         1.92         1.65         1.10         1.09         0.92         0.77
        2.24         2.35         3.23         2.26         1.67         1.06         1.27         1.05         0.81
        1.88         1.67         1.59         1.90         1.95         1.25         1.67         1.19         1.37
        1.71         1.95         1.32         1.33         1.12         1.22         1.35         1.21         1.16
        1.26         1.35         1.53         1.84         1.75         1.20         1.36         2.53         2.17
        1.03         1.10         1.40         1.65         1.79         2.24         1.33         1.10         1.16
     86400      9     13
        0.95         1.53         1.85         1.08         0.83         0.20         0.71         0.29         0.36
        1.06         1.19         1.26         0.59         0.57         0.78         0.79         0.35         0.15
        1.35         1.25         0.87         0.53         0.36         0.15         0.70         0.22         0.23
        1.67         1.44         0.88         1.07         0.60         0.42         0.79         0.19         0.13
        0.64         0.65         0.45         0.67         0.47         0.31         0.86         0.24         0.32
        0.67         0.50         0.31         0.28         0.23         0.37         1.09         0.27         0.81
        0.77         0.80         0.49         0.26         0.23         0.29         0.62         0.78         1.06
        1.26         0.65         0.68         0.30         0.21         0.24         0.79         0.69         1.08
        1.23         0.67         0.96         0.36         0.14         0.30         0.35         0.60         1.04
        1.01         0.80         0.60         0.24         0.31         0.40         0.66         0.62         1.63
        0.58         0.86         0.61         0.31         0.39         0.45         0.43         0.39         0.98
        0.50         0.54         0.35         0.48         0.52         1.21         0.59         0.37         0.86
        0.32         0.65         0.57         0.64         0.86         1.66         0.39         0.26         0.37
    172800      9     13
        1.27         0.67         1.39         0.69         1.06         0.23         0.35         0.46         0.26
        1.04         0.95         0.61         0.51         0.50         0.30         0.19         0.51         0.47
        0.97         1.23         1.00         0.74         0.73         0.58         0.36         0.46         0.95
        0.64         1.38         0.73         1.12         0.57         0.50         0.50         0.64         1.14
        0.56         1.48         1.05         1.23         0.61         0.48         0.65         0.61         0.58
        0.42         1.12         0.59         1.08         0.73         0.50         0.58         0.79         0.34
        0.70         1.20         0.87         1.03         0.60         0.58         0.64         0.31         0.93
        0.41         0.57         0.37         0.60         0.61         0.53         0.42         0.63         0.61
        1.08         0.86         1.43         0.54         0.30         0.41         0.52         0.48         0.54
        1.04         0.79         1.85         1.43         0.45         0.96         0.79         0.35         0.50
        0.95         1.14         1.40         0.77         0.34         0.52         0.33         0.51         0.46
        1.01         0.92         1.14         0.57         0.31         0.70         0.46         0.59         0.33
        0.18         0.17         0.44         0.68         1.08         1.05         0.38         0.21         0.30
    259200      9     13
        0.24         0.07         0.28         0.35         0.11         0.36         0.43         0.15         0.42
        0.11         0.48         0.07         0.46         0.30         0.31         0.35         0.32         0.30
        0.27         0.38         0.18         0.16         0.57         0.24         0.34         0.25         0.73
        0.39         0.06         0.67         0.16         1.03         0.45         0.17         0.32         1.03
        0.16         0.20         0.40         0.37         0.23         0.68         0.32         0.47         0.10
        0.09         0.15         0.15         0.17         0.22         0.33         0.20         0.05         0.14
        0.07         0.25         0.37         0.10         0.17         0.42         0.23         0.11         0.25
        0.15         0.12         0.33         0.13         0.28         0.37         0.05         0.06         0.05
        0.19         0.38         0.65         0.31         0.09         0.13         0.14         0.04         0.07
        0.44         0.58         0.14         0.09         0.21         0.11         0.11         0.12         0.19
        0.29         0.61         0.41         0.39         0.30         0.13         0.22         0.11         0.31
        0.56         0.31         0.17         0.19         0.71         0.46         0.55         0.06         0.15
        0.12         0.35         0.43         0.29         0.31         0.69         0.41         0.43         0.14
    345600      9     13
        0.26         0.15         0.12         0.34         0.38         0.46         0.50         0.19         0.17
        0.29         0.39         0.08         0.40         0.19         0.14         0.23         0.16         0.11
        0.23         0.45         0.31         0.34         0.29         0.19         0.18         0.14         0.19
        0.33         0.30         0.23         0.53         0.61         0.22         0.29         0.04         0.18
        0.89         0.64         0.66         0.68         0.51         0.21         0.25         0.17         0.23
        0.53         0.67         0.56         0.54         0.75         0.49         0.41         0.32         0.50
        0.86         1.06         0.72         0.48         0.67         0.64         0.41         0.55         0.59
        0.65         0.80         0.78         0.23         0.46         0.56         0.78         0.64         0.67
        0.30         0.48         0.37         0.17         0.21         0.81         0.49         0.93         0.52
        0.46         0.35         0.82         0.69         0.52         0.46         0.98         0.81         1.20
        0.28         0.98         0.68         0.45         0.60         0.34         0.91         0.88         0.97
        0.38         0.53         0.64         1.16         0.77         0.58         0.80         0.77         0.77
        0.24         0.40         0.65         0.72         0.62         0.39         0.74         0.35         0.69
    432000      9     13
        0.13         0.06         0.03         0.05         0.04         0.00         0.03         0.02         0.09
        0.77         0.30         0.03         0.08         0.07         0.01         0.00         0.04         0.02
        0.14         0.13         0.28         0.05         0.02         0.11         0.07         0.02         0.04
        1.05         0.34         0.31         0.13         0.38         0.16         0.42         0.10         0.20
        1.51         1.08         1.08         0.67         0.94         0.97         0.93         0.58         0.12
        0.54         0.60         1.12         1.40         1.34         0.65         1.71         1.31         2.71
        1.59         1.49         1.27         1.70         1.52         1.31         1.02         1.37         2.34
        1.21         1.50         1.42         1.50         1.58         1.54         1.69         2.05         0.95
        0.94         1.04         0.77         1.29         1.53         1.52         1.74         0.82         0.71
        0.86         1.22         0.99         0.59         0.84         1.78         1.44         1.40         1.19
        0.66         0.88         1.27         1.08         0.92         1.52         1.22         1.52         1.85
        0.53         0.97         1.37         0.88         0.92         0.91         1.93         1.51         2.15
        1.98         1.53         1.60         1.47         1.34         1.04         1.58         2.11         1.82
    518400      9     13
        1.15         0.80         0.50         0.17         0.16         0.46         0.22         0.60         0.15
        1.21         0.83         0.22         0.15         0.27         0.21         0.28         0.29         0.40
        1.49         0.57         0.60         0.97         0.66         0.29         0.45         0.54         0.61
        0.81         0.14         0.12         0.18         0.68         0.37         0.66         0.52         0.85
        0.34         0.46         0.43         0.23         0.38         0.44         0.62         0.50         0.74
        0.78         0.34         0.32         0.37         0.31         0.51         0.82         0.68         0.61
        0.46         0.24         0.37         0.38         0.24         0.82         1.24         0.75         0.81
        1.02         0.22         0.30         0.33         0.33         1.01         0.75         0.88         0.79
        1.43         0.32         0.37         0.26         0.37         1.01         1.38         0.80         0.60
        1.87         0.75         0.18         0.07         0.38         1.05         1.16         0.85         0.59
        1.57         2.54         0.96         0.20         0.49         0.36         0.89         1.18         0.54
        2.28         2.47         1.70         0.75         0.68         0.79         0.60         0.87         0.90
        2.24         2.33         1.85         1.27         1.24         1.32         0.71         1.06         1.48
    604800      9     13
        0.56         0.81         0.41         0.81         0.31         0.31         0.19         0.34         0.28
        0.80         0.75         0.46         0.86         0.37         0.22         0.59         0.34         0.81
        0.88         1.06         0.37         0.38         1.13         0.08         0.22         0.54         1.25
        1.00         0.39         0.69         0.14         0.55         0.24         0.52         0.88         0.59
        0.83         0.49         0.56         1.15         0.31         0.29         0.69         0.58         0.60
        0.81         0.85         0.56         0.96         0.56         0.31         0.71         1.29         0.81
        1.17         1.13         0.96         0.70         0.35         0.68         0.94         1.34         1.22
        1.13         1.94         1.24         0.96         0.77         0.26         0.88         1.08         1.00
        2.16         1.18         1.38         0.67         0.68         0.86         0.41         0.95         0.72
        1.52         1.86         1.11         0.85         0.58         1.08         0.99         0.48         0.89
        1.63         2.25         1.15         0.62         0.96         0.62         0.78         0.99         0.83
        2.04         1.87         0.75         0.69         0.94         0.34         0.74         1.76         1.00
        1.79         1.36         0.73         0.66         0.98         0.78         0.84         1.66         0.84
    691200      9     13
        0.24         0.40         0.77         0.50         1.01         1.17         0.40         0.52         0.40
        0.30         0.64         0.75         0.78         0.86         0.75         0.35         0.58         0.49
        0.44         0.39         0.84         0.28         1.16         0.29         0.14         0.36         0.78
        0.94         0.47         0.95         0.35         0.78         0.36         0.30         0.42         0.28
        0.53         0.77         0.15         0.38         0.38         1.05         0.38         0.34         0.43
        0.45         1.71         0.45         0.18         0.62         0.47         0.50         0.33         0.83
        0.46         1.15         1.77         0.52         0.58         0.32         0.46         0.55         0.97
        0.21         0.55         2.98         0.61         0.99         0.29         0.67         0.62         0.35
        0.41         0.34         1.20         0.69         0.53         1.10         0.64         0.43         0.51
        0.34         0.74         0.52         0.51         0.80         0.57         0.85         0.51         0.97
        0.22         0.59         0.62         0.50         0.24         0.18         0.87         0.62         0.75
        0.70         0.52         0.75         0.70         0.15         0.39         0.18         0.96         0.81
        0.71         0.58         0.84         0.68         0.49         1.74         0.36         0.91         1.17
    777600      9     13
        0.32         0.19         0.69         0.28         0.52         0.21         0.41         0.64         0.31
        0.27         0.13         0.27         0.36         0.13         0.15         0.25         0.75         0.67
        0.20         0.08         0.38         0.07         0.20         0.41         0.31         0.87         1.09
        0.14         0.10         0.26         0.24         0.39         0.49         0.20         0.34         0.84
        0.21         0.26         0.30         0.14         0.23         0.34         0.23         0.23         0.99
        0.15         0.17         0.64         0.28         0.30         0.44         0.43         0.78         0.67
        0.22         0.27         0.22         0.24         0.27         0.37         0.40         0.46         0.56
        0.59         0.30         0.47         0.28         0.29         0.27         0.35         0.39         1.04
        0.27         0.45         1.06         0.37         0.25         0.32         0.43         0.24         0.38
        0.35         0.46         0.27         0.37         0.22         0.41         0.67         0.33         0.44
        0.38         0.55         0.24         0.33         0.56         0.25         0.87         0.47         0.62
        0.49         0.83         0.49         0.37         0.55         0.46         1.12         0.21         0.42
        0.63         1.12         0.75         0.45         0.22         0.90         0.33         0.38         0.87
    864000      9     13
        0.38         0.16         0.45         0.16         0.15         0.20         0.07         0.16         0.33
        0.26         0.27         0.39         0.21         0.15         0.11         0.22         0.20         0.41
        0.23         0.22         0.36         0.48         0.22         0.33         0.22         0.14         0.35
        0.29         0.23         0.36         0.37         0.48         0.27         0.06         0.43         0.36
        0.16         0.22         0.53         0.60         0.50         0.44         0.41         0.61         0.27
        0.06         0.21         0.20         0.19         0.38         0.41         0.22         0.27         0.52
        0.44         0.18         0.31         0.44         0.53         0.29         0.22         0.39         0.45
        0.25         0.25         0.34         0.48         0.26         0.15         0.24         0.45         0.59
        0.14         0.16         0.83         0.51         0.19         0.11         0.19         0.19         0.18
        0.59         0.59         0.71         0.29         0.36         0.23         0.45         0.25         0.31
        0.41         0.72         0.84         0.54         0.45         0.39         0.33         0.20         0.48
        0.34         0.50         0.90         0.72         1.01         1.46         1.36         0.26         0.20
        0.55         0.34         0.48         0.71         0.57         0.81         0.65         0.56         0.22
    950400      9     13
        0.21         0.29         0.33         0.28         0.32         0.13         0.08         0.13         0.19
        0.24         0.20         0.14         0.18         0.04         0.12         0.11         0.20         0.26
        0.12         0.12         0.11         0.10         0.21         0.08         0.12         0.33         0.23
        0.16         0.12         0.26         0.24         0.36         0.14         0.13         0.28         0.53
        0.09         0.06         0.18         0.29         0.31         0.32         0.16         0.31         0.38
        0.07         0.08         0.29         0.42         0.27         0.56         0.37         0.27         0.45
        0.37         0.38         0.24         0.30         0.31         0.19         0.17         0.36         0.89
        0.13         0.23         0.49         0.12         0.19         0.34         0.15         0.22         0.57
        0.38         0.28         0.40         0.38         0.25         0.38         0.21         0.19         0.20
        0.51         0.16         0.24         0.22         0.45         0.20         0.10         0.39         0.38
        0.40         0.64         0.50         0.38         0.40         0.18         0.26         0.31         0.37
        0.41         0.50         0.29         0.47         0.56         0.45         0.33         0.04         0.17
        0.22         0.17         0.21         0.41         0.40         0.64         0.35         0.28         0.29
   1036800      9     13
        0.24         0.67         0.59         0.57         0.21         0.23         0.15         0.07         0.18
        0.12         0.17         0.20         0.16         0.08         0.12         0.07         0.13         0.06
        0.25         0.10         0.15         0.12         0.09         0.11         0.12         0.12         0.24
        0.08         0.21         0.29         0.34         0.27         0.21         0.12         0.16         0.18
        0.11         0.13         0.28         0.32         0.27         0.31         0.13         0.12         0.31
        0.11         0.10         0.46         0.38         0.23         0.29         0.09         0.24         0.18
        0.19         0.13         0.09         0.05         0.23         0.34         0.24         0.26         0.48
        0.15         0.05         0.33         0.06         0.11         0.31         0.23         0.51         0.67
        0.06         0.16         0.25         0.18         0.26         0.30         0.28         0.19         0.39
        0.34         0.30         0.18         0.23         0.38         0.08         0.37         0.13         0.21
        0.15         0.48         0.51         0.35         0.46         0.16         0.21         0.05         0.17
        0.19         0.30         0.62         0.47         0.55         0.39         0.60         0.04         0.34
        0.43         0.36         0.38         0.47         0.41         0.56         0.32         0.15         0.11
   1123200      9     13
        0.70         0.62         0.39         0.46         0.34         0.20         0.20         0.08         0.41
        0.24         0.30         0.17         0.22         0.14         0.17         0.15         0.23         0.04
        0.11         0.26         0.08         0.33         0.05         0.13         0.30         0.25         0.08
        0.13         0.31         0.53         0.68         0.14         0.10         0.25         0.13         0.21
        0.18         0.35         0.19         0.32         0.32         0.10         0.17         0.26         0.43
        0.07         0.17         0.21         0.29         0.24         0.09         0.61         0.26         0.52
        0.12         0.27         0.08         0.25         0.14         0.32         0.40         0.17         0.43
        0.17         0.14         0.10         0.07         0.13         0.24         0.15         0.43         0.29
        0.07         0.06         0.27         0.28         0.18         0.23         0.44         0.14         0.07
        0.35         0.29         0.19         0.16         0.24         0.68         0.49         0.20         0.42
        0.35         0.54         0.27         0.12         0.30         0.30         0.62         0.26         0.33
        0.06         0.15         0.51         0.15         0.07         0.11         0.12         0.21         0.12
        0.07         0.16         0.34         0.60         0.20         0.72         0.11         0.23         0.39
   1209600      9     13
        1.61         1.13         0.32         0.32         0.37         0.19         0.27         0.35         0.51
        1.21         0.62         0.31         0.24         0.15         0.23         0.68         0.62         0.14
        0.48         0.84         0.22         0.23         0.09         0.39         0.25         0.41         0.23
        0.29         0.91         0.40         0.72         0.19         0.47         0.57         0.35         0.24
        0.38         0.58         0.34         0.43         0.55         0.27         0.53         0.33         0.30
        0.30         0.49         0.19         0.52         0.32         0.27         0.42         0.24         0.67
        0.30         0.42         0.22         0.49         0.32         0.39         0.18         0.26         0.31
        0.34         0.36         0.42         0.06         0.25         0.18         0.33         0.52         0.21
        0.46         0.59         0.46         0.42         0.16         0.21         0.34         0.29         0.26
        0.38         0.84         0.98         0.30         0.16         0.85         0.28         0.42         0.40
        0.40         0.49         0.55         0.15         0.07         0.17         0.18         0.38         0.36
        0.34         0.45         0.59         0.42         0.06         0.08         0.14         0.53         0.16
        0.47         0.37         0.29         0.51         0.14         0.97         0.08         0.22         0.74