         0      9     13
        0.53         0.48         0.73         0.59         0.66         0.30         0.65         0.74         1.15
        0.55         0.57         0.30         0.69         0.66         0.47         0.88         0.90         0.79
        0.65         0.81         0.55         0.41         0.38         0.18         1.16         0.79         0.56
        0.42         1.27         0.81         1.57         0.60         0.27         1.39         0.67         0.66
        0.29         0.77         0.46         1.25         1.14         0.30         0.93         1.00         1.03
        0.37         0.96         0.47         0.81         1.32         0.60         0.82         1.13         1.08
        0.64         0.36         0.19         0.80         0.80         0.53         0.93         0.97         1.32
        0.27         0.08         0.55         0.31         0.39         0.44         0.75         0.96         1.24
        0.03         0.13         0.41         0.33         0.41         0.50         0.80         0.84         0.86
        0.07         0.13         0.28         0.35         0.53         0.48         0.37         0.55         0.62
        0.03         0.14         0.21         0.30         0.31         0.25         0.28         0.41         0.51
        0.11         0.09         0.30         0.20         0.24         0.25         0.33         0.39         0.31
        0.25         0.46         0.46         0.80         0.41         0.89         0.27         0.18         0.34
     86400      9     13
        1.26         1.00         1.36         0.66         0.81         0.93         0.88         1.25         0.83
        1.07         0.65         0.58         0.61         0.68         0.69         0.97         0.99         1.23
        1.16         0.86         1.01         0.99         0.90         0.65         1.08         1.22         0.71
        0.68         0.96         1.33         1.47         0.83         0.67         1.59         0.83         0.70
        0.47         0.97         1.15         1.72         1.47         0.84         1.23         0.82         1.50
        0.50         0.68         1.05         1.19         0.98         0.51         0.84         1.46         0.91
        0.90         0.64         0.59         0.43         0.82         0.73         1.28         1.47         1.45
        0.82         0.49         0.46         0.50         0.78         0.68         1.01         1.01         1.57
        0.46         1.32         0.63         0.61         0.41         0.63         1.19         1.34         1.30
        0.73         1.21         1.48         0.90         0.71         1.69         1.54         1.60         1.09
        0.68         1.22         1.10         0.55         0.45         0.59         0.82         1.26         1.48
        0.59         1.16         1.36         0.73         0.49         0.81         0.92         0.93         1.22
        1.13         1.43         1.33         1.31         1.11         1.70         0.35         0.30         1.38
    172800      9     13
        0.71         0.79         1.32         0.56         0.87         0.29         0.94         1.05         1.42
        0.69         0.32         0.50         0.48         0.58         0.74         0.62         1.08         1.68
        0.40         0.50         0.60         0.87         1.28         0.55         0.35         0.97         0.64
        0.60         1.02         0.58         1.08         0.75         0.31         0.54         0.79         0.97
        0.57         0.66         0.77         1.32         1.45         0.25         0.21         0.65         0.87
        0.70         0.86         0.94         0.84         1.00         0.34         0.43         0.82         0.88
        0.97         0.94         0.60         0.95         0.76         0.36         0.46         0.83         0.92
        0.92         0.94         0.95         0.75         0.59         0.41         0.58         0.52         0.67
        0.68         0.59         1.01         0.63         0.66         0.33         0.29         0.33         0.46
        0.78         0.60         0.62         0.82         0.48         0.36         0.62         0.41         0.38
        0.52         0.59         0.44         0.48         0.48         0.48         0.39         0.42         0.48
        0.59         0.56         0.62         0.74         0.43         0.37         0.40         0.50         0.32
        0.18         0.39         0.54         0.75         0.38         0.89         0.16         0.08         0.16
    259200      9     13
        1.57         0.78         0.83         0.93         0.35         0.50         0.92         0.42         0.49
        1.09         0.73         0.35         0.35         0.54         0.44         0.41         0.61         0.89
        0.47         0.40         0.63         0.67         0.52         0.37         0.82         1.56         0.39
        0.42         0.68         0.64         1.05         0.59         0.46         0.72         0.68         0.96
        0.48         0.79         0.29         1.04         1.26         0.46         0.37         0.85         0.48
        0.71         0.67         0.33         0.65         1.10         0.38         0.32         0.93         0.96
        0.56         0.53         0.17         0.24         0.69         0.19         0.34         0.70         0.79
        0.85         0.42         0.24         0.27         0.19         0.08         0.22         0.34         0.27
        0.48         0.54         0.59         0.21         0.23         0.08         0.03         0.18         0.40
        0.30         0.53         0.52         0.41         0.13         0.14         0.23         0.45         0.34
        0.66         0.81         0.68         0.45         0.15         0.05         0.14         0.24         0.21
        0.19         0.32         0.70         0.54         0.35         0.32         0.30         0.10         0.17
        0.08         0.26         0.60         0.69         0.44         0.98         0.11         0.09         0.25
    345600      9     13
        0.59         0.62         0.69         0.69         1.02         0.72         0.88         1.18         1.56
        0.95         0.28         0.48         0.56         0.78         0.76         0.93         1.13         1.07
        0.60         0.56         0.29         0.47         0.33         0.62         1.34         0.78         0.78
        0.36         1.01         1.12         1.77         0.87         0.69         1.32         1.55         1.00
        0.27         0.61         0.53         1.36         1.17         0.88         1.02         0.89         1.04
        0.61         0.51         0.27         0.96         0.94         1.02         1.13         1.58         1.18
        0.72         0.70         0.31         0.87         0.62         0.27         1.07         1.10         1.33
        0.78         0.44         0.53         0.37         0.50         0.24         0.37         0.62         0.76
        0.86         0.60         0.75         0.77         0.27         0.35         0.38         0.56         0.77
        1.17         0.84         0.74         0.62         0.55         0.76         0.54         0.40         1.01
        0.80         1.01         0.69         0.28         0.21         0.33         0.16         0.35         0.67
        0.47         0.37         0.53         0.35         0.37         0.24         0.18         0.24         0.70
        0.94         0.96         0.74         0.79         0.82         1.45         0.77         0.57         1.33
    432000      9     13
        0.60         0.48         0.41         0.32         0.28         0.36         0.34         0.19         0.69
        0.76         0.61         0.60         0.53         0.52         0.33         0.74         0.78         0.46
        0.74         0.81         0.59         0.62         0.77         0.71         0.79         0.54         0.40
        0.31         0.89         0.58         1.65         0.89         0.71         0.92         0.67         0.90
        0.62         0.66         0.65         1.03         1.11         0.94         1.27         0.94         0.88
        0.82         0.47         0.59         0.73         0.74         0.56         0.99         0.97         1.16
        0.62         0.65         0.53         0.59         0.60         0.53         0.84         0.84         0.92
        0.72         0.65         0.60         0.41         0.53         0.62         0.49         0.47         0.71
        0.68         0.66         0.43         0.62         0.47         0.50         0.62         0.25         0.23
        0.56         0.80         0.66         0.78         0.60         0.54         0.52         0.14         0.29
        0.62         0.56         0.54         0.34         0.26         0.35         0.17         0.13         0.50
        0.52         0.79         0.88         0.66         0.41         0.50         0.23         0.18         0.15
        1.06         0.54         0.83         0.55         0.59         0.89         0.24         0.18         0.26
    518400      9     13
        0.20         0.26         0.21         0.34         0.18         0.20         0.19         0.41         0.84
        0.49         0.41         0.29         0.38         0.44         0.37         0.36         0.64         0.25
        0.58         0.32         0.42         0.65         0.20         0.23         0.41         0.29         0.24
        0.32         1.27         0.83         0.93         0.43         0.42         0.71         0.22         0.64
        0.38         0.58         0.37         0.54         0.79         0.48         0.44         0.40         0.97
        0.47         0.49         0.88         0.77         0.82         0.49         0.40         0.63         1.33
        0.43         0.68         0.20         0.38         0.23         0.17         0.15         0.34         0.77
        0.26         0.40         0.40         0.11         0.13         0.06         0.13         0.42         0.28
        0.54         0.70         0.54         0.45         0.14         0.08         0.22         0.15         0.11
        0.59         0.48         0.33         0.48         0.14         0.58         0.27         0.19         0.21
        0.17         0.60         0.62         0.39         0.08         0.06         0.06         0.26         0.13
        0.24         0.76         0.43         0.36         0.15         0.31         0.31         0.11         0.17
        0.10         0.13         0.18         0.38         0.42         0.85         0.21         0.27         0.30
    604800      9     13
        0.17         0.15         0.54         0.39         0.25         0.08         0.05         0.25         0.16
        0.13         0.23         0.21         0.27         0.24         0.10         0.14         0.55         0.20
        0.29         0.08         0.15         0.09         0.15         0.04         0.57         0.31         0.07
        0.04         0.72         0.52         1.11         0.54         0.24         0.20         0.13         0.46
        0.18         0.29         0.18         0.73         1.03         0.37         0.11         0.22         0.70
        0.08         0.15         0.17         0.25         0.50         0.27         0.12         0.43         0.82
        0.09         0.10         0.11         0.19         0.57         0.10         0.05         0.44         0.88
        0.16         0.08         0.28         0.14         0.14         0.04         0.09         0.05         0.42
        0.24         0.23         0.24         0.21         0.06         0.02         0.05         0.12         0.18
        0.31         0.18         0.44         0.31         0.14         0.43         0.22         0.13         0.14
        0.12         0.37         0.34         0.22         0.06         0.07         0.13         0.17         0.16
        0.10         0.65         0.35         0.51         0.33         0.17         0.19         0.10         0.04
        0.35         0.21         0.25         0.14         0.26         0.94         0.20         0.02         0.03
    691200      9     13
        0.02         0.02         0.05         0.06         0.20         0.08         0.05         0.07         0.03
        0.02         0.05         0.05         0.05         0.07         0.07         0.07         0.10         0.09
        0.02         0.03         0.09         0.10         0.09         0.05         0.23         0.29         0.08
        0.02         0.08         0.11         0.59         0.37         0.13         0.18         0.12         0.38
        0.06         0.07         0.09         0.12         0.27         0.11         0.02         0.14         0.15
        0.03         0.04         0.08         0.05         0.14         0.12         0.03         0.05         0.07
        0.03         0.06         0.03         0.04         0.11         0.04         0.03         0.04         0.03
        0.06         0.03         0.08         0.04         0.06         0.02         0.01         0.01         0.01
        0.05         0.11         0.14         0.08         0.06         0.01         0.00         0.01         0.02
        0.10         0.11         0.06         0.06         0.06         0.01         0.03         0.01         0.03
        0.03         0.09         0.08         0.14         0.04         0.06         0.04         0.04         0.04
        0.02         0.11         0.16         0.20         0.13         0.12         0.11         0.20         0.03
        0.13         0.08         0.14         0.19         0.17         0.57         0.17         0.05         0.05
    777600      9     13
        0.24         0.24         0.65         0.64         0.69         0.32         0.24         0.54         0.66
        0.28         0.47         0.47         0.96         0.55         0.41         0.19         0.76         0.67
        0.77         0.67         0.87         0.66         0.48         0.23         0.27         0.72         0.58
        0.28         0.37         0.64         1.18         1.20         0.22         0.60         0.71         1.06
        0.13         0.38         0.39         0.47         1.26         0.32         0.10         0.24         0.28
        0.05         0.24         0.38         0.34         0.52         0.33         0.23         0.21         0.21
        0.03         0.19         0.12         0.17         0.35         0.30         0.35         0.22         0.21
        0.01         0.03         0.13         0.17         0.19         0.23         0.37         0.29         0.21
        0.02         0.06         0.06         0.16         0.15         0.13         0.20         0.16         0.18
        0.03         0.04         0.04         0.13         0.13         0.11         0.16         0.14         0.16
        0.01         0.02         0.09         0.19         0.11         0.15         0.12         0.12         0.10
        0.01         0.04         0.13         0.22         0.25         0.07         0.10         0.04         0.07
        0.02         0.05         0.10         0.11         0.27         0.39         0.12         0.02         0.03
    864000      9     13
        0.38         0.77         1.53         1.50         1.49         1.77         1.98         1.75         2.36
        1.08         1.66         1.35         1.88         1.84         1.75         1.74         2.01         2.52
        1.24         1.88         1.84         2.60         1.79         1.25         1.37         1.93         1.76
        0.64         1.48         1.65         2.54         2.57         1.51         1.65         2.02         1.97
        0.95         1.49         1.78         1.95         2.35         1.48         1.47         2.49         2.98
        1.15         1.35         0.98         1.39         2.44         1.16         1.48         2.00         2.34
        1.24         1.75         1.33         1.34         1.54         1.17         1.37         1.70         1.91
        1.05         0.92         1.15         1.05         0.87         0.67         0.94         1.04         1.29
        0.70         1.10         1.14         1.30         0.82         0.63         0.77         0.70         0.65
        0.61         0.99         1.09         1.03         0.67         0.48         0.55         0.57         0.43
        0.43         0.42         1.00         0.76         0.49         0.55         0.28         0.30         0.32
        0.24         0.46         0.99         0.92         0.78         0.68         0.49         0.26         0.13
        0.11         0.59         1.05         1.35         0.82         1.22         0.39         0.15         0.08
    950400      9     13
        1.34         1.12         0.95         0.96         0.97         0.89         1.02         1.20         1.72
        1.34         1.75         0.85         0.77         0.88         0.77         0.92         1.28         0.99
        1.12         0.82         1.14         1.14         0.92         0.71         0.82         1.26         1.90
        0.50         1.46         1.47         1.90         1.30         1.20         1.19         1.29         4.83
        0.46         0.77         0.82         2.12         2.09         1.23         1.81         1.92         2.24
        0.77         1.00         0.87         1.34         1.38         1.21         1.32         1.74         1.66
        1.00         1.52         0.77         1.56         1.05         0.86         1.16         1.12         1.62
        1.05         0.95         1.21         0.81         0.86         0.72         1.27         1.12         0.86
        0.72         0.88         1.03         0.70         0.62         0.44         0.74         0.45         0.87
        0.56         0.91         0.98         0.75         0.47         0.38         0.26         0.26         0.57
        0.54         1.00         0.66         0.48         0.31         0.25         0.12         0.21         0.19
        0.13         0.38         0.68         0.96         0.45         0.27         0.20         0.06         0.04
        0.23         0.44         0.50         0.71         0.42         0.82         0.20         0.06         0.05
   1036800      9     13
        1.22         1.33         1.12         0.83         0.71         0.73         0.71         0.76         1.03
        1.32         1.16         0.89         0.78         0.96         0.88         0.73         1.47         1.04
        1.07         0.97         0.99         0.75         0.56         1.07         0.58         0.80         1.02
        0.72         1.13         1.06         1.35         0.91         0.83         1.21         0.73         0.85
        0.75         1.05         1.02         1.54         1.61         0.76         0.80         0.74         1.30
        0.47         0.87         0.78         1.10         0.99         0.60         0.59         1.00         1.02
        0.50         0.99         0.74         0.78         0.57         0.38         0.94         0.73         1.31
        0.51         0.36         0.72         0.61         0.37         0.56         0.53         1.10         1.07
        0.36         1.22         0.74         0.91         0.32         0.33         1.01         1.11         0.76
        0.61         0.86         1.24         0.73         0.36         0.81         0.45         0.60         0.54
        0.96         1.10         1.34         0.44         0.13         0.22         0.16         0.48         0.58
        1.37         1.09         0.97         0.79         0.31         0.21         0.11         0.10         0.16
        0.99         0.58         0.54         0.64         0.41         1.06         0.49         0.09         0.21
   1123200      9     13
        0.55         0.65         0.81         0.87         0.91         0.78         0.90         0.84         1.56
        1.13         0.94         0.94         0.99         1.08         0.97         1.04         1.31         1.32
        1.10         1.28         1.52         1.57         1.30         1.49         1.35         1.36         1.09
        0.91         1.55         1.91         1.81         1.49         1.46         1.43         1.20         1.21
        0.93         1.42         1.31         1.85         2.08         1.38         1.27         1.27         1.29
        1.22         0.92         1.22         1.43         1.85         1.36         1.17         1.42         1.44
        0.78         0.95         1.00         1.57         1.50         1.42         1.56         1.39         1.29
        0.98         0.93         1.20         1.14         1.32         1.24         1.35         1.17         1.22
        1.26         1.01         1.08         1.48         1.25         1.35         1.25         1.30         1.18
        1.05         1.24         1.25         1.17         1.52         1.45         1.32         0.71         0.81
        1.37         1.29         1.38         0.74         0.75         0.73         0.41         0.61         0.49
        0.69         1.07         1.21         1.20         0.44         0.47         0.33         0.43         0.35
        0.92         0.85         0.98         1.16         0.82         1.65         0.37         0.25         0.23
   1209600      9     13
        1.65         1.07         1.07         1.31         1.44         1.00         1.11         1.42         1.56
        1.28         1.13         1.25         1.79         1.59         1.41         1.35         1.39         1.02
        1.63         1.42         1.69         1.97         1.21         1.58         1.42         1.63         1.36
        1.29         1.93         2.41         2.43         2.21         1.51         0.99         1.69         1.57
        0.96         1.28         1.85         2.75         3.23         1.19         1.33         1.54         1.80
        1.20         1.32         1.46         1.71         2.13         0.91         0.75         1.47         1.56
        1.03         1.03         0.93         1.15         0.74         0.65         1.27         1.78         1.19
        0.69         0.54         0.66         0.52         0.54         0.67         0.58         0.98         1.25
        0.66         0.57         0.59         0.55         0.58         0.54         0.82         1.13         1.45
        0.72         0.83         0.84         0.53         0.44         0.67         1.12         1.56         1.20
        0.65         0.70         0.60         0.57         0.55         0.42         0.46         0.96         0.70
        0.49         0.67         1.18         1.06         0.60         0.57         0.54         0.24         0.57
        0.43         0.64         0.75         0.60         0.63         1.07         0.40         0.21         0.81