         0      9     13
        0.80         0.49         0.60         0.83         0.30         0.34         0.64         0.77         0.69
        1.10         0.84         0.40         0.36         0.43         0.43         0.25         0.50         0.72
        0.54         0.62         0.28         0.30         0.15         0.17         0.59         0.88         0.37
        0.41         1.43         0.61         1.20         0.33         0.37         0.51         0.65         0.50
        0.57         0.83         0.34         0.84         0.93         0.34         0.60         0.67         1.36
        0.50         0.84         0.42         0.83         0.46         0.23         0.64         1.05         0.65
        0.51         0.74         0.44         0.64         0.53         0.16         0.39         0.38         1.06
        0.52         0.23         0.50         0.44         0.27         0.13         0.16         0.15         0.65
        0.38         0.91         1.48         0.56         0.22         0.25         0.26         0.38         0.67
        1.63         0.88         0.55         0.16         0.08         0.57         0.27         0.45         0.27
        0.70         0.82         0.65         0.33         0.35         0.32         0.52         0.35         0.48
        0.27         0.57         0.25         0.47         0.08         0.48         0.48         0.37         0.49
        0.11         0.05         0.25         0.34         0.19         1.03         0.15         0.23         0.26
     86400      9     13
        0.78         0.62         1.06         0.86         1.11         0.17         0.72         0.56         0.86
        0.69         0.78         0.54         0.80         0.69         0.72         0.48         0.63         0.49
        0.39         0.41         0.47         0.63         0.34         0.44         0.74         0.80         0.35
        0.21         0.80         1.26         1.74         0.77         0.34         1.24         0.51         0.96
        0.30         0.70         0.59         1.20         1.35         0.46         0.75         0.60         1.15
        0.57         0.47         0.64         1.08         1.16         0.35         0.38         0.65         0.89
        0.68         1.09         0.39         0.72         0.52         0.28         0.71         0.62         0.85
        1.00         0.38         0.64         0.25         0.33         0.16         0.40         1.25         0.95
        0.63         0.43         1.16         0.60         0.19         0.09         0.24         0.43         0.82
        0.90         0.86         0.76         0.34         0.36         0.46         0.24         0.35         0.50
        0.48         0.62         0.78         0.31         0.30         0.14         0.17         0.37         0.68
        0.83         0.60         0.47         0.65         0.31         0.53         0.66         0.22         0.51
        0.68         0.68         0.53         0.62         0.24         1.48         0.37         0.49         0.63
    172800      9     13
        1.33         0.63         0.45         0.79         0.64         0.44         0.46         0.78         0.81
        0.83         0.82         0.54         0.89         0.69         0.43         0.67         0.99         0.62
        0.75         0.77         0.62         0.80         0.58         0.26         1.05         0.84         0.34
        0.36         1.53         1.70         1.54         1.16         0.57         0.51         0.76         1.37
        0.46         0.52         0.38         1.40         1.07         0.48         0.32         0.64         1.47
        0.68         0.53         0.41         0.99         0.96         0.30         0.46         0.54         0.73
        1.17         1.27         0.89         0.98         0.70         0.41         0.48         0.29         0.44
        0.53         0.21         0.39         0.47         0.35         0.32         0.25         0.49         0.61
        0.19         0.38         0.34         0.46         0.12         0.10         0.56         0.51         0.77
        0.20         0.28         0.11         0.12         0.14         0.06         0.04         0.06         0.16
        0.27         0.26         0.22         0.31         0.14         0.12         0.06         0.07         0.06
        0.47         0.54         0.43         0.38         0.32         0.33         0.26         0.26         0.14
        0.55         0.67         0.72         1.21         0.78         1.49         0.63         0.48         0.33
    259200      9     13
        0.40         0.60         1.05         0.77         1.04         0.39         0.37         0.58         0.51
        0.63         0.77         0.65         1.02         0.68         0.39         0.33         0.26         0.38
        0.46         0.40         0.43         0.89         0.40         0.39         0.58         0.65         0.27
        0.27         0.46         0.67         1.26         1.28         0.30         0.30         0.46         1.91
        0.27         0.64         0.38         1.07         1.24         0.37         0.25         0.23         0.75
        0.25         0.45         0.39         0.44         0.79         0.45         0.35         0.14         0.67
        0.31         0.45         0.24         0.65         0.60         0.46         0.61         0.49         0.70
        0.37         0.19         0.33         0.53         0.42         0.42         0.59         0.69         0.81
        0.44         0.45         0.81         0.99         0.58         0.34         0.44         0.69         0.97
        0.29         0.47         0.59         0.86         0.52         0.29         0.57         0.80         0.81
        0.28         0.57         0.65         0.67         0.36         0.48         0.18         0.35         0.48
        0.38         0.52         0.74         0.90         0.61         0.56         0.38         0.26         0.20
        0.38         0.69         0.85         0.95         0.65         1.69         0.73         0.40         0.28
    345600      9     13
        0.68         0.63         0.50         0.43         0.40         0.19         0.18         0.23         0.56
        0.66         1.02         0.57         0.72         0.53         0.34         0.10         0.30         0.36
        0.57         0.66         0.81         0.70         0.64         0.28         0.14         0.92         0.79
        0.27         0.94         0.77         1.44         1.09         0.47         0.49         0.78         1.45
        0.26         0.74         0.46         1.20         1.07         0.67         0.27         0.21         0.48
        0.22         0.74         0.36         0.45         1.03         0.50         0.32         0.14         0.26
        0.46         0.77         0.42         0.58         0.55         0.21         0.22         0.20         0.09
        0.50         0.29         0.54         0.47         0.30         0.18         0.18         0.40         0.24
        0.49         0.58         0.81         0.81         0.63         0.19         0.07         0.10         0.18
        0.65         0.82         1.27         1.15         0.52         0.23         0.42         0.48         0.35
        0.47         0.78         1.15         0.86         0.36         0.46         0.30         0.16         0.30
        0.33         0.70         1.24         0.96         0.75         0.42         0.21         0.09         0.15
        0.24         0.57         1.25         1.21         0.90         1.00         0.43         0.07         0.06
    432000      9     13
        0.17         0.29         1.63         0.98         1.45         0.83         1.34         1.15         1.32
        0.41         0.67         1.09         1.75         1.58         1.62         1.39         0.72         1.73
        0.65         0.61         1.65         0.99         1.13         0.86         0.46         0.91         0.86
        0.33         1.12         1.69         2.54         1.79         0.50         0.83         1.63         0.86
        0.19         0.99         1.35         1.82         1.81         0.63         0.32         1.10         1.03
        0.07         0.38         0.78         1.40         1.75         0.44         0.45         0.91         1.29
        0.07         0.20         0.43         0.82         1.01         0.31         0.34         0.93         1.10
        0.28         0.24         0.49         0.39         0.31         0.24         0.78         0.91         1.00
        0.08         0.18         0.17         0.29         0.19         0.13         0.26         0.65         0.82
        0.18         0.24         0.16         0.20         0.10         0.05         0.32         0.75         1.02
        0.05         0.22         0.23         0.31         0.11         0.10         0.19         0.29         0.27
        0.01         0.03         0.23         0.68         0.35         0.37         0.21         0.30         0.18
        0.01         0.29         0.21         0.56         0.61         0.50         0.14         0.13         0.06
    518400      9     13
        0.77         0.88         0.87         0.54         0.83         1.01         0.57         0.70         0.67
        1.54         0.98         0.96         0.84         0.66         0.45         0.92         0.97         0.68
        1.42         1.47         1.54         1.22         0.95         1.26         0.88         0.69         0.71
        1.21         2.13         1.21         1.12         1.00         0.83         1.00         0.40         0.57
        0.97         2.18         1.46         1.82         1.78         0.72         0.90         1.08         1.06
        0.70         1.86         0.86         1.17         1.47         0.66         0.67         1.50         1.76
        0.78         1.35         1.14         1.82         1.13         0.31         1.67         1.57         1.82
        0.38         0.46         0.61         0.49         0.55         0.38         0.77         0.74         1.12
        0.29         0.64         0.95         0.93         0.57         0.30         0.26         1.06         1.30
        0.18         0.31         0.30         0.52         0.44         0.20         0.22         0.57         0.89
        0.09         0.06         0.09         0.39         0.11         0.16         0.20         0.28         0.43
        0.16         0.30         0.21         0.31         0.15         0.14         0.28         0.28         0.11
        0.01         0.22         0.89         0.75         0.66         1.15         0.09         0.07         0.19
    604800      9     13
        0.90         0.85         1.31         0.51         0.87         0.37         0.66         0.43         0.72
        1.17         0.62         0.83         1.05         0.46         0.68         1.00         0.54         0.34
        0.84         0.71         0.29         0.87         0.31         1.20         0.49         0.37         0.89
        0.31         1.15         0.67         0.99         0.80         0.43         0.64         0.49         0.67
        0.86         0.87         0.79         1.35         0.91         0.26         1.17         0.97         0.71
        0.98         0.50         0.72         0.62         0.82         0.72         1.47         0.48         1.17
        0.65         0.45         0.35         0.64         0.50         0.44         0.97         0.76         0.96
        0.47         0.14         0.72         0.20         0.44         0.34         1.18         0.89         0.91
        0.35         0.41         0.56         0.42         0.25         0.60         0.79         0.17         0.65
        0.31         0.28         0.39         0.27         0.60         0.69         0.29         0.45         0.41
        0.45         0.39         0.67         0.25         0.16         0.10         0.08         0.29         0.49
        0.36         0.53         0.50         0.52         0.20         0.20         0.24         0.11         0.50
        0.54         0.42         0.37         0.37         0.45         1.33         0.34         0.41         0.59
    691200      9     13
        1.08         0.83         0.66         0.32         0.76         0.33         0.32         0.41         0.53
        0.68         0.65         0.42         0.49         0.37         0.31         0.74         0.65         0.21
        1.12         0.66         0.63         0.66         0.10         0.15         1.05         0.54         0.15
        0.56         1.07         1.07         1.40         0.70         0.56         0.24         0.37         0.44
        0.37         0.35         0.42         0.65         1.14         0.34         0.68         0.72         0.62
        0.46         0.29         0.26         0.46         0.74         0.64         0.71         0.45         0.51
        0.35         0.36         0.31         0.67         0.78         0.32         0.45         0.49         0.73
        0.53         0.27         0.82         0.25         0.33         0.26         0.38         0.72         0.31
        0.20         0.47         0.58         0.53         0.11         0.24         0.60         0.62         0.37
        0.44         0.41         0.51         0.20         0.49         0.52         0.38         0.08         0.48
        0.13         0.27         0.62         0.27         0.11         0.18         0.16         0.23         0.70
        0.68         0.66         0.71         0.56         0.16         0.35         0.23         0.08         0.81
        0.69         0.34         0.52         0.66         0.58         1.21         0.24         0.15         0.71
    777600      9     13
        0.47         0.74         0.56         0.45         0.62         0.37         0.12         0.63         0.60
        0.29         0.44         0.31         0.46         0.59         0.25         0.32         0.66         0.30
        0.26         0.28         0.36         0.25         0.28         0.23         0.50         0.60         0.20
        0.15         0.31         0.59         1.38         0.49         0.33         0.24         0.18         0.76
        0.19         0.36         0.25         0.60         1.04         0.35         0.26         0.33         0.35
        0.18         0.31         0.21         0.70         0.53         0.30         0.07         0.38         0.39
        0.07         0.26         0.10         0.16         0.42         0.17         0.26         0.12         0.26
        0.17         0.07         0.47         0.44         0.30         0.18         0.18         0.28         0.29
        0.08         0.15         0.47         0.53         0.10         0.11         0.18         0.21         0.33
        0.20         0.14         0.14         0.13         0.25         0.33         0.16         0.15         0.30
        0.18         0.10         0.41         0.22         0.14         0.11         0.07         0.09         0.14
        0.08         0.07         0.64         0.56         0.22         0.26         0.29         0.14         0.11
        0.33         0.54         0.69         0.64         0.36         1.32         0.29         0.06         0.11
    864000      9     13
        0.26         0.18         0.40         0.37         0.41         0.26         0.18         0.26         0.33
        0.17         0.23         0.25         0.25         0.41         0.19         0.15         0.29         0.43
        0.38         0.24         0.32         0.24         0.14         0.15         0.34         0.52         0.34
        0.19         0.23         0.34         1.04         0.30         0.32         0.28         0.18         0.69
        0.45         0.58         0.25         0.46         0.52         0.28         0.11         0.45         0.32
        0.16         0.67         0.36         0.31         0.33         0.20         0.03         0.20         0.48
        0.20         0.22         0.10         0.14         0.19         0.09         0.12         0.25         0.15
        0.08         0.05         0.52         0.39         0.33         0.24         0.14         0.25         0.12
        0.20         0.28         0.59         0.37         0.13         0.10         0.06         0.29         0.32
        0.40         0.28         0.68         0.31         0.18         0.08         0.26         0.28         0.28
        0.54         0.17         0.72         0.23         0.21         0.09         0.07         0.26         0.44
        0.14         0.59         0.57         0.44         0.18         0.23         0.26         0.15         0.10
        0.40         0.62         0.45         0.60         0.32         0.93         0.17         0.13         0.19
    950400      9     13
        0.45         0.25         0.37         0.47         0.28         0.34         0.08         0.16         0.31
        0.41         0.46         0.33         0.41         0.39         0.31         0.10         0.39         0.31
        0.69         0.71         0.47         0.44         0.06         0.07         0.43         0.46         0.13
        0.70         0.74         0.94         1.41         0.41         0.26         0.67         0.20         0.47
        0.49         0.91         0.24         0.83         0.58         0.20         0.17         0.38         0.76
        0.46         0.71         0.45         0.44         0.44         0.11         0.15         0.51         0.71
        0.45         0.51         0.14         0.24         0.45         0.11         0.36         0.54         0.69
        0.36         0.14         0.42         0.15         0.35         0.14         0.15         0.13         0.35
        0.22         0.51         0.68         0.34         0.31         0.08         0.15         0.23         0.41
        0.47         0.73         0.38         0.27         0.16         0.50         0.23         0.23         0.23
        0.46         0.54         0.34         0.25         0.14         0.11         0.15         0.08         0.32
        0.27         0.33         0.41         0.36         0.16         0.08         0.20         0.06         0.07
        0.24         0.24         0.42         0.36         0.39         0.90         0.09         0.13         0.09
   1036800      9     13
        0.31         0.47         0.97         0.82         1.05         0.56         0.67         0.69         0.63
        0.18         0.48         0.69         0.70         0.53         0.96         0.69         0.79         1.02
        0.27         0.25         0.29         0.26         0.20         0.50         0.61         0.74         0.72
        0.09         0.27         0.72         1.12         1.00         0.10         0.43         0.53         0.54
        0.10         0.31         0.62         1.03         1.39         0.28         0.23         0.66         0.86
        0.13         0.52         0.78         0.92         1.34         0.44         0.23         0.91         1.37
        0.29         0.88         0.28         0.55         0.81         0.14         0.28         0.99         1.11
        0.43         0.35         0.27         0.31         0.26         0.18         0.07         0.73         1.12
        0.13         0.24         0.38         0.29         0.09         0.04         0.07         0.61         1.07
        0.17         0.18         0.30         0.37         0.14         0.09         0.37         0.40         0.48
        0.21         0.26         0.40         0.19         0.05         0.15         0.04         0.14         0.40
        0.07         0.18         0.32         0.30         0.16         0.07         0.25         0.15         0.19
        0.29         0.43         0.63         0.42         0.43         0.73         0.15         0.11         0.05
   1123200      9     13
        0.94         1.06         1.90         1.23         1.02         0.50         0.49         0.56         0.58
        1.71         2.39         1.18         0.72         0.95         0.89         0.47         0.74         0.65
        1.46         1.71         1.15         0.92         0.56         0.43         0.74         0.89         0.29
        0.43         1.28         1.68         1.48         0.55         0.19         0.49         0.49         0.36
        0.23         0.67         0.90         1.20         1.47         0.34         0.56         0.70         0.53
        0.33         0.71         0.80         0.99         1.06         0.36         0.40         1.12         1.33
        0.39         0.71         0.40         1.22         0.75         0.29         0.67         0.73         0.93
        0.67         0.48         0.38         0.38         0.47         0.35         0.83         0.89         1.26
        0.64         0.52         0.75         0.77         0.63         0.47         0.42         0.73         1.27
        0.53         0.97         0.73         0.81         0.34         0.50         0.84         0.72         0.65
        0.09         0.51         0.73         0.69         0.43         0.49         0.38         0.54         0.43
        0.07         0.09         0.83         0.95         0.46         0.40         0.52         0.50         0.44
        0.08         0.21         0.90         0.96         0.66         0.98         0.28         0.26         0.28
   1209600      9     13
        0.66         0.33         0.44         0.20         0.13         0.14         0.22         0.13         0.10
        0.59         0.55         0.36         0.38         0.23         0.08         0.21         0.20         0.13
        0.22         0.46         0.59         0.57         0.36         0.47         0.32         0.50         0.21
        0.23         0.72         0.55         0.70         0.25         0.50         0.46         0.43         0.17
        0.37         0.55         0.32         1.15         0.79         0.33         0.36         0.23         0.33
        0.49         0.44         0.41         0.59         0.83         0.43         0.36         0.45         0.30
        0.37         0.46         0.74         0.66         0.75         0.40         0.56         0.18         0.29
        0.58         0.27         0.19         0.46         0.59         0.29         0.36         0.41         0.21
        0.45         0.27         0.94         0.78         0.24         0.40         0.40         0.21         0.23
        0.32         0.91         0.44         0.42         0.26         0.60         0.41         0.36         0.25
        0.29         0.08         0.45         0.56         0.41         0.47         0.23         0.25         0.45
        0.12         0.25         0.43         0.52         0.18         0.50         0.44         0.57         0.61
        0.10         0.33         0.58         0.70         0.44         0.73         0.27         0.17         0.16