         0      9     13
        0.02         0.03         0.06         0.11         0.05         0.10         0.22         0.12         0.03
        0.04         0.04         0.04         0.06         0.10         0.03         0.07         0.26         0.10
        0.05         0.03         0.07         0.14         0.07         0.22         0.31         0.18         0.06
        0.02         0.16         0.04         0.28         0.09         0.45         0.26         0.01         0.28
        0.02         0.06         0.10         0.02         0.06         0.20         0.14         0.08         0.06
        0.03         0.00         0.30         0.04         0.06         0.26         0.06         0.03         0.03
        0.10         0.01         0.30         0.03         0.10         0.11         0.04         0.06         0.04
        0.02         0.02         0.23         0.10         0.16         0.09         0.27         0.03         0.02
        0.16         0.21         0.10         0.35         0.08         0.16         0.02         0.02         0.13
        0.09         0.10         0.02         0.08         0.23         0.02         0.01         0.04         0.17
        0.08         0.08         0.23         0.17         0.09         0.13         0.08         0.03         0.16
        0.22         0.37         0.09         0.03         0.10         0.03         0.44         0.01         0.08
        0.49         0.24         0.35         0.08         0.19         0.02         0.07         0.09         0.11
     86400      9     13
        0.13         0.08         0.16         0.10         0.11         0.03         0.07         0.06         0.09
        0.12         0.08         0.10         0.08         0.07         0.08         0.06         0.14         0.09
        0.09         0.07         0.07         0.08         0.02         0.08         0.11         0.19         0.16
        0.02         0.09         0.09         0.07         0.22         0.14         0.09         0.02         0.36
        0.09         0.08         0.25         0.03         0.13         0.15         0.09         0.12         0.43
        0.02         0.10         0.12         0.12         0.12         0.15         0.23         0.21         0.51
        0.09         0.09         0.03         0.11         0.25         0.14         0.17         0.30         0.15
        0.10         0.07         0.16         0.19         0.18         0.22         0.19         0.16         0.47
        0.09         0.26         0.27         0.29         0.22         0.27         0.35         0.48         0.55
        0.16         0.17         0.11         0.11         0.33         0.17         0.14         0.41         0.55
        0.22         0.17         0.28         0.37         0.18         0.35         0.37         0.57         0.39
        0.27         0.33         0.34         0.44         0.30         0.32         0.30         0.32         0.28
        0.23         0.38         0.26         0.13         0.41         0.09         0.19         0.42         0.13
    172800      9     13
        0.10         0.10         0.14         0.09         0.10         0.08         0.07         0.03         0.05
        0.12         0.05         0.10         0.12         0.14         0.06         0.10         0.09         0.12
        0.14         0.12         0.11         0.12         0.09         0.08         0.04         0.18         0.14
        0.14         0.11         0.29         0.18         0.19         0.09         0.15         0.14         0.27
        0.19         0.14         0.16         0.08         0.10         0.09         0.12         0.14         0.24
        0.22         0.16         0.14         0.16         0.19         0.08         0.10         0.10         0.08
        0.26         0.06         0.20         0.15         0.23         0.08         0.05         0.11         0.09
        0.34         0.07         0.21         0.14         0.08         0.09         0.05         0.12         0.09
        0.46         0.31         0.24         0.22         0.14         0.08         0.05         0.03         0.10
        0.32         0.07         0.24         0.10         0.48         0.09         0.05         0.06         0.15
        0.22         0.34         0.60         0.31         0.27         0.16         0.14         0.12         0.15
        0.32         0.21         0.35         0.40         0.55         0.25         0.24         0.09         0.07
        0.25         0.29         0.21         0.46         0.55         0.22         0.09         0.11         0.09
    259200      9     13
        0.03         0.03         0.14         0.07         0.09         0.06         0.22         0.22         0.18
        0.04         0.03         0.12         0.14         0.20         0.14         0.16         0.19         0.16
        0.03         0.07         0.12         0.15         0.22         0.13         0.14         0.22         0.23
        0.01         0.04         0.10         0.17         0.10         0.10         0.06         0.10         0.16
        0.02         0.04         0.04         0.24         0.25         0.18         0.04         0.06         0.16
        0.01         0.03         0.05         0.03         0.12         0.09         0.06         0.17         0.23
        0.03         0.10         0.05         0.03         0.12         0.04         0.07         0.13         0.33
        0.08         0.06         0.05         0.05         0.03         0.03         0.05         0.08         0.19
        0.09         0.07         0.12         0.08         0.06         0.05         0.02         0.08         0.13
        0.07         0.05         0.06         0.11         0.10         0.25         0.08         0.04         0.06
        0.14         0.10         0.11         0.11         0.04         0.06         0.06         0.07         0.05
        0.07         0.13         0.30         0.22         0.09         0.12         0.12         0.05         0.06
        0.13         0.20         0.24         0.34         0.23         0.39         0.16         0.06         0.07
    345600      9     13
        0.67         0.50         1.03         0.88         1.05         1.28         1.02         0.91         1.24
        0.42         0.58         0.52         0.83         0.85         0.89         0.75         0.62         0.27
        0.37         0.43         0.50         0.37         0.52         0.40         0.65         0.72         0.62
        0.76         0.57         0.71         0.92         0.49         0.27         0.58         0.72         0.90
        0.24         0.26         0.47         0.95         0.84         0.47         0.70         0.82         1.43
        0.39         0.48         0.56         0.56         0.64         0.70         0.62         0.62         1.53
        0.34         0.29         0.40         0.78         0.43         0.19         0.48         0.78         0.95
        0.27         0.36         0.57         0.31         0.44         0.31         0.56         0.61         1.06
        0.33         0.17         0.59         0.37         0.35         0.32         0.67         0.68         0.76
        0.24         0.12         0.30         0.25         0.21         0.61         0.33         0.65         0.47
        0.32         0.29         0.25         0.10         0.17         0.44         0.40         0.54         0.56
        0.05         0.45         0.24         0.25         0.14         0.26         0.15         0.30         0.65
        0.12         0.27         0.37         0.38         0.24         0.43         0.25         0.22         0.95
    432000      9     13
        0.74         1.44         0.51         0.48         0.10         0.24         0.13         0.29         0.35
        1.04         0.87         0.53         0.11         0.35         0.43         0.15         0.14         0.50
        0.49         0.24         0.63         0.13         0.43         0.14         0.15         0.12         0.63
        0.40         0.38         0.67         0.18         0.41         0.23         0.18         0.16         0.26
        0.37         0.37         0.37         0.34         0.30         0.17         0.15         0.19         0.23
        0.35         0.44         0.41         0.43         0.32         0.16         0.34         0.17         0.13
        0.41         0.40         0.57         0.27         0.12         0.21         1.11         0.23         0.28
        0.28         0.52         0.17         0.26         0.07         0.11         0.85         0.21         0.19
        0.46         0.16         0.25         0.23         0.09         0.21         0.39         0.55         0.34
        0.26         0.34         0.21         0.21         0.36         0.56         0.38         0.54         0.46
        0.08         0.37         0.24         0.36         0.22         0.66         0.52         0.34         0.32
        0.28         0.13         0.20         0.15         0.16         0.09         0.34         0.50         0.68
        0.37         0.10         0.43         0.16         0.55         0.32         0.23         0.32         0.40
    518400      9     13
        0.14         0.07         0.53         0.23         0.17         0.68         0.08         0.07         0.19
        0.14         0.18         0.09         0.57         0.35         0.21         0.31         0.19         0.34
        0.08         0.27         0.29         0.15         0.49         0.16         0.10         0.09         0.24
        0.19         0.07         0.46         0.10         0.77         0.15         0.10         0.25         0.21
        0.36         0.23         0.36         0.18         0.57         0.26         0.12         0.20         0.15
        0.15         0.33         0.09         0.35         0.59         0.44         0.45         0.20         0.18
        0.17         0.47         0.10         0.06         0.16         0.16         0.34         0.13         0.13
        0.48         0.85         0.13         0.23         0.08         0.10         0.21         0.24         0.12
        0.37         0.61         0.21         0.21         0.06         0.13         0.26         0.18         0.21
        0.49         0.42         0.62         0.46         0.14         0.35         0.30         0.36         0.21
        0.39         0.65         0.96         0.40         0.13         0.33         0.15         0.47         0.40
        0.28         0.83         0.73         0.49         0.15         0.38         0.10         0.86         0.98
        0.94         0.45         0.59         0.30         1.03         0.28         0.15         0.33         0.27
    604800      9     13
        0.53         0.33         0.20         0.12         0.18         0.35         0.21         0.06         0.04
        0.16         0.14         0.04         0.39         0.16         0.15         0.15         0.07         0.08
        0.17         0.14         0.26         0.05         0.56         0.36         0.64         0.37         0.19
        0.10         0.28         0.27         0.05         0.51         0.28         0.25         0.06         0.17
        0.34         0.07         0.08         0.05         0.44         0.15         0.04         0.13         0.17
        0.16         0.18         0.12         0.16         0.23         0.10         0.19         0.33         0.14
        0.10         0.52         0.14         0.16         0.29         0.08         0.08         0.08         0.08
        0.08         0.27         0.19         0.32         0.09         0.06         0.25         0.06         0.03
        0.21         0.45         0.12         0.17         0.08         0.10         0.07         0.06         0.06
        0.11         0.28         0.26         0.30         0.13         0.04         0.06         0.09         0.05
        0.34         0.27         0.80         0.40         0.10         0.18         0.05         0.06         0.05
        0.10         0.29         0.13         0.09         0.15         0.24         0.13         0.03         0.06
        0.28         0.21         0.62         0.12         0.45         0.07         0.08         0.05         0.03
    691200      9     13
        0.03         0.08         0.05         0.03         0.07         0.11         0.20         0.11         0.31
        0.03         0.06         0.01         0.04         0.02         0.17         0.07         0.25         0.20
        0.04         0.02         0.04         0.01         0.02         0.05         0.03         0.07         0.37
        0.03         0.01         0.01         0.00         0.12         0.03         0.06         0.12         0.17
        0.04         0.01         0.02         0.00         0.02         0.05         0.07         0.40         0.31
        0.02         0.02         0.01         0.08         0.05         0.03         0.27         0.28         0.38
        0.02         0.01         0.01         0.02         0.06         0.03         0.21         0.20         0.38
        0.01         0.01         0.02         0.04         0.02         0.04         0.16         0.11         0.16
        0.04         0.03         0.01         0.06         0.04         0.04         0.04         0.20         0.30
        0.02         0.02         0.07         0.05         0.03         0.04         0.07         0.13         0.13
        0.04         0.31         0.07         0.06         0.06         0.12         0.07         0.10         0.15
        0.08         0.11         0.07         0.04         0.25         0.10         0.15         0.16         0.14
        0.13         0.08         0.10         0.04         0.19         0.07         0.22         0.15         0.13
    777600      9     13
        0.15         0.11         0.36         0.39         0.29         0.22         0.10         0.28         0.22
        0.20         0.14         0.21         0.16         0.21         0.31         0.17         0.30         0.28
        0.03         0.07         0.12         0.07         0.25         0.58         0.18         0.12         0.22
        0.19         0.19         0.16         0.06         0.37         0.34         0.14         0.04         0.23
        0.32         0.11         0.36         0.07         0.08         0.21         0.10         0.14         0.12
        0.14         0.35         0.11         0.34         0.56         0.39         0.32         0.13         0.10
        0.14         0.39         0.35         0.49         0.46         0.14         0.21         0.22         0.13
        0.29         0.43         0.34         0.32         0.23         0.17         0.35         0.16         0.19
        0.23         0.37         0.17         0.29         0.22         0.33         0.21         0.16         0.16
        0.34         0.23         0.48         0.22         0.17         0.28         0.29         0.31         0.21
        0.38         0.54         0.67         0.21         0.12         0.50         0.14         0.49         0.24
        0.55         0.89         0.21         0.42         0.33         0.40         0.17         0.25         0.20
        0.53         0.41         0.32         0.32         0.67         0.16         0.28         0.20         0.14
    864000      9     13
        0.56         0.53         0.26         0.19         0.19         0.65         0.11         0.12         0.14
        0.45         0.40         0.51         0.26         0.35         0.16         0.18         0.39         0.25
        0.46         0.36         0.35         0.30         0.16         0.22         0.07         0.12         0.62
        0.35         0.37         0.39         0.20         0.15         0.10         0.17         0.03         0.25
        0.32         0.58         0.36         0.19         0.22         0.27         0.20         0.22         0.29
        0.52         0.40         0.22         0.04         0.14         0.15         0.26         0.23         0.13
        0.43         0.49         0.10         0.17         0.16         0.18         0.15         0.17         0.39
        0.13         0.61         0.21         0.21         0.08         0.28         0.16         0.33         0.46
        0.28         0.33         0.16         0.32         0.10         0.17         0.21         0.52         0.71
        0.11         0.50         0.69         0.30         0.27         0.16         0.46         0.32         0.25
        0.56         0.65         0.65         0.32         0.09         0.55         0.17         0.24         0.31
        0.34         0.61         0.07         0.10         0.24         0.26         0.29         0.19         0.21
        0.60         0.34         0.18         0.16         0.43         0.26         0.21         0.27         0.18
    950400      9     13
        0.76         0.30         0.10         0.10         0.29         0.20         0.17         0.04         0.08
        0.47         0.25         0.06         0.12         0.16         0.21         0.07         0.04         0.14
        0.32         0.21         0.08         0.14         0.28         0.30         0.33         0.17         0.28
        0.37         0.10         0.16         0.15         0.35         0.15         0.06         0.11         0.31
        0.26         0.17         0.37         0.04         0.25         0.14         0.06         0.14         0.21
        0.32         0.07         0.15         0.26         0.23         0.21         0.35         0.24         0.11
        0.21         0.19         0.08         0.43         0.38         0.33         0.50         0.27         0.30
        0.22         0.07         0.18         0.18         0.30         0.35         0.36         0.68         0.10
        0.18         0.23         0.05         0.21         0.23         0.31         0.49         0.25         0.32
        0.19         0.18         0.10         0.15         0.34         0.30         0.28         0.55         0.36
        0.37         0.33         0.27         0.35         0.20         0.30         0.17         0.47         0.44
        0.24         0.35         0.55         0.36         0.26         0.37         0.23         0.44         0.89
        0.35         0.24         0.29         0.35         0.38         0.18         0.21         0.30         0.52
   1036800      9     13
        0.56         0.57         0.34         0.44         0.40         0.16         0.07         0.28         0.49
        0.48         0.24         0.23         0.30         0.13         0.10         0.20         0.26         0.38
        0.47         0.54         0.18         0.53         0.56         0.42         0.20         0.18         0.43
        0.12         0.20         0.38         0.15         0.53         0.30         0.25         0.25         0.41
        0.37         0.13         0.37         0.54         0.49         0.14         0.27         0.10         0.25
        0.16         0.15         0.08         0.41         0.26         0.29         0.26         0.20         0.32
        0.11         0.27         0.13         0.16         0.11         0.12         0.38         0.38         0.65
        0.37         0.46         0.27         0.26         0.09         0.30         0.31         0.27         0.21
        0.42         0.09         0.11         0.17         0.07         0.17         0.40         0.59         0.69
        0.18         0.22         0.33         0.33         0.07         0.36         0.34         0.31         0.72
        0.07         0.36         0.83         0.22         0.07         0.14         0.36         0.50         0.65
        0.05         0.39         0.34         0.11         0.16         0.28         0.16         0.57         0.35
        0.41         0.19         0.30         0.18         0.59         0.55         0.24         0.55         0.41
   1123200      9     13
        0.12         0.05         0.38         0.30         0.52         0.38         0.22         0.03         0.05
        0.21         0.43         0.44         0.29         0.19         0.38         0.20         0.03         0.06
        0.27         0.53         0.34         0.03         0.33         0.12         0.18         0.05         0.05
        0.20         0.33         0.29         0.24         0.77         0.17         0.27         0.04         0.38
        0.29         0.10         0.67         0.14         0.64         0.12         0.10         0.19         0.17
        0.28         0.30         0.27         0.60         0.33         0.09         0.07         0.04         0.28
        0.24         0.23         0.18         0.23         0.30         0.13         0.28         0.13         0.24
        0.20         0.48         0.14         0.20         0.14         0.18         0.18         0.07         0.24
        0.27         0.09         0.05         0.07         0.12         0.15         0.23         0.26         0.22
        0.12         0.08         0.16         0.08         0.05         0.18         0.25         0.14         0.15
        0.23         0.11         0.21         0.03         0.10         0.09         0.30         0.32         0.82
        0.51         0.58         0.23         0.09         0.03         0.07         0.25         0.77         0.64
        0.71         0.32         0.20         0.05         0.15         0.11         0.08         0.24         0.83
   1209600      9     13
        0.13         0.01         0.06         0.10         0.16         0.04         0.03         0.01         0.01
        0.21         0.12         0.02         0.05         0.02         0.01         0.05         0.02         0.05
        0.02         0.06         0.03         0.01         0.09         0.14         0.03         0.07         0.13
        0.02         0.03         0.01         0.02         0.79         0.06         0.10         0.04         0.37
        0.29         0.03         0.82         0.02         0.61         0.12         0.07         0.23         0.17
        0.27         0.08         0.05         0.33         0.60         0.22         0.16         0.18         0.26
        0.38         0.13         0.06         0.15         0.19         0.15         0.13         0.21         0.27
        0.73         0.41         0.13         0.15         0.38         0.21         0.23         0.29         0.26
        0.22         0.09         0.07         0.36         0.23         0.48         0.42         0.24         0.28
        0.16         0.18         0.05         0.23         0.09         0.29         0.35         0.27         0.21
        0.26         0.23         0.20         0.11         0.16         0.31         0.41         0.37         0.13
        0.63         0.46         0.09         0.02         0.08         0.05         0.21         0.39         0.33
        0.63         0.39         0.14         0.05         0.14         0.19         0.15         0.36         0.36