         0      9     13
        2.18         2.26         1.60         1.34         1.50         1.66         0.96         0.94         0.46
        2.06         2.80         2.60         1.85         1.20         1.33         1.31         0.62         0.44
        2.38         2.44         2.49         2.14         1.22         0.79         0.64         0.59         0.46
        1.98         1.88         1.72         1.85         1.75         1.44         0.46         0.43         0.78
        2.29         2.02         1.82         1.74         1.66         0.71         0.61         0.46         0.52
        1.72         1.36         1.26         1.21         1.10         0.84         0.62         0.44         0.47
        1.38         1.26         0.96         1.01         0.99         0.77         0.85         0.62         0.62
        1.67         1.35         1.45         1.32         1.10         0.99         0.95         0.64         0.43
        1.80         1.86         1.66         1.36         1.24         0.86         0.76         0.46         0.29
        2.52         2.13         1.61         1.33         1.10         0.69         0.42         0.37         0.36
        1.63         1.37         1.20         1.15         0.86         0.67         0.56         0.61         0.61
        1.24         1.23         1.19         1.14         1.14         0.88         1.01         0.65         0.72
        1.28         1.20         1.14         1.00         1.09         1.51         1.03         0.73         0.75
     86400      9     13
        0.42         0.11         0.07         0.12         0.22         0.11         0.23         0.30         0.22
        0.12         0.23         0.31         0.20         0.26         0.32         0.55         0.25         0.16
        0.09         0.14         0.24         0.42         0.22         0.29         0.48         0.49         0.53
        0.18         0.13         0.69         0.66         0.94         0.54         0.21         0.20         0.63
        0.34         0.34         0.36         0.37         0.27         0.25         0.14         0.22         0.36
        0.36         0.37         0.32         0.27         0.25         0.29         0.20         0.16         0.34
        0.33         0.41         0.50         0.48         0.47         0.25         0.23         0.16         0.55
        0.60         0.45         0.39         0.36         0.42         0.64         0.29         0.33         0.40
        0.53         0.76         0.70         1.00         0.54         0.46         0.45         0.63         0.66
        0.83         0.77         0.84         0.67         0.56         0.24         0.25         0.23         0.35
        0.42         0.42         0.35         0.33         0.26         0.17         0.10         0.13         0.12
        0.25         0.56         0.60         0.41         0.33         0.33         0.15         0.06         0.10
        0.58         0.49         0.69         0.91         0.74         0.98         0.29         0.12         0.09
    172800      9     13
        0.73         0.69         0.69         0.46         0.46         0.15         0.22         0.42         0.38
        0.52         0.86         0.54         0.56         0.41         0.25         0.35         0.66         0.25
        0.74         0.59         0.34         0.38         0.43         0.36         0.66         0.65         0.31
        0.61         0.75         1.59         0.96         0.71         0.40         0.48         0.41         0.78
        0.52         0.95         0.90         0.55         0.83         0.27         0.36         0.59         0.37
        0.37         0.76         0.87         0.61         0.71         0.29         0.39         0.72         0.44
        0.36         0.43         0.46         0.79         0.71         0.24         0.40         0.62         0.41
        0.18         0.27         0.42         0.33         0.58         0.46         0.46         0.34         0.27
        0.20         0.22         0.23         0.20         0.42         0.31         0.40         0.23         0.25
        0.24         0.28         0.18         0.20         0.24         0.26         0.46         0.43         0.19
        0.20         0.23         0.35         0.42         0.25         0.36         0.26         0.37         0.18
        0.29         0.33         0.27         0.41         0.27         0.28         0.27         0.47         0.35
        0.36         0.50         0.75         0.69         0.35         0.86         0.34         0.25         0.30
    259200      9     13
        0.64         0.66         0.86         1.19         1.11         0.81         0.57         0.75         1.51
        0.78         0.80         0.90         0.78         1.05         0.98         0.71         1.22         0.85
        0.78         0.92         0.85         0.82         0.84         1.05         1.42         0.83         0.70
        0.58         0.78         0.77         1.45         1.70         0.59         1.06         1.02         1.32
        0.39         0.81         0.41         1.08         1.56         0.72         0.73         1.12         1.01
        0.68         0.75         0.41         0.44         1.07         0.50         0.66         0.66         0.54
        0.43         0.84         0.47         0.50         0.70         0.29         0.88         0.55         0.50
        0.72         0.34         1.01         0.50         0.56         0.28         0.51         0.51         0.34
        0.81         0.73         0.55         0.75         0.46         0.18         0.28         0.26         0.24
        0.50         0.46         0.99         0.44         0.26         0.13         0.45         0.33         0.42
        0.24         0.56         0.99         0.56         0.19         0.26         0.28         0.39         0.37
        0.35         0.57         0.59         0.95         0.33         0.33         0.27         0.21         0.25
        0.69         0.35         0.44         0.79         1.00         0.77         0.24         0.19         0.23
    345600      9     13
        1.14         1.19         1.60         1.14         1.05         1.02         1.01         1.17         1.00
        0.79         0.94         1.47         1.71         1.45         1.28         0.82         0.73         0.67
        0.57         0.53         1.04         1.60         1.33         1.19         1.30         1.12         0.99
        0.49         0.91         1.07         1.48         1.50         0.79         0.97         1.51         1.55
        0.53         0.93         0.84         1.38         1.83         0.91         0.87         0.83         0.83
        0.47         0.69         0.65         0.84         1.95         0.92         0.89         0.78         0.88
        0.62         0.78         0.35         0.71         1.15         0.60         1.05         0.99         0.71
        0.76         0.36         0.71         0.57         0.54         0.46         0.92         0.98         0.80
        0.41         0.52         0.48         0.55         0.29         0.28         0.50         0.60         0.61
        0.31         0.26         0.68         0.99         0.41         0.11         0.33         0.34         0.26
        0.14         0.42         0.65         0.43         0.16         0.26         0.27         0.16         0.17
        0.14         0.58         0.70         0.43         0.49         0.50         0.34         0.15         0.10
        0.06         0.38         0.31         0.43         0.72         0.73         0.34         0.20         0.22
    432000      9     13
        0.39         0.71         0.61         0.38         0.40         0.54         0.25         0.18         0.22
        0.37         0.83         0.81         0.68         0.63         0.36         0.34         0.25         0.73
        0.60         0.99         0.74         0.35         0.86         0.23         0.23         0.49         1.23
        0.58         0.70         0.93         0.91         0.81         0.21         1.05         0.60         0.82
        0.55         0.82         0.42         0.49         1.04         0.36         0.36         0.55         0.12
        0.38         0.61         0.19         0.46         0.67         0.20         0.14         0.64         0.50
        0.33         0.78         0.44         0.60         0.40         0.15         0.10         0.16         0.44
        0.67         0.53         0.48         0.48         0.29         0.24         0.07         0.04         0.32
        0.52         0.57         0.36         0.28         0.32         0.30         0.19         0.10         0.03
        0.34         0.77         0.58         0.68         0.28         0.14         0.38         0.34         0.07
        0.16         0.46         1.12         0.55         0.26         0.31         0.10         0.14         0.13
        0.17         0.38         0.99         0.69         0.69         0.14         0.24         0.08         0.10
        0.10         0.42         0.65         0.97         0.53         0.62         0.16         0.08         0.03
    518400      9     13
        0.25         0.12         0.15         0.08         0.05         0.19         0.09         0.07         0.07
        0.14         0.20         0.06         0.09         0.11         0.07         0.06         0.21         0.13
        0.10         0.11         0.05         0.11         0.26         0.05         0.13         0.12         0.04
        0.10         0.14         0.21         0.89         0.22         0.17         0.35         0.18         0.17
        0.29         0.40         0.14         0.60         0.60         0.25         0.21         0.20         0.33
        0.69         0.27         0.16         0.58         0.30         0.15         0.20         0.34         0.14
        0.43         0.48         0.15         0.28         0.33         0.05         0.15         0.25         0.18
        0.38         0.30         0.31         0.26         0.14         0.05         0.08         0.04         0.04
        0.20         0.50         0.48         0.31         0.18         0.06         0.12         0.10         0.08
        0.31         0.54         0.29         0.15         0.08         0.01         0.13         0.18         0.14
        0.57         0.53         0.28         0.24         0.06         0.11         0.05         0.10         0.14
        0.11         0.62         0.54         0.55         0.19         0.20         0.15         0.15         0.33
        0.03         0.08         0.34         0.19         0.20         1.08         0.13         0.02         0.00
    604800      9     13
        0.25         0.29         0.38         0.48         0.44         0.15         0.15         0.41         0.22
        0.23         0.17         0.24         0.38         0.40         0.32         0.16         0.41         0.27
        0.39         0.14         0.19         0.39         0.11         0.15         0.34         0.47         0.14
        0.18         0.31         0.60         1.09         0.54         0.41         0.75         0.20         0.59
        0.14         0.24         0.24         1.48         1.24         0.28         0.43         0.30         0.91
        0.17         0.25         0.40         0.57         0.70         0.22         0.43         0.86         0.82
        0.26         0.96         0.19         0.32         0.42         0.18         0.21         0.58         0.95
        0.33         0.15         0.39         0.37         0.17         0.19         0.22         0.30         0.52
        0.51         0.28         0.80         0.58         0.11         0.19         0.18         0.32         0.52
        0.40         0.78         0.82         0.32         0.19         0.09         0.70         0.61         0.36
        0.26         0.47         0.36         0.31         0.19         0.26         0.12         0.27         0.47
        0.06         0.38         0.51         0.79         0.43         0.36         0.44         0.25         0.14
        0.26         0.48         0.50         0.61         0.67         1.35         0.46         0.17         0.16
    691200      9     13
        0.28         0.47         0.36         0.34         0.17         0.18         0.08         0.24         0.46
        0.27         0.37         0.14         0.15         0.31         0.13         0.22         0.35         0.36
        0.22         0.33         0.13         0.20         0.27         0.16         0.29         0.64         0.52
        0.22         0.55         0.30         1.29         0.58         0.25         0.68         0.50         0.83
        0.16         0.28         0.42         0.53         0.97         0.20         0.09         0.17         0.58
        0.32         0.25         0.12         0.22         0.52         0.23         0.08         0.22         0.38
        0.12         0.24         0.10         0.18         0.14         0.08         0.17         0.18         0.26
        0.34         0.09         0.24         0.28         0.15         0.08         0.05         0.09         0.08
        0.06         0.19         0.49         0.36         0.23         0.04         0.05         0.20         0.27
        0.11         0.30         0.35         0.16         0.07         0.03         0.14         0.37         0.40
        0.02         0.09         0.40         0.16         0.15         0.22         0.14         0.19         0.29
        0.03         0.21         0.55         0.13         0.28         0.39         0.51         0.17         0.08
        0.17         0.50         0.58         0.82         0.57         1.33         0.39         0.11         0.09
    777600      9     13
        0.46         1.25         1.29         1.17         0.76         0.45         0.59         0.66         0.89
        0.56         0.43         0.35         0.76         0.60         0.70         0.60         0.44         0.41
        0.35         0.30         0.43         0.31         0.40         0.15         0.62         0.80         0.39
        0.36         0.53         0.42         0.88         0.61         0.24         0.62         0.40         0.62
        0.09         0.30         0.16         0.41         0.86         0.24         0.10         0.20         0.50
        0.04         0.07         0.23         0.44         0.59         0.16         0.04         0.27         0.57
        0.03         0.18         0.09         0.17         0.20         0.10         0.15         0.41         0.67
        0.07         0.09         0.30         0.17         0.08         0.08         0.15         0.08         0.18
        0.04         0.14         0.41         0.46         0.17         0.06         0.04         0.18         0.22
        0.13         0.36         0.18         0.09         0.06         0.01         0.05         0.03         0.06
        0.04         0.06         0.19         0.14         0.09         0.06         0.04         0.05         0.14
        0.04         0.06         0.16         0.35         0.21         0.07         0.14         0.12         0.02
        0.29         0.29         0.50         0.20         0.11         0.73         0.14         0.11         0.03
    864000      9     13
        0.43         0.68         0.47         0.60         0.38         0.20         0.08         0.42         0.40
        0.23         0.31         0.33         0.29         0.19         0.10         0.12         0.27         0.25
        0.15         0.13         0.09         0.15         0.04         0.05         0.35         0.22         0.34
        0.09         0.18         0.18         0.90         0.30         0.17         0.39         0.07         0.25
        0.21         0.24         0.11         0.40         0.77         0.14         0.01         0.08         0.32
        0.03         0.04         0.06         0.12         0.38         0.12         0.02         0.11         0.25
        0.02         0.05         0.05         0.03         0.08         0.07         0.03         0.06         0.06
        0.03         0.01         0.08         0.05         0.07         0.03         0.02         0.02         0.01
        0.02         0.09         0.10         0.05         0.04         0.01         0.01         0.02         0.01
        0.12         0.06         0.04         0.08         0.07         0.01         0.06         0.04         0.01
        0.01         0.12         0.13         0.09         0.05         0.14         0.06         0.04         0.03
        0.05         0.20         0.17         0.19         0.23         0.18         0.15         0.05         0.01
        0.15         0.48         0.51         0.37         0.20         0.62         0.12         0.08         0.08
    950400      9     13
        0.55         1.40         0.92         0.63         0.77         0.39         0.21         0.37         0.67
        0.35         0.42         0.54         0.26         0.50         0.13         0.23         0.45         0.13
        0.06         0.10         0.08         0.07         0.04         0.05         0.26         0.16         0.06
        0.05         0.13         0.19         0.39         0.33         0.22         0.05         0.15         0.25
        0.02         0.07         0.09         0.34         0.44         0.19         0.07         0.12         0.40
        0.01         0.05         0.06         0.08         0.23         0.12         0.05         0.15         0.26
        0.01         0.05         0.05         0.05         0.15         0.07         0.04         0.04         0.19
        0.05         0.02         0.09         0.10         0.06         0.08         0.03         0.05         0.19
        0.18         0.08         0.27         0.29         0.05         0.05         0.03         0.13         0.11
        0.41         0.31         0.21         0.06         0.07         0.18         0.11         0.07         0.14
        0.20         0.42         0.31         0.11         0.05         0.17         0.17         0.23         0.32
        0.12         0.27         0.30         0.21         0.16         0.10         0.18         0.10         0.03
        0.25         0.22         0.25         0.26         0.19         0.54         0.12         0.08         0.11
   1036800      9     13
        0.69         0.80         0.60         0.55         0.43         0.30         0.17         0.14         0.12
        0.56         0.30         0.28         0.13         0.19         0.08         0.08         0.08         0.06
        0.03         0.09         0.21         0.14         0.11         0.04         0.23         0.16         0.04
        0.02         0.13         0.43         0.71         0.31         0.29         0.08         0.04         0.17
        0.08         0.22         0.11         0.40         0.55         0.17         0.10         0.19         0.28
        0.15         0.07         0.07         0.16         0.46         0.09         0.02         0.17         0.42
        0.06         0.30         0.20         0.26         0.17         0.04         0.02         0.03         0.29
        0.23         0.14         0.25         0.05         0.07         0.03         0.02         0.05         0.11
        0.29         0.27         0.20         0.12         0.04         0.05         0.08         0.03         0.05
        0.27         0.48         0.34         0.27         0.13         0.21         0.02         0.14         0.05
        0.38         0.35         0.26         0.13         0.07         0.06         0.03         0.15         0.04
        0.07         0.09         0.08         0.24         0.10         0.06         0.09         0.04         0.04
        0.06         0.09         0.14         0.15         0.16         0.78         0.22         0.22         0.15
   1123200      9     13
        0.02         0.03         0.12         0.32         0.18         0.05         0.06         0.05         0.03
        0.05         0.04         0.05         0.08         0.09         0.08         0.05         0.05         0.04
        0.04         0.11         0.11         0.08         0.07         0.03         0.06         0.06         0.01
        0.01         0.07         0.17         0.28         0.13         0.06         0.05         0.02         0.09
        0.03         0.06         0.09         0.16         0.14         0.07         0.01         0.03         0.05
        0.12         0.06         0.08         0.07         0.20         0.05         0.01         0.02         0.05
        0.08         0.16         0.02         0.04         0.06         0.01         0.01         0.02         0.01
        0.04         0.03         0.09         0.04         0.04         0.01         0.00         0.00         0.00
        0.07         0.06         0.04         0.04         0.03         0.00        -0.00         0.00         0.01
        0.06         0.04         0.03         0.03         0.03         0.01         0.01         0.00         0.00
        0.01         0.07         0.07         0.04         0.02         0.01         0.03         0.02         0.01
        0.02         0.08         0.07         0.06         0.05         0.01         0.05         0.05         0.01
        0.04         0.04         0.05         0.09         0.03         0.30         0.02         0.00         0.01
   1209600      9     13
        0.02         0.01         0.04         0.03         0.03         0.04         0.02         0.03         0.04
        0.01         0.02         0.02         0.02         0.03         0.02         0.02         0.05         0.03
        0.01         0.01         0.03         0.04         0.04         0.02         0.05         0.04         0.02
        0.02         0.03         0.01         0.54         0.11         0.08         0.10         0.01         0.09
        0.02         0.10         0.06         0.09         0.18         0.08         0.01         0.06         0.17
        0.02         0.07         0.08         0.03         0.05         0.04         0.02         0.03         0.05
        0.04         0.04         0.02         0.02         0.03         0.02         0.01         0.01         0.06
        0.02         0.01         0.04         0.06         0.04         0.04         0.01         0.02         0.01
        0.02         0.04         0.07         0.04         0.04         0.01         0.01         0.03         0.01
        0.05         0.02         0.04         0.02         0.03         0.02         0.01         0.01         0.01
        0.01         0.04         0.04         0.11         0.05         0.02         0.04         0.02         0.03
        0.02         0.02         0.04         0.05         0.05         0.08         0.10         0.04         0.01
        0.03         0.03         0.05         0.10         0.08         0.29         0.06         0.01         0.00