         0      9     13
        0.77         0.25         0.11         0.25         0.10         0.16         0.12         0.16         0.20
        0.58         0.39         0.35         0.13         0.21         0.05         0.13         0.33         0.31
        0.88         0.60         0.42         0.29         0.14         0.05         0.65         0.53         0.21
        0.52         0.91         0.40         1.76         0.26         0.25         0.12         0.33         0.49
        0.76         0.64         0.76         1.22         0.62         0.35         0.12         0.49         0.38
        0.19         0.51         0.48         0.41         0.51         0.31         0.32         0.63         0.29
        0.56         0.32         0.16         0.67         0.67         0.30         0.30         0.16         0.77
        0.49         0.12         0.42         0.29         0.33         0.10         0.25         0.29         0.83
        0.34         0.43         0.62         0.42         0.19         0.25         0.57         0.44         0.61
        0.81         0.76         0.69         0.37         0.27         0.20         0.10         0.06         0.35
        0.71         0.99         1.25         0.52         0.31         0.24         0.10         0.39         0.48
        0.78         1.09         0.90         1.03         0.59         0.33         0.23         0.05         0.24
        0.66         0.65         0.89         0.80         0.40         1.38         0.36         0.06         0.11
     86400      9     13
        0.28         0.16         0.16         0.10         0.12         0.25         0.30         0.29         0.10
        0.33         0.35         0.14         0.27         0.26         0.26         0.47         0.46         0.23
        0.13         0.51         0.22         0.19         0.20         0.10         0.46         0.63         0.26
        0.26         0.62         0.65         1.69         0.63         0.34         0.36         0.13         0.44
        0.39         0.29         0.40         0.86         0.87         0.39         0.27         0.53         0.58
        0.36         0.28         0.28         0.84         0.88         0.37         0.48         0.45         0.51
        0.26         0.38         0.24         0.62         0.67         0.22         0.24         0.18         0.49
        0.14         0.25         0.65         0.23         0.27         0.30         0.48         0.40         0.26
        0.03         0.17         0.48         0.59         0.34         0.23         0.80         0.36         0.46
        0.28         1.08         0.67         0.63         0.41         0.41         0.55         0.27         0.19
        0.49         0.75         0.97         1.13         0.49         0.25         0.12         0.21         0.33
        0.39         0.74         0.59         0.51         0.39         0.24         0.18         0.07         0.13
        0.55         0.43         0.51         0.55         0.57         1.30         0.38         0.19         0.19
    172800      9     13
        1.01         0.48         0.30         0.20         0.45         0.13         0.32         0.38         0.35
        0.47         0.34         0.69         0.36         0.64         0.33         0.38         0.47         0.16
        0.13         0.12         0.33         0.48         0.31         0.11         0.55         0.50         0.28
        0.26         0.51         0.89         1.49         0.69         0.28         0.49         0.16         0.34
        0.18         0.24         0.28         0.84         0.71         0.22         0.11         0.31         0.48
        0.27         0.26         0.50         0.32         0.34         0.16         0.24         0.38         0.72
        0.31         0.32         0.27         0.36         0.19         0.32         0.24         0.28         0.56
        0.23         0.14         0.40         0.13         0.19         0.23         0.16         0.45         0.37
        0.15         0.18         0.25         0.18         0.14         0.22         0.41         0.15         0.44
        0.24         0.42         0.33         0.09         0.16         0.30         0.17         0.37         0.43
        0.11         0.27         0.18         0.19         0.12         0.16         0.16         0.33         0.28
        0.19         0.20         0.28         0.47         0.35         0.11         0.14         0.18         0.23
        0.30         0.49         0.32         0.55         0.25         1.03         0.21         0.10         0.25
    259200      9     13
        0.66         0.52         0.78         0.75         0.43         0.36         0.80         0.76         0.85
        0.46         0.44         0.32         0.39         0.60         0.35         0.62         0.91         0.49
        0.20         0.22         0.27         0.49         0.41         0.36         1.35         0.51         0.29
        0.10         0.30         0.38         1.35         0.86         0.52         0.27         0.16         0.57
        0.11         0.23         0.32         0.56         0.87         0.28         0.29         0.31         0.49
        0.19         0.27         0.38         0.25         0.30         0.41         0.18         0.22         0.54
        0.20         0.24         0.14         0.21         0.17         0.21         0.34         0.26         0.43
        0.18         0.09         0.13         0.08         0.08         0.12         0.22         0.19         0.26
        0.12         0.14         0.11         0.08         0.11         0.19         0.25         0.36         0.31
        0.12         0.14         0.25         0.27         0.11         0.35         0.40         0.43         0.29
        0.04         0.17         0.45         0.32         0.16         0.21         0.22         0.15         0.17
        0.11         0.32         0.70         0.77         0.25         0.32         0.30         0.26         0.22
        0.25         0.52         0.83         0.83         0.52         0.56         0.20         0.14         0.43
    345600      9     13
        0.43         1.05         0.76         0.71         0.69         0.17         0.31         0.43         0.33
        1.06         0.90         0.61         0.50         0.43         0.21         0.34         0.65         0.40
        0.40         0.24         0.42         0.24         0.17         0.34         0.91         0.89         0.28
        0.08         0.34         0.74         0.86         0.68         0.46         0.53         0.12         0.46
        0.21         0.46         0.60         0.97         0.70         0.30         0.42         0.41         0.53
        0.11         0.65         0.46         0.64         0.73         0.33         0.43         0.50         0.40
        0.18         0.54         0.29         0.20         0.49         0.20         0.59         0.32         0.43
        0.52         0.41         0.53         0.15         0.15         0.07         0.19         0.13         0.18
        0.09         0.43         0.24         0.21         0.03         0.18         0.29         0.33         0.47
        0.34         0.47         0.14         0.09         0.11         0.86         0.64         0.20         0.34
        0.05         0.04         0.08         0.08         0.04         0.08         0.15         0.20         0.37
        0.10         0.10         0.07         0.17         0.05         0.21         0.15         0.17         0.52
        0.59         0.18         0.38         0.44         0.26         1.21         0.35         0.25         0.29
    432000      9     13
        0.65         0.66         0.40         0.47         0.40         0.12         0.26         0.49         0.96
        0.46         0.27         0.32         0.28         0.35         0.13         0.67         0.83         0.13
        0.46         0.18         0.24         0.29         0.08         0.06         0.47         0.47         0.16
        0.19         0.69         0.56         1.01         0.37         0.16         0.54         0.17         0.33
        0.16         0.34         0.22         0.66         0.58         0.22         0.37         0.53         0.61
        0.12         0.15         0.32         0.62         0.39         0.26         0.20         0.74         0.74
        0.14         0.47         0.12         0.43         0.25         0.24         0.50         0.44         0.51
        0.47         0.11         0.38         0.17         0.10         0.37         0.24         0.44         0.32
        0.27         0.27         0.54         0.36         0.07         0.18         0.30         0.54         0.49
        0.40         0.24         0.37         0.27         0.16         0.64         0.32         0.27         0.41
        0.20         0.30         0.39         0.20         0.12         0.25         0.24         0.25         0.30
        0.33         0.26         0.30         0.21         0.16         0.13         0.11         0.50         0.34
        0.33         0.25         0.31         0.24         0.12         1.01         0.16         0.07         0.52
    518400      9     13
        0.75         0.67         0.72         0.54         0.35         0.20         0.77         0.40         0.66
        0.72         0.29         0.24         0.28         0.28         0.56         0.88         0.86         0.52
        0.35         0.16         0.28         0.45         0.20         0.41         0.76         0.72         0.37
        0.19         0.36         0.54         1.36         0.55         0.22         0.79         0.67         0.71
        0.21         0.36         0.45         1.33         1.48         0.39         0.87         1.04         1.22
        0.22         0.18         0.65         0.83         0.55         0.24         0.49         0.91         0.95
        0.15         0.32         0.38         0.66         0.36         0.20         0.72         0.97         1.08
        0.11         0.05         0.42         0.12         0.33         0.07         0.48         0.91         0.91
        0.10         0.25         0.30         0.40         0.07         0.11         0.26         0.65         0.60
        0.08         0.17         0.08         0.05         0.08         0.29         0.67         0.50         0.76
        0.05         0.04         0.09         0.08         0.08         0.14         0.37         0.25         0.71
        0.05         0.09         0.32         0.46         0.10         0.10         0.13         0.39         0.41
        0.33         0.45         0.36         0.38         0.35         0.97         0.18         0.10         0.41
    604800      9     13
        0.71         0.61         0.64         0.54         0.44         0.30         0.70         0.23         0.62
        1.00         0.45         0.31         0.48         0.55         0.45         0.23         0.53         0.22
        0.42         0.31         0.21         0.33         0.21         0.41         0.77         0.29         0.19
        0.19         0.60         0.36         0.98         0.55         0.27         0.38         0.34         0.73
        0.23         0.33         0.27         0.78         1.24         0.28         0.58         1.05         1.26
        0.12         0.25         0.39         0.64         0.53         0.41         0.98         0.68         1.32
        0.26         0.86         0.34         1.05         0.52         0.52         0.83         0.52         0.85
        0.23         0.19         0.39         0.18         0.41         0.49         0.76         0.49         0.93
        0.17         0.41         0.66         0.30         0.26         0.46         0.55         0.39         0.63
        0.38         0.51         0.61         0.42         0.26         0.36         0.09         0.12         0.44
        0.53         0.90         0.66         0.30         0.06         0.32         0.39         0.25         0.31
        0.18         0.67         1.02         0.39         0.09         0.11         0.20         0.35         0.28
        0.64         0.57         0.72         0.65         0.53         0.88         0.30         0.28         0.39
    691200      9     13
        0.75         0.61         0.75         0.51         0.65         0.20         0.53         0.78         0.97
        1.20         0.49         0.56         0.66         0.44         0.61         1.08         1.16         0.29
        0.78         0.54         0.47         0.55         0.10         0.67         0.68         0.53         0.28
        0.29         0.46         0.44         0.97         0.83         0.39         0.65         1.01         0.61
        0.28         0.33         0.53         0.93         0.86         0.33         1.28         1.01         1.24
        0.31         0.36         0.26         0.91         0.71         0.46         0.98         0.67         0.38
        0.16         0.56         0.09         0.41         0.59         0.73         0.83         0.73         1.15
        0.32         0.08         0.65         0.10         0.28         0.38         1.08         0.82         0.70
        0.20         0.17         0.33         0.42         0.24         0.75         1.02         0.73         0.64
        0.42         1.12         0.44         0.26         0.28         0.47         0.55         0.35         0.53
        0.68         1.24         0.60         0.33         0.25         0.36         0.38         0.19         0.18
        0.47         0.94         0.71         0.80         0.47         0.66         0.26         0.20         0.27
        0.52         0.82         0.87         0.59         0.75         1.68         0.45         0.15         0.37
    777600      9     13
        0.30         0.33         0.44         0.27         0.28         0.14         0.37         0.59         0.42
        0.48         0.40         0.27         0.28         0.20         0.21         0.36         0.32         0.13
        0.18         0.31         0.20         0.33         0.07         0.18         0.35         0.30         0.24
        0.12         0.37         0.39         0.43         0.30         0.30         0.25         0.32         0.44
        0.17         0.16         0.19         0.72         0.43         0.15         0.35         0.93         1.06
        0.31         0.19         0.18         0.48         0.37         0.33         0.36         0.82         0.99
        0.40         0.37         0.12         0.34         0.31         0.17         0.40         0.24         0.96
        0.40         0.14         0.42         0.16         0.13         0.12         0.16         0.34         0.29
        0.57         0.51         0.36         0.21         0.14         0.23         0.30         0.29         0.30
        0.66         0.40         0.33         0.40         0.20         1.02         0.76         0.43         0.17
        0.45         0.38         0.76         0.24         0.12         0.40         0.44         0.37         0.12
        1.07         0.56         0.49         0.66         0.16         0.49         0.18         0.11         0.43
        0.32         0.82         0.96         0.86         0.73         1.40         0.30         0.22         0.84
    864000      9     13
        0.36         0.68         0.83         0.76         0.40         0.21         1.02         0.73         0.89
        1.10         0.64         0.53         0.80         0.44         0.61         0.56         0.69         1.30
        0.34         0.37         0.53         0.42         0.42         0.33         0.95         0.83         0.36
        0.01         0.29         0.38         0.83         0.54         0.40         0.71         0.39         1.08
        0.11         0.33         0.68         1.15         1.55         0.58         0.49         0.55         1.60
        0.05         0.35         0.48         0.62         1.21         0.70         0.62         0.99         1.75
        0.13         0.68         0.13         0.66         0.47         0.15         0.81         1.06         1.20
        0.17         0.16         0.22         0.12         0.21         0.13         0.43         0.57         0.71
        0.03         0.11         0.59         0.31         0.16         0.23         0.46         0.98         1.13
        0.20         0.13         0.45         0.47         0.17         0.53         0.97         1.09         0.93
        0.10         0.11         0.12         0.34         0.08         0.27         0.30         0.66         0.90
        0.04         0.14         0.24         0.40         0.18         0.37         0.45         0.31         0.22
        0.03         0.22         0.36         0.43         0.46         0.67         0.16         0.22         0.42
    950400      9     13
        0.85         0.95         1.35         1.17         0.71         0.71         0.74         0.67         1.12
        1.07         1.01         1.14         0.70         0.50         0.78         0.72         0.92         1.00
        0.55         1.07         1.24         0.71         0.77         0.43         0.95         0.92         0.78
        0.99         1.45         0.87         0.97         0.56         0.71         0.98         1.24         0.84
        1.06         1.03         0.71         0.75         1.15         0.73         0.79         0.92         1.32
        0.35         0.51         0.65         0.59         0.68         0.67         1.26         1.51         1.39
        0.54         0.39         0.44         0.60         0.55         0.67         0.91         0.78         0.68
        0.48         0.82         0.36         0.45         0.59         0.76         0.84         0.86         1.28
        0.62         0.53         0.63         0.66         0.69         0.91         0.67         0.70         1.11
        0.87         0.68         0.52         0.95         0.66         0.71         0.73         0.65         1.46
        1.12         1.59         0.76         0.59         0.59         0.42         0.64         1.27         0.67
        0.98         1.15         1.20         1.10         0.36         0.72         0.69         1.14         0.94
        0.44         0.61         0.89         1.10         0.54         0.98         0.35         0.49         0.98
   1036800      9     13
        0.97         0.57         1.10         1.48         0.75         0.56         1.10         0.71         0.85
        1.00         0.82         0.92         1.04         0.74         1.49         0.81         0.72         0.88
        0.43         0.75         0.96         0.98         1.19         1.30         0.89         0.64         1.10
        0.40         0.98         0.89         1.64         0.94         0.72         0.62         1.27         1.39
        0.82         0.63         0.70         1.52         0.91         0.96         1.00         2.11         1.12
        0.74         0.90         0.80         1.45         1.02         1.03         1.04         1.01         1.10
        0.71         0.60         0.79         0.91         1.02         1.48         1.17         1.16         1.91
        0.78         0.36         0.52         0.82         1.13         0.83         1.01         1.42         1.16
        0.56         0.50         1.16         0.66         0.43         0.79         0.94         0.93         1.08
        1.04         1.09         1.19         0.85         0.75         1.05         0.95         1.47         0.81
        0.93         0.71         0.94         0.36         0.57         0.96         1.08         0.59         1.37
        0.76         0.75         0.89         0.92         0.25         0.46         0.59         0.80         0.54
        0.62         0.86         0.94         0.90         0.99         1.26         0.48         0.61         0.74
   1123200      9     13
        1.04         1.10         0.62         0.71         0.63         0.48         0.67         0.96         0.51
        1.36         1.13         0.58         0.82         0.49         0.97         0.96         0.82         1.03
        0.94         0.98         0.39         0.70         0.31         0.64         0.64         0.71         0.61
        0.70         0.93         1.15         0.87         0.62         0.54         0.66         1.62         1.11
        0.48         0.42         0.99         0.78         0.73         0.91         0.76         1.03         1.30
        0.63         0.51         0.49         1.03         1.27         0.85         0.80         1.09         1.11
        0.31         0.61         0.56         0.68         0.78         1.03         1.25         1.11         1.46
        0.63         0.57         1.04         0.32         0.72         0.85         0.92         0.50         0.97
        0.54         0.50         0.46         0.48         0.42         0.81         0.77         0.78         1.62
        0.57         0.72         0.81         0.69         0.84         0.84         0.88         1.41         1.07
        1.37         0.45         0.75         0.42         0.47         0.47         0.93         0.59         0.70
        1.18         0.31         0.64         1.00         0.37         1.01         0.47         0.64         0.94
        0.88         0.48         0.76         0.64         0.72         0.96         0.46         0.88         0.69
   1209600      9     13
        0.35         0.68         0.67         0.56         0.62         0.17         0.50         0.28         0.58
        0.69         0.76         0.66         0.75         0.25         0.57         1.02         0.76         0.10
        0.45         0.54         0.25         0.55         0.06         0.75         0.33         0.31         0.26
        0.27         0.70         0.89         0.62         0.44         0.34         0.42         0.56         0.58
        0.15         0.39         0.62         0.51         0.42         0.40         0.91         0.73         0.72
        0.23         0.35         0.36         0.84         0.72         0.48         0.61         0.44         0.87
        0.15         0.54         0.79         0.81         0.90         0.52         0.63         1.09         1.03
        0.48         0.28         0.77         0.18         0.45         0.54         0.36         0.92         0.74
        0.26         0.38         0.46         0.89         0.40         1.10         0.52         0.52         1.04
        0.42         0.57         0.57         0.93         0.49         0.20         0.80         0.53         1.02
        0.89         1.01         1.29         0.36         0.19         0.26         0.39         0.19         0.62
        1.52         1.30         1.28         0.99         0.22         0.75         0.31         0.29         0.22
        1.17         1.24         0.51         0.34         0.89         0.99         0.23         0.28         1.03