         0      9     13
        0.39         0.46         0.12         0.17         0.34         0.16         0.12         0.04         0.01
        0.37         0.35         0.11         0.08         0.04         0.14         0.07         0.07         0.08
        0.12         0.22         0.14         0.07         0.07         0.24         0.14         0.16         0.14
        0.09         0.08         0.11         0.05         0.26         0.51         0.17         0.03         0.94
        0.55         0.12         0.24         0.01         0.15         0.35         0.10         0.13         0.35
        0.36         0.21         0.16         0.01         0.07         0.14         0.12         0.19         0.26
        0.46         0.74         0.06         0.01         0.07         0.11         0.05         0.03         0.10
        0.58         0.53         0.16         0.04         0.02         0.00         0.01         0.02         0.02
        0.27         0.71         0.08         0.04         0.00         0.00         0.00         0.00         0.02
        0.23         0.47         0.31         0.02         0.18         0.00         0.00         0.17         0.00
        0.63         0.20         0.46         0.21         0.08         0.01         0.00         0.03         0.00
        0.35         0.41         0.25         0.15         0.09         0.15         0.04         0.08         0.24
        0.34         0.31         0.11         0.03         0.37         0.08         0.04         0.11         0.14
     86400      9     13
        0.09         0.05         0.31         0.12         0.27         0.12         0.18         0.09         0.05
        0.08         0.05         0.12         0.10         0.10         0.29         0.16         0.06         0.03
        0.08         0.12         0.18         0.15         0.17         0.11         0.11         0.08         0.10
        0.05         0.14         0.17         0.09         0.27         0.24         0.33         0.09         0.18
        0.16         0.12         0.33         0.07         0.17         0.27         0.21         0.09         0.22
        0.11         0.22         0.28         0.10         0.48         0.27         0.21         0.28         0.09
        0.29         0.17         0.44         0.34         0.41         0.29         0.43         0.20         0.18
        0.34         0.41         0.37         0.42         0.34         0.29         0.38         0.31         0.16
        0.44         0.53         0.23         0.23         0.40         0.31         0.52         0.32         0.17
        0.21         0.41         0.46         0.30         0.71         0.12         0.16         0.45         0.15
        0.29         0.44         0.49         0.51         0.12         0.69         0.20         0.27         0.43
        0.24         0.44         0.33         0.32         0.29         0.40         0.44         0.16         0.41
        0.14         0.45         0.42         0.78         0.75         0.28         0.33         0.36         0.43
    172800      9     13
        0.69         0.68         0.71         0.18         0.70         0.10         0.33         0.27         0.66
        0.44         0.63         0.31         0.33         0.48         0.30         0.29         0.39         0.11
        0.60         0.61         0.69         0.45         0.15         0.66         0.26         0.34         0.73
        0.38         0.44         0.95         0.82         0.46         0.55         0.35         0.32         0.34
        0.25         0.33         0.53         0.86         0.62         0.81         0.31         0.48         0.55
        0.36         0.48         0.57         0.68         0.79         0.53         0.41         0.91         0.52
        0.48         0.42         0.71         0.53         0.31         0.35         0.37         0.88         0.63
        0.66         0.38         0.21         0.45         0.41         0.39         0.44         0.82         0.81
        0.58         0.36         0.22         0.77         0.35         0.36         0.18         0.69         0.84
        0.34         0.54         0.78         0.54         0.31         0.23         0.74         0.55         0.70
        0.49         0.59         0.76         0.30         0.37         0.51         0.35         0.36         0.27
        0.37         0.41         0.47         0.64         0.24         0.36         0.17         0.28         0.54
        0.74         0.50         0.65         0.43         0.68         0.43         0.32         0.68         0.78
    259200      9     13
        0.36         0.25         0.32         0.32         0.30         0.15         0.33         0.32         0.35
        0.42         0.65         0.32         0.30         0.28         0.32         0.34         0.39         0.08
        0.17         0.70         0.23         0.14         0.21         0.17         0.49         0.18         0.10
        0.18         0.56         0.31         0.99         0.22         0.24         0.36         0.14         0.20
        0.11         0.33         0.49         0.50         0.55         0.18         0.22         0.19         0.36
        0.45         0.56         0.51         0.94         0.39         0.18         0.30         0.11         0.61
        0.31         0.30         0.37         0.67         0.52         0.37         0.18         0.37         0.32
        0.41         0.25         0.40         0.13         0.32         0.35         0.47         0.19         0.19
        0.46         0.33         0.40         0.29         0.11         0.46         0.24         0.11         0.19
        0.66         0.84         0.61         0.36         0.40         0.23         0.37         0.48         0.34
        0.74         1.36         0.45         0.21         0.16         0.24         0.33         0.27         0.08
        1.18         0.68         0.87         0.63         0.15         0.48         0.11         0.11         0.32
        0.92         0.71         1.06         0.47         0.68         0.41         0.17         0.79         0.25
    345600      9     13
        0.17         0.30         0.34         0.10         0.10         0.59         0.34         0.20         0.17
        0.31         0.30         0.16         0.49         0.31         0.41         0.73         0.74         0.22
        0.30         0.34         0.22         0.37         0.13         0.67         0.53         0.49         0.22
        0.07         0.63         0.48         0.44         0.30         0.21         0.41         0.37         0.37
        0.32         0.34         0.30         0.37         0.45         0.42         0.48         0.74         0.23
        0.35         0.18         0.35         0.46         0.51         0.46         0.61         0.17         0.67
        0.34         0.46         0.55         0.40         0.40         0.18         0.16         0.55         1.06
        0.42         0.33         0.77         0.13         0.19         0.05         0.45         0.17         0.20
        0.44         0.20         0.19         0.36         0.08         0.21         0.28         0.22         0.30
        0.40         0.21         0.25         0.56         0.36         0.22         0.41         0.42         0.20
        0.90         0.42         0.43         0.11         0.05         0.13         0.43         0.37         0.16
        0.82         0.37         0.34         0.30         0.16         0.15         0.09         0.24         0.18
        0.73         0.65         0.52         0.41         0.67         0.32         0.31         0.61         0.21
    432000      9     13
        0.11         0.19         0.52         0.10         0.25         0.23         0.52         0.44         0.54
        0.54         0.26         0.33         0.20         0.12         0.58         0.66         0.54         0.20
        0.09         0.31         0.45         0.41         0.09         0.76         0.40         0.32         0.37
        0.15         0.18         0.57         0.40         0.44         0.24         0.45         0.42         0.35
        0.51         0.31         0.47         0.29         0.54         0.51         0.34         0.45         0.22
        0.33         0.30         0.45         0.16         0.38         0.43         0.37         0.15         0.63
        0.23         0.43         0.38         0.26         0.60         0.56         0.40         0.30         0.56
        0.10         0.21         0.48         0.39         0.35         0.52         0.41         0.16         0.56
        0.22         0.33         0.42         0.74         0.84         0.27         0.39         0.28         0.64
        0.24         0.30         0.63         0.89         1.07         0.18         0.52         0.11         0.60
        0.36         0.65         0.51         0.55         0.20         0.45         0.76         0.54         0.64
        0.28         0.55         0.26         0.75         0.46         0.41         0.53         0.79         0.68
        0.60         0.84         0.77         1.01         0.60         0.32         0.52         0.56         0.37
    518400      9     13
        0.35         0.68         0.36         0.24         0.47         0.15         0.42         0.25         0.18
        0.60         0.52         0.29         0.31         0.26         0.17         0.20         0.29         0.12
        0.37         0.54         0.23         0.48         0.11         0.23         0.27         0.18         0.27
        0.16         0.67         0.55         1.22         0.37         0.17         0.39         0.19         0.21
        0.16         0.47         0.40         0.33         0.42         0.26         0.16         0.12         0.19
        0.41         0.43         0.38         0.35         0.31         0.27         0.19         0.08         0.12
        0.53         0.37         0.57         0.24         0.15         0.13         0.10         0.25         0.41
        0.27         0.24         0.42         0.05         0.13         0.09         0.11         0.21         0.21
        0.23         0.26         0.46         0.32         0.07         0.23         0.20         0.08         0.17
        0.21         0.63         0.37         0.19         0.59         0.34         0.08         0.23         0.24
        0.71         0.81         0.18         0.18         0.09         0.13         0.31         0.18         0.10
        0.89         0.54         0.28         0.38         0.13         0.26         0.09         0.15         0.21
        0.55         0.60         0.51         0.46         0.35         0.62         0.21         0.54         0.34
    604800      9     13
        0.06         0.24         0.24         0.21         0.20         0.21         0.11         0.18         0.12
        0.34         0.34         0.12         0.17         0.25         0.17         0.22         0.27         0.06
        0.12         0.29         0.75         0.15         0.08         0.22         0.09         0.16         0.08
        0.12         0.40         0.70         0.64         0.34         0.25         0.14         0.15         0.25
        0.15         0.51         0.53         0.79         0.68         0.14         0.25         0.41         0.52
        0.14         0.29         0.23         0.50         0.52         0.39         0.20         0.37         0.40
        0.40         0.72         0.13         0.38         0.42         0.42         0.49         0.33         0.40
        0.33         0.88         0.66         0.16         0.18         0.34         0.30         0.23         0.18
        0.53         0.43         0.24         0.38         0.15         0.29         0.29         0.17         0.26
        0.46         0.43         0.54         0.50         0.42         0.35         0.15         0.52         0.24
        0.34         0.73         0.66         0.23         0.24         0.46         0.21         0.16         0.36
        0.34         0.40         0.38         0.33         0.19         0.39         0.18         0.25         0.30
        0.38         0.53         0.57         0.70         0.58         0.91         0.30         0.18         0.39
    691200      9     13
        0.14         0.22         0.31         0.21         0.30         0.08         0.22         0.21         0.14
        0.06         0.05         0.13         0.12         0.08         0.04         0.10         0.07         0.13
        0.06         0.04         0.09         0.06         0.04         0.09         0.27         0.12         0.09
        0.06         0.19         0.14         0.54         0.37         0.16         0.12         0.10         0.27
        0.05         0.10         0.08         0.37         1.11         0.15         0.12         0.25         0.50
        0.02         0.06         0.04         0.07         0.98         0.12         0.30         0.43         0.77
        0.07         0.18         0.03         0.08         0.17         0.11         0.30         0.62         0.61
        0.15         0.02         0.25         0.03         0.08         0.03         0.24         0.47         0.64
        0.15         0.16         0.03         0.05         0.03         0.07         0.06         0.24         0.32
        0.27         0.08         0.05         0.09         0.28         0.18         0.02         0.03         0.09
        0.35         0.38         0.27         0.10         0.05         0.03         0.04         0.02         0.02
        0.40         0.27         0.22         0.38         0.11         0.05         0.06         0.01         0.05
        0.16         0.23         0.22         0.23         0.23         0.41         0.04         0.04         0.05
    777600      9     13
        0.03         0.16         0.23         0.23         0.12         0.06         0.07         0.16         0.03
        0.08         0.03         0.29         0.04         0.17         0.07         0.11         0.19         0.03
        0.08         0.03         0.22         0.21         0.05         0.08         0.11         0.09         0.06
        0.05         0.15         0.79         0.88         0.42         0.27         0.06         0.03         0.25
        0.07         0.09         0.37         0.68         1.13         0.16         0.15         0.16         0.35
        0.01         0.07         0.20         0.36         0.86         0.25         0.22         0.24         0.45
        0.09         0.12         0.02         0.16         0.20         0.11         0.26         0.38         0.58
        0.06         0.01         0.12         0.01         0.13         0.05         0.10         0.44         0.43
        0.03         0.04         0.03         0.01         0.02         0.05         0.12         0.20         0.45
        0.07         0.03         0.02         0.07         0.21         0.09         0.06         0.05         0.19
        0.04         0.07         0.22         0.20         0.08         0.09         0.06         0.05         0.32
        0.25         0.57         0.58         0.55         0.09         0.23         0.14         0.10         0.14
        0.75         1.06         0.79         0.41         0.43         0.52         0.13         0.03         0.26
    864000      9     13
        0.02         0.02         0.12         0.26         0.13         0.33         0.31         0.16         0.32
        0.15         0.26         0.20         0.25         0.41         0.50         0.21         0.34         0.05
        0.10         0.29         0.24         0.26         0.29         0.07         0.12         0.08         0.15
        0.06         0.67         0.46         0.76         0.77         0.23         0.09         0.20         0.36
        0.14         0.19         0.31         0.59         0.84         0.16         0.25         0.51         0.52
        0.22         0.14         0.19         0.71         0.86         0.22         0.17         0.43         0.68
        0.16         0.34         0.02         0.47         0.66         0.27         0.44         0.50         0.82
        0.18         0.13         0.54         0.07         0.29         0.10         0.41         1.11         1.03
        0.04         0.07         0.28         0.51         0.30         0.25         0.38         0.47         0.98
        0.12         0.45         0.69         0.56         0.39         0.06         0.16         0.33         0.58
        0.78         0.82         0.59         0.43         0.17         0.08         0.22         0.16         0.27
        1.01         0.96         0.90         0.75         0.12         0.20         0.21         0.08         0.05
        1.03         0.48         0.79         0.55         0.47         0.80         0.13         0.07         0.10
    950400      9     13
        0.20         0.82         0.51         0.58         0.46         0.45         0.61         0.43         0.27
        0.21         0.58         0.48         0.49         0.56         0.45         0.25         0.49         0.41
        0.19         0.42         0.42         0.28         0.38         0.20         0.31         0.80         0.37
        0.09         0.57         0.76         0.87         0.39         0.34         0.10         0.36         0.83
        0.13         0.17         0.45         0.51         1.14         0.51         0.28         0.65         0.83
        0.37         0.36         0.58         0.61         1.19         0.63         0.60         1.23         0.83
        0.27         0.77         0.52         0.79         1.04         0.77         0.90         0.55         1.04
        0.26         0.37         0.75         0.54         1.05         0.59         0.64         1.22         0.86
        0.17         0.43         0.55         0.64         0.49         0.16         0.36         0.98         0.86
        0.38         0.34         0.59         0.74         0.49         0.22         0.31         0.54         0.34
        0.33         1.22         1.16         0.48         0.15         0.22         0.19         0.25         0.48
        0.38         1.02         1.23         1.04         0.51         0.09         0.10         0.18         0.60
        0.72         0.68         0.48         0.82         0.59         0.48         0.26         0.11         0.10
   1036800      9     13
        0.95         0.77         1.06         0.82         2.05         1.21         0.89         0.72         0.93
        0.90         1.00         1.28         1.00         1.12         1.11         1.03         1.10         0.99
        1.17         1.29         1.19         1.31         0.96         1.12         1.55         1.41         1.13
        0.83         1.27         1.16         1.57         0.99         1.18         1.32         1.45         1.80
        0.73         1.47         1.08         1.28         0.94         0.75         1.26         1.53         1.82
        1.15         1.22         0.97         0.73         0.89         0.90         1.75         2.36         1.17
        1.56         1.13         0.72         1.09         0.99         1.15         1.70         1.75         1.75
        1.65         1.02         1.25         0.90         1.19         0.92         1.31         1.95         1.82
        1.02         1.19         0.95         1.13         0.44         0.57         1.47         1.69         1.41
        0.81         0.70         0.87         0.62         1.10         1.19         1.20         1.17         1.61
        0.73         0.66         0.94         0.58         0.39         0.85         0.61         1.07         2.04
        1.08         0.83         0.54         0.78         0.17         0.21         0.43         0.58         1.70
        0.80         0.69         0.67         0.59         0.33         1.21         0.32         0.72         1.38
   1123200      9     13
        0.79         1.57         1.91         1.85         2.03         1.19         0.96         1.10         1.10
        1.76         1.91         1.06         1.58         0.95         0.94         1.01         0.83         1.16
        1.35         0.94         1.18         1.03         1.42         1.06         0.78         1.07         1.32
        0.90         0.92         0.97         0.68         0.68         0.47         0.66         1.06         0.95
        0.92         0.91         1.22         1.40         1.03         0.71         0.53         0.40         0.51
        0.85         1.45         0.94         1.07         0.45         0.29         0.22         0.47         0.41
        1.22         1.08         1.07         0.55         0.36         0.42         0.41         0.33         0.51
        1.31         0.84         0.81         0.57         0.49         0.59         0.68         0.50         0.68
        1.41         0.83         0.63         0.54         0.41         0.69         0.88         1.09         1.04
        1.00         0.78         0.99         0.90         1.40         0.81         1.15         1.04         0.94
        1.54         0.81         1.00         1.38         0.65         1.16         1.04         0.89         0.67
        1.20         0.99         0.99         1.28         1.05         0.42         0.81         0.50         0.61
        1.84         1.40         1.56         1.44         1.02         1.01         1.39         0.85         0.76
   1209600      9     13
        0.97         1.05         1.62         1.55         1.36         1.04         0.53         0.66         0.75
        1.20         1.62         1.41         1.52         0.85         0.65         1.09         0.59         1.07
        0.76         1.34         1.54         1.27         2.43         0.88         0.46         0.93         1.06
        0.80         1.03         1.24         0.61         0.88         0.55         0.84         0.51         0.65
        0.97         1.06         0.71         1.19         0.85         0.82         0.63         0.30         0.61
        1.00         0.89         0.76         0.89         1.26         0.63         0.51         0.32         0.45
        1.45         1.00         0.69         0.78         0.79         0.77         0.95         0.56         0.47
        1.03         1.25         1.29         1.06         0.76         0.94         1.25         0.91         0.98
        0.96         1.19         0.80         0.61         0.64         1.32         1.05         1.10         0.92
        0.77         1.61         0.96         0.76         0.97         0.81         0.77         1.21         0.96
        1.32         1.13         1.53         1.04         1.12         0.85         0.98         0.97         0.71
        1.38         1.10         1.34         1.12         1.18         0.50         0.73         0.93         0.44
        1.75         1.83         1.26         1.08         1.26         0.73         1.23         1.11         0.99