         0      9     13
        0.82         0.29         0.39         0.29         0.32         0.11         0.19         0.08         0.19
        0.88         0.37         0.36         0.31         0.21         0.47         0.45         0.45         0.35
        0.48         0.36         0.12         0.31         0.47         0.36         0.34         0.31         0.82
        0.30         0.66         0.74         0.77         0.78         0.26         0.65         1.02         0.15
        0.17         0.52         0.32         1.07         1.17         0.38         0.69         0.43         0.54
        0.32         0.33         0.63         0.65         1.07         0.36         0.42         0.39         0.49
        0.36         0.34         0.65         0.34         0.92         0.49         0.34         0.73         0.58
        0.21         0.25         0.36         0.32         0.60         0.40         0.50         0.68         0.62
        0.16         0.20         0.48         0.40         0.17         0.58         0.27         0.31         0.91
        0.23         0.37         0.63         0.25         0.20         0.28         0.19         0.20         0.67
        0.31         1.03         0.38         0.13         0.07         0.12         0.28         0.24         0.13
        0.60         1.44         0.34         0.42         0.06         0.21         0.08         0.03         0.46
        1.48         0.79         0.37         0.12         0.12         0.37         0.04         0.07         0.87
     86400      9     13
        0.62         0.54         0.24         0.14         0.22         0.06         0.37         0.23         0.07
        0.40         0.30         0.12         0.16         0.06         0.27         0.46         0.25         0.06
        0.16         0.12         0.14         0.11         0.08         0.50         0.33         0.19         0.29
        0.12         0.32         0.63         0.57         0.21         0.20         0.45         0.38         0.24
        0.19         0.12         0.32         0.36         0.70         1.11         0.49         0.79         0.59
        0.31         0.14         0.20         0.63         0.70         0.89         0.35         0.86         0.66
        0.10         0.25         0.14         0.07         0.38         0.40         0.61         0.72         0.67
        0.10         0.21         0.21         0.19         0.24         0.44         0.80         0.41         0.96
        0.11         0.12         0.10         0.26         0.16         0.21         0.20         0.44         0.70
        0.25         0.53         0.33         0.19         0.19         0.08         0.18         0.23         0.22
        0.75         0.53         0.19         0.09         0.08         0.12         0.16         0.27         0.39
        0.62         0.38         0.51         0.22         0.08         0.12         0.18         0.15         0.76
        0.86         0.30         0.25         0.17         0.31         1.09         0.31         0.56         0.23
    172800      9     13
        0.37         0.33         0.16         0.10         0.22         0.04         0.05         0.21         0.32
        0.17         0.08         0.09         0.07         0.08         0.20         0.44         0.19         0.17
        0.08         0.09         0.07         0.12         0.05         0.28         0.17         0.19         0.21
        0.03         0.15         0.15         0.30         0.15         0.20         0.26         0.28         0.18
        0.05         0.09         0.19         0.10         0.16         0.15         0.12         0.15         0.27
        0.03         0.05         0.13         0.18         0.13         0.17         0.13         0.05         0.14
        0.14         0.09         0.15         0.03         0.09         0.14         0.07         0.06         0.08
        0.07         0.02         0.15         0.04         0.10         0.10         0.07         0.25         0.06
        0.08         0.06         0.13         0.10         0.04         0.15         0.14         0.19         0.44
        0.20         0.09         0.12         0.07         0.28         0.04         0.08         0.10         0.13
        0.11         0.07         0.22         0.11         0.23         0.27         0.19         0.41         0.17
        0.05         0.14         0.12         0.31         0.06         0.15         0.13         0.14         0.50
        0.24         0.05         0.19         0.18         0.46         0.20         0.34         0.73         0.77
    259200      9     13
        0.38         0.48         0.22         0.37         0.26         0.21         0.31         0.34         0.65
        0.39         0.28         0.18         0.20         0.23         0.24         0.20         0.35         0.10
        0.43         0.32         0.28         0.16         0.30         0.38         0.29         0.37         0.23
        0.30         0.43         0.25         0.47         0.43         0.12         0.42         0.47         0.31
        0.26         0.31         0.11         0.46         0.41         0.18         0.61         0.24         0.37
        0.18         0.31         0.37         0.69         0.61         0.42         0.47         0.17         0.35
        0.29         0.22         0.14         0.13         0.55         0.58         0.17         0.29         0.40
        0.40         0.37         0.32         0.35         0.51         0.40         0.38         0.40         0.34
        0.27         0.21         0.28         0.62         0.45         0.42         0.13         0.19         0.41
        0.32         0.26         0.50         0.42         0.29         0.06         0.04         0.19         0.32
        0.26         0.46         0.22         0.75         0.20         0.14         0.14         0.38         0.43
        0.33         0.15         0.17         0.82         0.50         0.09         0.38         0.52         0.32
        0.28         0.49         0.46         0.29         0.49         0.19         0.23         0.48         0.30
    345600      9     13
        0.81         1.04         0.64         0.54         0.51         0.37         0.52         0.19         0.17
        1.09         0.69         0.63         0.28         0.46         0.27         0.27         0.19         0.14
        0.75         0.68         0.42         0.30         0.21         0.56         0.30         0.15         0.32
        0.31         0.56         0.52         0.60         0.29         0.29         0.05         0.27         0.19
        0.46         0.37         0.32         0.18         0.32         0.33         0.22         0.13         0.12
        0.20         0.34         0.56         0.37         0.31         0.34         0.16         0.14         0.12
        0.39         0.29         0.39         0.53         0.20         0.30         0.12         0.13         0.07
        0.32         0.11         0.45         0.13         0.14         0.22         0.09         0.14         0.22
        0.30         0.28         0.31         0.40         0.19         0.38         0.11         0.29         0.28
        0.41         0.13         0.32         0.14         0.57         0.16         0.45         0.31         0.30
        0.26         0.33         0.46         0.44         0.33         0.41         0.21         0.51         0.39
        0.23         0.18         0.21         0.39         0.48         0.25         0.84         0.35         0.27
        0.49         0.30         0.35         0.17         1.04         0.35         0.63         0.24         0.16
    432000      9     13
        0.74         0.45         0.13         0.11         0.07         0.23         0.11         0.29         0.31
        1.12         0.21         0.17         0.09         0.38         0.05         0.39         0.24         0.19
        0.67         0.12         0.14         0.05         0.22         0.12         0.10         0.34         0.53
        0.22         0.06         0.26         0.15         0.46         0.13         0.11         0.22         0.21
        0.11         0.27         0.16         0.27         0.27         0.33         0.22         0.18         0.32
        0.26         0.42         0.23         0.34         0.43         0.36         0.29         0.32         0.18
        0.22         0.20         0.31         0.32         0.19         0.18         0.36         0.44         0.45
        0.17         0.39         0.27         0.19         0.33         0.22         0.36         0.52         0.42
        0.48         0.26         0.20         0.46         0.34         0.67         0.36         0.47         0.39
        0.26         0.48         0.71         0.82         0.29         0.22         0.62         0.33         0.72
        0.54         0.73         1.03         0.39         0.37         0.40         0.19         0.31         0.67
        0.74         0.85         0.98         0.63         0.50         0.28         0.24         0.49         0.45
        0.55         0.48         0.96         0.42         0.54         0.66         0.41         0.44         0.64
    518400      9     13
        0.24         0.18         0.15         0.05         0.26         0.17         0.08         0.08         0.20
        0.42         0.22         0.05         0.06         0.32         0.24         0.17         0.18         0.28
        0.33         0.36         0.12         0.12         0.57         0.16         0.12         0.11         0.26
        0.07         0.40         0.19         0.29         0.26         0.14         0.31         0.28         0.13
        0.06         0.16         0.20         0.51         0.47         0.29         0.24         0.19         0.11
        0.27         0.28         0.38         0.63         0.24         0.21         0.18         0.18         0.13
        0.22         0.29         0.30         0.42         0.23         0.11         0.36         0.23         0.13
        0.17         0.15         0.17         0.42         0.46         0.05         0.23         0.28         0.22
        0.10         0.16         0.25         0.53         0.51         0.11         0.22         0.34         0.16
        0.12         0.11         0.31         0.36         0.38         0.33         0.06         0.29         0.29
        0.11         0.17         0.47         0.31         0.24         0.14         0.04         0.22         0.16
        0.38         0.41         0.45         0.59         0.15         0.05         0.35         0.13         0.26
        0.26         0.33         0.10         0.27         0.40         0.20         0.45         0.33         0.62
    604800      9     13
        0.25         0.52         0.48         0.22         0.28         0.11         0.12         0.10         0.30
        0.08         0.28         0.15         0.11         0.10         0.15         0.10         0.17         0.34
        0.07         0.05         0.14         0.07         0.06         0.21         0.11         0.09         0.16
        0.08         0.12         0.13         0.09         0.26         0.13         0.08         0.09         0.13
        0.10         0.09         0.23         0.19         0.17         0.20         0.08         0.25         0.09
        0.04         0.07         0.33         0.24         0.14         0.16         0.22         0.37         0.20
        0.14         0.09         0.13         0.12         0.38         0.10         0.23         0.47         0.33
        0.05         0.03         0.20         0.10         0.19         0.09         0.28         0.23         0.29
        0.06         0.16         0.07         0.33         0.10         0.18         0.05         0.12         0.22
        0.12         0.15         0.31         0.13         0.22         0.06         0.05         0.05         0.17
        0.20         0.22         0.24         0.15         0.10         0.12         0.10         0.20         0.06
        0.19         0.18         0.08         0.09         0.18         0.07         0.31         0.14         0.06
        0.21         0.12         0.16         0.08         0.27         0.05         0.16         0.12         0.10
    691200      9     13
        0.10         0.11         0.14         0.17         0.20         0.38         0.31         0.25         0.27
        0.03         0.10         0.03         0.17         0.52         0.23         0.27         0.24         0.21
        0.05         0.05         0.12         0.04         0.22         0.18         0.20         0.42         0.46
        0.08         0.04         0.15         0.04         0.40         0.12         0.15         0.19         0.26
        0.18         0.07         0.15         0.06         0.14         0.08         0.16         0.25         0.19
        0.06         0.04         0.08         0.21         0.13         0.10         0.33         0.35         0.36
        0.15         0.07         0.07         0.17         0.15         0.07         0.14         0.51         0.28
        0.20         0.16         0.09         0.15         0.12         0.21         0.38         0.39         0.64
        0.34         0.41         0.05         0.08         0.10         0.24         0.29         0.17         0.16
        0.38         0.16         0.19         0.07         0.20         0.12         0.36         0.14         0.17
        0.14         0.25         0.67         0.14         0.10         0.12         0.11         0.20         0.18
        0.48         0.37         0.34         0.20         0.21         0.18         0.22         0.37         0.13
        0.62         0.31         0.24         0.30         0.31         0.05         0.35         0.25         0.30
    777600      9     13
        0.75         0.58         0.33         0.29         0.10         0.21         0.26         0.11         0.05
        0.97         0.72         0.44         0.32         0.10         0.10         0.11         0.08         0.05
        0.78         0.81         0.49         0.36         0.25         0.05         0.09         0.15         0.03
        0.60         0.34         0.37         0.09         0.28         0.14         0.18         0.18         0.21
        0.53         0.23         0.65         0.56         0.35         0.16         0.12         0.11         0.13
        0.68         0.31         0.28         0.77         0.11         0.12         0.47         0.40         0.31
        0.55         0.46         0.27         0.51         0.10         0.20         0.67         0.73         0.75
        0.22         0.36         0.59         0.30         0.36         0.70         1.01         1.00         0.56
        0.65         0.18         0.11         0.31         0.13         0.50         1.96         1.00         0.79
        0.57         0.35         0.84         0.67         0.19         0.54         0.66         0.44         0.72
        0.72         1.02         0.50         0.29         0.17         0.38         0.47         0.73         0.67
        0.81         1.14         0.36         0.36         0.39         0.39         0.29         0.86         0.67
        1.32         0.59         0.35         0.33         0.65         0.43         0.27         0.46         0.80
    864000      9     13
        0.90         0.75         0.62         0.49         0.33         0.25         0.21         0.31         0.40
        0.84         1.11         0.52         0.80         0.32         0.08         0.16         0.21         0.33
        0.67         0.69         0.72         0.69         0.32         0.13         0.19         0.23         0.46
        0.68         0.33         0.23         0.15         0.35         0.24         0.32         0.56         0.69
        0.17         0.41         0.16         0.17         0.37         0.28         0.51         0.49         1.02
        0.14         0.16         0.12         0.17         0.45         0.37         0.65         0.77         0.76
        0.66         0.23         0.12         0.26         0.24         0.38         0.81         0.87         0.70
        0.53         0.74         0.19         0.22         0.14         0.45         0.89         0.79         0.64
        0.70         0.39         0.28         0.23         0.12         0.37         0.69         0.47         0.39
        0.34         0.35         0.61         0.62         0.09         0.42         0.69         0.54         0.44
        0.54         0.71         0.83         0.16         0.20         0.21         0.29         0.77         0.72
        0.70         0.88         0.81         0.72         0.35         0.76         0.41         0.86         0.59
        1.01         0.44         0.84         0.37         0.81         0.43         0.32         0.68         0.70
    950400      9     13
        0.93         0.39         0.29         0.68         0.22         0.46         0.72         0.39         0.59
        0.99         0.64         0.44         0.33         0.43         0.26         0.26         0.51         0.47
        0.57         0.63         0.28         0.35         1.34         0.26         0.35         0.34         0.38
        0.76         0.40         0.77         0.31         0.61         0.50         0.64         0.38         0.72
        0.78         0.24         0.80         0.31         0.58         0.43         0.58         0.83         0.39
        0.68         0.61         0.20         0.51         0.96         0.62         0.51         0.50         0.58
        0.42         0.42         0.18         0.32         0.60         0.49         1.02         1.01         0.74
        0.48         0.88         0.34         0.36         0.32         0.35         0.83         0.90         0.48
        0.94         0.36         0.30         0.20         0.07         0.15         0.76         0.90         0.71
        0.72         0.53         0.65         0.40         0.12         0.84         0.84         0.88         1.44
        0.90         0.88         1.22         0.25         0.34         0.77         0.51         1.23         1.16
        0.77         0.50         0.74         0.24         0.45         0.65         0.25         1.20         1.49
        0.84         0.56         0.66         0.36         0.60         0.46         0.52         0.78         1.26
   1036800      9     13
        0.78         0.65         0.49         0.61         0.48         0.36         0.31         0.18         0.41
        0.33         0.79         0.57         0.35         0.32         0.22         0.20         0.40         0.27
        0.61         1.03         0.87         0.67         0.87         0.08         0.34         0.29         1.10
        0.62         0.63         1.16         0.25         0.93         0.22         0.56         0.53         0.39
        0.75         0.39         0.22         0.36         0.58         0.27         0.71         0.33         0.41
        0.99         0.61         0.46         0.44         0.81         0.56         1.00         0.59         0.33
        0.96         1.08         0.55         0.61         0.20         0.36         0.54         0.32         0.38
        1.61         0.95         1.00         0.99         0.87         0.41         0.62         0.68         0.67
        0.97         0.84         0.65         0.23         0.35         0.52         1.09         0.60         0.53
        1.54         1.06         0.95         1.09         0.19         0.51         0.66         0.58         0.74
        1.19         1.50         1.34         0.64         0.21         0.89         0.48         0.69         0.74
        0.74         0.56         0.83         0.63         0.45         0.71         0.55         1.01         1.26
        1.13         0.78         1.48         0.36         0.76         0.65         0.78         0.86         0.87
   1123200      9     13
        0.53         0.41         0.39         0.52         0.30         0.09         0.37         0.08         0.34
        0.59         0.54         0.40         0.32         0.49         0.40         0.17         0.28         0.18
        0.45         0.77         0.27         0.46         0.64         0.22         0.30         0.49         0.33
        0.76         0.26         0.37         0.24         0.88         0.12         0.42         0.69         0.31
        0.31         0.27         0.18         0.62         0.34         0.23         0.65         0.27         0.11
        0.69         0.44         0.16         0.44         0.16         0.27         0.40         0.34         0.80
        0.21         0.42         0.06         0.21         0.09         0.09         0.36         0.34         0.36
        0.21         0.62         0.26         0.28         0.15         0.10         0.11         0.33         0.14
        0.60         0.15         0.17         0.17         0.07         0.10         0.14         0.07         0.11
        0.14         0.63         0.82         0.54         0.05         0.48         0.24         0.12         0.24
        0.40         0.37         1.45         0.23         0.09         0.12         0.23         0.56         0.37
        0.62         0.36         0.35         1.10         0.64         0.82         0.10         0.68         0.68
        0.53         0.55         0.52         0.35         0.74         0.35         0.39         0.47         0.67
   1209600      9     13
        0.34         0.49         0.42         0.23         0.25         0.13         0.27         0.13         0.24
        0.67         0.45         0.30         0.30         0.24         0.14         0.32         0.12         0.46
        0.52         0.71         0.41         0.60         0.15         0.49         0.29         0.10         0.07
        0.43         0.19         0.47         0.28         1.20         0.29         0.75         0.50         0.45
        0.46         0.19         0.79         0.08         0.90         0.36         0.88         0.78         0.13
        0.45         0.13         0.37         0.49         1.18         0.56         0.90         0.35         1.64
        0.34         0.30         0.26         0.44         0.79         0.57         0.64         0.51         0.29
        0.71         0.79         0.44         0.66         0.78         0.80         0.66         0.64         0.57
        0.56         0.69         0.51         0.42         0.57         0.39         0.95         0.57         0.83
        0.32         0.63         0.44         0.93         0.22         0.49         0.31         1.05         1.10
        0.42         0.94         1.18         0.25         0.35         0.36         0.70         0.85         1.39
        0.15         1.29         1.44         0.68         0.12         0.47         0.52         1.07         1.13
        0.53         0.40         0.89         0.23         0.78         0.41         0.34         1.27         1.69