         0      9     13
        0.73         0.69         1.66         1.36         1.47         0.78         0.90         1.23         1.51
        0.70         0.72         0.98         1.50         1.29         1.01         1.13         1.14         1.34
        0.82         0.71         1.32         1.21         0.60         1.11         1.60         1.27         1.25
        0.63         1.50         1.51         2.73         3.35         1.02         1.14         1.03         2.88
        0.72         1.44         0.93         1.44         2.65         1.28         0.77         1.33         1.64
        0.64         0.96         0.96         0.87         2.20         0.85         0.69         0.66         1.24
        0.69         0.64         0.79         0.95         0.80         0.60         1.21         0.99         1.00
        0.53         0.50         0.44         0.55         0.72         0.59         0.80         0.63         0.75
        0.64         0.61         0.67         0.83         0.39         0.34         0.33         0.34         0.59
        0.47         0.59         0.72         0.67         0.30         0.21         0.20         0.17         0.15
        0.40         0.67         0.76         0.52         0.24         0.36         0.37         0.15         0.14
        0.46         0.74         0.64         0.74         0.51         0.36         0.35         0.19         0.26
        0.50         0.32         0.64         0.59         0.87         1.03         0.51         0.42         0.29
     86400      9     13
        1.87         2.21         2.22         1.86         1.41         1.53         2.23         3.87         2.12
        2.14         2.49         2.90         2.35         1.39         1.24         1.66         2.17         2.76
        1.90         2.30         2.57         2.94         2.29         2.16         1.63         2.22         1.53
        1.40         2.09         2.99         3.39         3.61         2.06         2.26         2.42         1.86
        1.17         1.79         2.08         2.48         3.49         1.62         1.28         1.81         1.97
        1.16         1.44         1.65         1.77         3.41         1.61         1.23         1.73         1.90
        0.99         1.65         0.94         1.55         2.34         1.66         1.50         1.01         1.61
        1.13         0.98         1.67         0.96         1.25         1.55         1.82         1.73         1.31
        0.81         1.41         1.23         1.71         0.85         0.72         0.89         1.29         1.66
        0.69         1.05         1.37         1.25         1.97         0.67         0.73         1.22         1.27
        0.55         0.68         1.47         1.26         0.84         1.06         0.67         1.00         1.14
        0.66         0.76         1.39         2.21         0.87         0.96         0.54         0.53         0.78
        0.47         0.45         1.12         1.25         1.45         1.39         0.63         0.32         0.36
    172800      9     13
        0.50         0.85         1.39         0.70         0.28         0.56         0.49         1.19         1.27
        0.41         0.94         1.10         1.04         0.86         0.67         0.57         0.74         0.86
        0.55         0.79         1.25         1.05         1.05         1.58         0.73         0.97         0.59
        0.73         0.91         0.85         1.70         1.17         1.06         1.83         1.98         1.39
        0.79         1.41         1.10         1.29         1.56         1.41         0.69         0.91         1.35
        0.91         1.04         1.10         1.25         1.31         1.56         1.04         0.75         0.86
        1.07         0.96         0.83         1.04         1.23         1.21         1.04         0.84         1.00
        1.06         1.03         0.95         0.94         1.04         0.92         0.70         0.65         0.65
        0.74         1.01         0.95         0.88         0.86         0.69         0.41         0.44         0.59
        0.63         0.66         0.95         0.87         0.84         0.64         0.33         0.28         0.23
        0.19         0.29         0.67         0.76         0.77         0.76         0.41         0.22         0.27
        0.06         0.20         0.53         1.02         0.99         0.72         0.77         0.33         0.25
        0.25         0.49         0.71         0.83         1.03         1.32         0.88         0.54         0.40
    259200      9     13
        0.90         1.06         1.00         1.36         0.63         0.90         0.45         0.35         0.52
        0.64         0.67         0.80         1.01         0.78         0.76         0.50         0.54         0.60
        0.46         0.55         0.94         1.96         1.08         0.93         0.62         1.58         0.37
        0.32         1.10         1.08         2.08         1.60         0.65         1.32         1.41         0.82
        0.35         0.82         1.49         0.85         1.14         0.79         0.26         0.47         0.88
        0.51         0.93         0.81         1.16         1.22         0.55         0.10         0.16         0.97
        0.69         1.26         1.11         0.85         0.87         0.41         0.34         0.52         0.41
        1.00         0.85         1.37         0.69         0.72         0.56         0.25         0.13         0.21
        0.71         0.89         0.94         0.78         0.55         0.35         0.10         0.22         0.33
        0.43         0.39         0.64         0.71         0.54         0.33         0.12         0.11         0.16
        0.14         0.41         0.80         0.58         0.63         0.39         0.12         0.48         0.42
        0.30         0.40         0.55         1.43         1.06         0.70         0.47         0.36         0.10
        0.11         0.28         0.75         0.97         0.88         1.01         0.46         0.19         0.05
    345600      9     13
        0.13         0.32         0.45         0.19         0.20         0.30         0.12         0.07         0.08
        0.36         0.66         0.57         0.29         0.39         0.11         0.24         0.21         0.15
        0.14         0.31         0.53         0.65         0.70         0.12         0.41         0.48         0.30
        0.39         0.67         0.39         1.58         0.95         0.27         0.72         0.88         0.91
        0.17         0.63         0.68         0.61         0.94         0.24         0.04         0.35         0.51
        0.29         0.51         0.14         0.13         0.83         0.19         0.04         0.15         0.50
        0.13         0.41         0.12         0.10         0.25         0.14         0.09         0.04         0.15
        0.14         0.03         0.11         0.09         0.07         0.04         0.01         0.01         0.01
        0.30         0.28         0.62         0.20         0.14         0.08         0.00         0.01         0.01
        0.42         0.50         0.53         0.39         0.09         0.03         0.04         0.05         0.00
        0.14         0.13         0.34         0.38         0.10         0.03         0.01         0.04         0.01
        0.02         0.26         0.41         0.54         0.44         0.13         0.16         0.08         0.03
        0.12         0.34         0.52         0.41         0.45         0.67         0.21         0.03         0.02
    432000      9     13
        0.00         0.04         0.15         0.16         0.36         0.18         0.07         0.26         0.16
        0.02         0.07         0.07         0.19         0.28         0.08         0.13         0.11         0.14
        0.02         0.13         0.18         0.12         0.14         0.09         0.20         0.49         0.31
        0.02         0.14         0.25         0.73         0.49         0.15         0.81         0.49         0.39
        0.03         0.06         0.12         0.08         0.65         0.18         0.02         0.16         0.22
        0.03         0.03         0.05         0.04         0.26         0.18         0.01         0.09         0.20
        0.01         0.03         0.02         0.02         0.09         0.12         0.01         0.02         0.07
        0.02         0.01         0.02         0.03         0.03         0.02         0.00         0.01         0.01
        0.01         0.03         0.02         0.01         0.06         0.01         0.00         0.01         0.02
        0.05         0.03         0.01         0.02         0.02         0.00         0.00         0.01         0.01
        0.00         0.01         0.02         0.05         0.01         0.01         0.00         0.01         0.00
        0.00         0.02         0.08         0.16         0.10         0.09         0.08         0.00         0.00
        0.02         0.02         0.03         0.07         0.09         0.48         0.15         0.01         0.00
    518400      9     13
        0.13         0.21         0.77         0.50         0.30         0.12         0.12         0.33         0.28
        0.23         0.29         0.24         0.32         0.30         0.13         0.09         0.26         0.10
        0.58         0.47         0.51         0.27         0.43         0.07         0.27         0.35         0.13
        0.11         0.22         0.18         0.56         0.47         0.26         0.51         0.26         0.37
        0.05         0.21         0.22         0.73         0.56         0.14         0.03         0.17         0.49
        0.06         0.27         0.11         0.50         0.40         0.16         0.03         0.14         0.56
        0.12         0.27         0.23         0.18         0.37         0.10         0.07         0.03         0.07
        0.10         0.10         0.23         0.17         0.09         0.06         0.05         0.05         0.04
        0.05         0.09         0.25         0.33         0.09         0.07         0.01         0.01         0.02
        0.23         0.21         0.19         0.09         0.11         0.01         0.02         0.04         0.02
        0.07         0.11         0.31         0.16         0.08         0.08         0.02         0.03         0.05
        0.03         0.28         0.27         0.31         0.31         0.23         0.20         0.06         0.12
        0.02         0.28         0.27         0.41         0.23         0.55         0.15         0.08         0.01
    604800      9     13
        0.29         0.37         0.42         0.39         0.17         0.19         0.11         0.27         0.19
        0.16         0.23         0.21         0.35         0.20         0.06         0.08         0.16         0.14
        0.09         0.06         0.07         0.12         0.08         0.04         0.27         0.35         0.24
        0.03         0.13         0.10         1.39         0.31         0.19         0.45         0.23         0.28
        0.10         0.22         0.10         0.36         0.59         0.16         0.02         0.09         0.46
        0.18         0.28         0.12         0.07         0.10         0.11         0.02         0.06         0.40
        0.06         0.08         0.09         0.07         0.09         0.05         0.05         0.04         0.08
        0.14         0.02         0.09         0.04         0.06         0.07         0.01         0.01         0.01
        0.04         0.09         0.16         0.12         0.08         0.02         0.00         0.01         0.02
        0.13         0.09         0.07         0.05         0.08         0.01         0.00         0.01         0.10
        1.04         0.15         0.06         0.11         0.06         0.03         0.05         0.04         0.04
        0.10         0.10         0.08         0.20         0.22         0.06         0.19         0.08         0.02
        0.04         0.31         0.25         0.15         0.14         0.57         0.18         0.06         0.02
    691200      9     13
        0.10         0.47         0.69         0.65         0.35         0.50         0.34         0.65         0.51
        0.15         0.17         0.26         0.50         0.38         0.58         0.41         0.75         0.94
        0.17         0.05         0.24         0.22         0.23         0.28         0.42         0.61         0.55
        0.11         0.16         0.21         1.39         0.99         0.20         0.49         0.15         1.23
        0.06         0.33         0.10         0.29         0.78         0.20         0.02         0.16         0.47
        0.06         0.06         0.07         0.05         0.16         0.15         0.05         0.11         0.24
        0.05         0.03         0.03         0.03         0.13         0.15         0.06         0.04         0.19
        0.02         0.02         0.06         0.05         0.05         0.02         0.02         0.03         0.08
        0.04         0.12         0.30         0.11         0.12         0.02         0.02         0.03         0.05
        0.14         0.07         0.04         0.02         0.13         0.01         0.01         0.10         0.08
        0.01         0.02         0.13         0.14         0.06         0.07         0.04         0.00         0.09
        0.02         0.11         0.30         0.18         0.21         0.12         0.10         0.21         0.09
        0.07         0.51         0.23         0.28         0.20         0.79         0.16         0.06         0.03
    777600      9     13
        0.61         0.63         1.00         0.89         1.42         0.74         0.72         1.05         1.14
        0.34         1.52         1.30         1.34         1.23         1.24         1.05         1.29         1.18
        0.25         0.77         0.69         0.95         0.38         0.50         1.09         1.01         0.66
        0.20         0.52         0.82         1.77         1.10         0.46         0.57         0.39         1.46
        0.16         0.63         0.37         0.86         1.29         0.51         0.12         0.64         1.40
        0.14         0.42         0.26         0.32         1.05         0.40         0.13         0.57         0.79
        0.13         0.22         0.10         0.12         0.35         0.18         0.11         0.12         1.06
        0.05         0.03         0.14         0.13         0.26         0.09         0.05         0.06         0.47
        0.39         0.23         0.46         0.24         0.10         0.01         0.09         0.19         0.37
        0.28         0.30         0.22         0.11         0.05         0.00         0.01         0.03         0.15
        0.05         0.20         0.24         0.13         0.09         0.04         0.01         0.04         0.22
        0.03         0.58         0.37         0.17         0.17         0.16         0.10         0.03         0.11
        0.16         0.50         0.58         0.63         0.39         0.83         0.23         0.07         0.03
    864000      9     13
        0.89         1.31         0.58         0.85         0.46         0.35         0.30         0.56         0.52
        0.57         0.59         0.62         0.33         0.41         0.38         0.43         0.63         0.73
        0.22         0.29         0.44         0.69         0.20         0.53         0.35         0.96         0.56
        0.06         1.24         0.74         1.55         0.68         0.29         0.94         0.49         0.69
        0.37         0.79         0.57         1.41         0.68         0.27         0.71         1.16         0.75
        0.38         0.50         0.24         0.52         0.67         0.15         0.25         0.90         0.63
        0.16         0.66         0.45         0.47         0.25         0.12         0.24         0.32         1.08
        0.11         0.22         0.28         0.18         0.20         0.10         0.35         0.61         0.56
        0.22         0.10         0.44         0.33         0.15         0.27         0.47         0.30         0.32
        0.22         0.54         0.13         0.18         0.15         0.28         0.09         0.20         0.33
        0.24         0.27         0.11         0.09         0.06         0.17         0.20         0.15         0.16
        0.18         0.15         0.27         0.20         0.12         0.25         0.06         0.08         0.06
        0.45         0.23         0.27         0.23         0.15         0.97         0.23         0.17         0.16
    950400      9     13
        0.19         0.18         0.18         0.18         0.13         0.09         0.09         0.19         0.33
        0.12         0.19         0.21         0.21         0.24         0.09         0.18         0.35         0.09
        0.10         0.09         0.19         0.12         0.07         0.06         0.31         0.11         0.06
        0.13         0.24         0.39         0.67         0.21         0.14         0.14         0.14         0.13
        0.10         0.29         0.10         0.29         0.38         0.22         0.10         0.25         0.15
        0.11         0.08         0.07         0.19         0.28         0.15         0.06         0.18         0.20
        0.05         0.08         0.03         0.09         0.16         0.12         0.07         0.24         0.24
        0.10         0.14         0.35         0.04         0.08         0.03         0.18         0.15         0.40
        0.03         0.06         0.11         0.17         0.04         0.03         0.20         0.30         0.24
        0.09         0.34         0.35         0.25         0.10         0.05         0.21         0.13         0.27
        0.12         0.25         0.27         0.09         0.08         0.05         0.05         0.18         0.17
        0.07         0.33         0.32         0.35         0.12         0.21         0.17         0.01         0.10
        0.05         0.19         0.24         0.20         0.28         0.43         0.07         0.06         0.04
   1036800      9     13
        0.07         0.04         0.06         0.05         0.06         0.06         0.06         0.05         0.04
        0.04         0.05         0.06         0.08         0.06         0.04         0.06         0.08         0.03
        0.04         0.04         0.12         0.05         0.06         0.08         0.07         0.04         0.03
        0.01         0.04         0.07         0.12         0.14         0.07         0.03         0.03         0.16
        0.02         0.05         0.07         0.13         0.23         0.08         0.03         0.04         0.06
        0.02         0.04         0.08         0.04         0.09         0.04         0.02         0.05         0.07
        0.04         0.04         0.01         0.04         0.06         0.03         0.03         0.04         0.03
        0.03         0.01         0.04         0.03         0.04         0.02         0.03         0.03         0.04
        0.02         0.03         0.03         0.02         0.02         0.01         0.04         0.04         0.05
        0.06         0.02         0.03         0.10         0.05         0.08         0.02         0.02         0.03
        0.01         0.10         0.07         0.07         0.05         0.02         0.03         0.03         0.04
        0.07         0.09         0.08         0.10         0.03         0.04         0.04         0.01         0.02
        0.09         0.12         0.07         0.08         0.04         0.22         0.04         0.02         0.02
   1123200      9     13
        0.06         0.05         0.06         0.07         0.09         0.04         0.08         0.02         0.04
        0.09         0.12         0.06         0.03         0.05         0.03         0.05         0.07         0.10
        0.10         0.02         0.13         0.03         0.03         0.04         0.16         0.11         0.09
        0.02         0.10         0.04         0.34         0.18         0.12         0.06         0.03         0.15
        0.07         0.09         0.05         0.12         0.17         0.08         0.01         0.10         0.12
        0.03         0.03         0.06         0.08         0.05         0.05         0.01         0.05         0.05
        0.05         0.07         0.06         0.02         0.05         0.03         0.03         0.01         0.03
        0.02         0.01         0.06         0.05         0.07         0.06         0.02         0.01         0.02
        0.01         0.08         0.07         0.03         0.02         0.00         0.01         0.01         0.02
        0.03         0.02         0.02         0.02         0.03         0.01         0.02         0.01         0.02
        0.03         0.03         0.05         0.10         0.03         0.02         0.01         0.02         0.02
        0.03         0.04         0.06         0.09         0.04         0.04         0.07         0.02         0.01
        0.03         0.04         0.10         0.08         0.06         0.28         0.01         0.00         0.00
   1209600      9     13
        0.26         0.27         0.33         0.42         0.27         0.12         0.06         0.12         0.09
        0.24         0.23         0.16         0.24         0.21         0.07         0.04         0.07         0.12
        0.12         0.10         0.48         0.16         0.10         0.04         0.12         0.17         0.12
        0.02         0.16         0.09         0.28         0.19         0.09         0.26         0.06         0.16
        0.04         0.05         0.09         0.25         0.43         0.11         0.05         0.14         0.53
        0.01         0.02         0.09         0.08         0.11         0.05         0.01         0.19         0.29
        0.02         0.08         0.05         0.03         0.05         0.02         0.01         0.09         0.14
        0.10         0.11         0.09         0.06         0.03         0.01         0.02         0.06         0.04
        0.01         0.17         0.10         0.05         0.03         0.02         0.01         0.03         0.06
        0.05         0.02         0.03         0.02         0.04         0.01         0.07         0.04         0.03
        0.01         0.03         0.04         0.05         0.05         0.05         0.04         0.02         0.05
        0.01         0.02         0.04         0.04         0.05         0.10         0.10         0.04         0.02
        0.01         0.02         0.04         0.04         0.06         0.32         0.07         0.01         0.01