         0      9     13
        0.49         0.58         0.43         0.50         0.45         0.45         0.61         0.43         0.51
        0.34         0.88         0.33         0.27         0.25         0.26         0.51         0.42         0.22
        0.78         0.36         0.24         0.61         0.74         0.45         0.18         0.22         0.32
        0.21         0.29         0.43         0.23         0.90         0.28         0.61         0.17         0.69
        0.37         0.46         0.55         0.48         0.29         0.69         0.44         0.51         0.81
        0.73         0.16         0.32         0.41         1.12         0.37         0.30         0.38         0.53
        0.17         0.43         0.37         0.63         0.99         0.36         0.61         0.33         0.62
        0.46         0.85         0.20         0.23         0.15         0.47         0.43         0.58         0.33
        1.12         0.24         0.06         0.19         0.11         0.27         0.37         0.35         1.15
        0.44         0.56         0.28         0.13         0.11         0.53         0.48         0.33         0.45
        0.44         0.61         1.85         0.12         0.19         0.43         0.42         0.44         0.40
        0.68         0.82         0.53         0.50         0.28         0.22         0.20         0.47         0.88
        0.82         0.81         0.93         0.31         0.70         0.57         0.16         0.67         0.40
     86400      9     13
        0.00         0.00         0.09         0.01         0.13         0.05         0.33         0.03         0.08
        0.01         0.02         0.01         0.01         0.03         0.02         0.03         0.08         0.13
        0.00         0.00         0.01         0.00         0.01         0.02         0.04         0.12         0.26
        0.01         0.03         0.01         0.03         0.03         0.10         0.07         0.17         0.39
        0.02         0.01         0.02         0.01         0.23         0.18         0.11         0.28         0.39
        0.08         0.04         0.18         0.02         0.15         0.07         0.14         0.31         0.37
        0.07         0.03         0.08         0.03         0.11         0.04         0.24         0.23         0.25
        0.29         0.19         0.20         0.08         0.10         0.03         0.09         0.07         0.13
        0.24         0.53         0.19         0.05         0.04         0.03         0.02         0.05         0.29
        0.80         0.09         0.22         0.30         0.11         0.06         0.01         0.07         0.04
        0.56         0.34         0.76         0.39         0.27         0.04         0.03         0.02         0.02
        0.32         0.61         0.42         0.56         0.71         0.25         0.28         0.00         0.16
        0.36         0.37         1.62         1.13         0.83         0.23         0.35         0.14         0.67
    172800      9     13
        2.65         4.20         4.30         2.89         3.17         3.86         4.75         4.28         3.62
        3.75         3.54         4.02         3.83         3.41         3.58         4.25         5.78         4.56
        3.30         3.30         3.68         3.52         3.46         3.40         4.71         6.90         4.03
        2.22         2.84         2.93         3.43         3.83         3.81         4.09         5.09         5.11
        1.43         2.20         2.43         3.64         3.93         3.42         3.86         3.32         4.26
        1.43         2.11         2.63         3.23         3.42         3.41         2.97         2.35         3.34
        1.92         3.45         4.37         2.89         2.81         2.87         2.52         2.33         2.56
        2.12         7.60         3.42         2.31         2.48         1.99         2.23         1.99         1.35
        2.81         3.78         3.18         2.32         1.46         1.39         1.24         1.03         0.89
        2.04         1.72         2.12         1.25         1.12         0.84         0.92         0.62         0.69
        1.41         1.68         1.04         1.04         0.50         0.81         0.48         0.46         0.50
        0.68         0.98         0.87         0.63         0.51         0.54         0.40         0.22         0.25
        0.95         0.57         0.61         0.44         0.27         0.80         0.54         0.13         0.33
    259200      9     13
        2.38         1.89         0.93         1.14         0.50         0.29         0.41         0.37         0.18
        2.33         1.07         0.91         0.57         0.56         0.22         0.39         0.29         0.61
        1.87         0.61         0.56         0.53         0.92         0.29         0.54         0.55         0.29
        1.44         0.70         0.36         0.55         0.74         0.65         0.88         0.39         1.00
        0.77         0.64         0.62         0.70         1.32         0.66         0.63         0.67         1.44
        0.95         0.87         0.41         2.08         1.14         0.89         0.98         1.16         1.72
        0.74         0.78         1.04         1.38         0.40         1.19         1.61         1.46         1.61
        0.56         1.14         0.72         0.74         0.67         1.18         1.45         1.17         1.14
        0.76         0.79         0.70         0.91         0.89         0.70         1.12         1.40         0.91
        1.03         1.23         1.02         1.05         0.28         0.82         1.52         0.99         1.10
        1.28         1.01         0.89         0.58         0.62         0.48         1.31         1.50         0.81
        0.88         0.87         0.84         0.94         1.35         0.31         0.89         1.53         0.95
        0.96         0.77         1.19         0.81         1.15         0.73         1.20         1.05         0.99
    345600      9     13
        0.63         0.36         0.17         0.27         0.11         0.20         0.36         0.36         0.41
        0.82         0.68         0.58         0.62         0.55         0.30         0.14         0.19         0.56
        0.85         0.27         0.21         0.33         0.70         0.05         0.15         0.30         0.37
        0.41         0.24         0.27         0.22         0.31         0.19         0.31         0.28         0.32
        0.31         0.23         0.23         0.25         0.20         0.15         0.51         0.48         0.57
        0.33         0.59         0.15         0.51         0.32         0.28         0.68         0.63         1.06
        0.38         0.49         0.31         0.31         0.31         0.42         0.70         0.79         0.73
        0.29         0.38         0.25         0.28         0.42         0.49         0.60         0.52         0.62
        0.48         0.22         0.35         0.41         0.28         0.44         0.58         0.76         0.60
        0.48         0.82         0.39         0.42         0.19         0.18         0.61         0.77         0.65
        0.67         0.62         0.64         0.15         0.36         0.21         0.60         0.54         0.38
        0.51         0.69         0.44         0.39         0.37         0.08         0.43         0.41         0.71
        0.43         0.64         0.54         0.32         0.50         0.26         0.52         0.61         0.54
    432000      9     13
        0.16         0.09         0.14         0.04         0.12         0.16         0.05         0.06         0.07
        0.13         0.05         0.09         0.08         0.10         0.07         0.07         0.18         0.13
        0.23         0.03         0.31         0.06         0.08         0.17         0.02         0.10         0.19
        0.14         0.04         0.24         0.13         0.25         0.11         0.08         0.03         0.11
        0.10         0.04         0.19         0.09         0.10         0.13         0.04         0.06         0.05
        0.07         0.18         0.20         0.15         0.18         0.05         0.04         0.10         0.06
        0.08         0.10         0.15         0.14         0.16         0.10         0.03         0.04         0.04
        0.07         0.03         0.08         0.28         0.10         0.09         0.06         0.05         0.04
        0.08         0.32         0.07         0.14         0.11         0.16         0.04         0.06         0.04
        0.08         0.19         0.39         0.07         0.25         0.14         0.02         0.11         0.05
        0.12         0.28         0.65         0.36         0.04         0.15         0.12         0.05         0.08
        0.06         0.36         0.54         0.48         0.47         0.09         0.09         0.06         0.09
        0.28         0.42         0.68         0.40         0.70         0.12         0.09         0.13         0.05
    518400      9     13
        0.03         0.04         0.05         0.05         0.08         0.05         0.04         0.01         0.05
        0.02         0.04         0.05         0.06         0.06         0.04         0.05         0.05         0.02
        0.08         0.01         0.06         0.04         0.04         0.09         0.05         0.02         0.07
        0.01         0.05         0.08         0.05         0.09         0.08         0.04         0.04         0.14
        0.07         0.02         0.08         0.01         0.06         0.11         0.01         0.03         0.04
        0.02         0.05         0.14         0.01         0.01         0.08         0.03         0.02         0.01
        0.07         0.02         0.05         0.01         0.10         0.02         0.01         0.02         0.01
        0.08         0.01         0.08         0.09         0.05         0.02         0.04         0.02         0.01
        0.02         0.08         0.01         0.09         0.03         0.05         0.01         0.02         0.03
        0.07         0.03         0.01         0.01         0.13         0.01         0.01         0.03         0.02
        0.08         0.05         0.09         0.08         0.01         0.02         0.01         0.02         0.03
        0.04         0.05         0.07         0.08         0.11         0.03         0.03         0.01         0.03
        0.05         0.04         0.02         0.03         0.08         0.00         0.02         0.03         0.01
    604800      9     13
        0.13         0.12         0.06         0.12         0.05         0.04         0.11         0.03         0.05
        0.07         0.03         0.05         0.04         0.07         0.02         0.03         0.08         0.09
        0.03         0.05         0.08         0.05         0.06         0.02         0.06         0.13         0.13
        0.02         0.08         0.09         0.06         0.08         0.15         0.10         0.13         0.12
        0.04         0.03         0.06         0.04         0.10         0.05         0.01         0.04         0.08
        0.01         0.01         0.12         0.12         0.13         0.08         0.08         0.13         0.25
        0.05         0.02         0.02         0.05         0.05         0.16         0.25         0.26         0.24
        0.06         0.02         0.06         0.07         0.07         0.07         0.19         0.16         0.24
        0.05         0.10         0.11         0.04         0.02         0.20         0.12         0.26         0.33
        0.11         0.12         0.09         0.02         0.20         0.01         0.19         0.20         0.23
        0.11         0.16         0.15         0.14         0.02         0.03         0.08         0.17         0.17
        0.17         0.13         0.06         0.12         0.06         0.02         0.08         0.10         0.16
        0.24         0.19         0.13         0.04         0.10         0.04         0.01         0.01         0.12
    691200      9     13
        0.28         0.14         0.30         0.20         0.29         0.19         0.03         0.03         0.12
        0.50         0.28         0.15         0.16         0.14         0.08         0.03         0.06         0.03
        0.19         0.15         0.32         0.07         0.10         0.16         0.07         0.05         0.12
        0.33         0.33         0.39         0.13         0.36         0.74         0.05         0.07         0.31
        0.31         0.32         0.34         0.14         0.05         0.14         0.03         0.26         0.50
        0.37         0.39         0.31         0.16         0.24         0.31         0.24         0.33         0.11
        0.21         0.39         0.22         0.11         0.15         0.27         0.46         0.32         0.41
        0.21         0.09         0.28         0.19         0.21         0.19         0.92         0.51         0.10
        0.14         0.40         0.08         0.35         0.29         0.32         0.48         0.39         0.16
        0.42         0.24         0.17         0.32         0.36         0.34         0.66         0.57         0.48
        0.55         0.30         0.48         0.21         0.62         0.39         0.74         0.89         0.75
        0.55         0.42         0.45         0.49         0.29         0.46         0.41         0.81         0.81
        0.25         0.45         0.57         0.15         0.56         0.41         0.46         0.38         0.93
    777600      9     13
        0.25         0.02         0.03         0.01         0.02         0.01         0.01         0.01         0.01
        1.05         0.23         0.02         0.02         0.01         0.01         0.01         0.00         0.01
        0.46         0.08         0.15         0.02         0.03         0.02         0.01         0.00         0.02
        0.41         0.13         0.14         0.08         0.24         0.02         0.07         0.03         0.08
        0.31         0.37         0.29         0.16         0.13         0.07         0.04         0.10         0.04
        0.77         0.12         0.25         1.14         0.18         0.12         0.26         0.27         0.20
        0.21         0.24         0.24         0.42         0.55         0.07         0.18         0.02         0.08
        0.21         0.27         0.52         0.29         0.06         0.21         0.08         0.20         0.25
        0.19         0.52         0.14         0.29         0.22         0.14         0.10         0.06         0.18
        0.40         0.38         0.61         0.84         0.15         0.40         0.34         0.35         0.17
        0.57         0.35         0.40         0.36         0.45         0.26         0.23         0.22         0.23
        0.65         0.48         0.51         0.69         0.47         0.46         0.36         0.52         0.72
        0.87         0.34         0.27         0.26         0.39         0.28         0.41         0.71         0.65
    864000      9     13
        0.72         0.29         0.67         0.62         0.20         0.18         0.54         0.30         0.83
        0.66         1.17         0.66         0.64         0.68         0.53         0.52         0.63         0.29
        0.84         0.63         0.59         0.51         0.75         0.61         0.58         0.71         0.45
        0.86         0.78         0.96         0.54         1.39         0.68         0.92         0.30         0.86
        0.95         0.65         1.06         0.70         0.79         0.91         0.88         0.86         0.65
        1.02         0.67         0.90         0.55         0.91         0.84         1.34         1.01         1.07
        0.83         1.23         0.90         0.71         1.09         1.18         2.52         1.72         1.42
        1.05         0.85         1.00         0.87         1.33         1.55         1.20         1.59         1.27
        1.03         1.09         0.46         0.71         0.91         1.71         1.13         1.55         1.71
        1.02         0.98         1.47         1.43         0.47         1.05         1.67         1.58         1.83
        0.91         2.48         1.38         1.05         0.70         0.85         1.05         1.26         1.59
        0.72         1.21         1.02         1.31         0.64         1.67         0.85         1.15         0.89
        0.43         0.57         1.36         0.61         1.28         0.67         0.79         1.21         1.42
    950400      9     13
        0.85         0.39         0.28         0.40         0.07         0.20         0.17         0.11         0.36
        0.50         0.63         0.22         0.29         0.13         0.04         0.20         0.12         0.28
        0.71         1.12         0.52         0.64         0.38         0.10         0.12         0.22         0.92
        0.75         0.74         0.59         0.26         0.36         0.13         0.32         0.39         0.27
        0.30         0.47         1.04         0.47         0.59         0.19         0.72         0.44         0.26
        0.53         0.22         0.57         0.38         0.79         0.49         0.64         0.48         0.67
        0.61         0.96         0.23         0.33         0.25         0.45         1.21         0.42         0.19
        0.53         1.17         0.28         0.13         0.14         0.38         0.79         0.74         0.31
        0.62         0.16         0.55         0.16         0.15         0.58         0.70         0.43         0.37
        0.62         0.76         0.85         0.43         0.30         0.51         0.94         0.57         0.24
        0.53         0.75         0.70         0.46         0.20         0.29         0.27         0.60         0.43
        0.34         0.61         0.29         0.24         0.66         0.69         0.44         0.70         0.63
        0.50         0.30         0.49         0.20         0.77         0.34         0.67         0.73         0.79
   1036800      9     13
        1.15         0.60         0.64         0.43         0.13         0.27         0.23         0.43         0.37
        0.49         0.54         0.12         0.26         0.14         0.14         0.29         0.20         0.45
        0.56         0.68         0.28         0.25         0.77         0.28         0.22         0.25         0.92
        0.40         0.54         0.96         0.08         0.51         0.20         0.20         0.28         0.78
        0.69         0.28         0.17         0.15         0.71         0.14         0.23         0.55         0.35
        0.33         0.78         0.29         0.34         0.50         0.21         0.50         0.26         0.46
        0.19         0.54         0.20         0.31         0.26         0.18         0.52         0.28         0.72
        0.58         0.72         0.23         0.19         0.09         0.52         0.57         0.34         0.22
        0.68         0.44         0.17         0.08         0.13         0.24         0.50         0.53         0.39
        0.48         0.87         0.59         0.27         0.18         0.16         0.30         0.96         0.42
        0.64         0.81         0.69         0.61         0.22         0.24         0.15         0.49         0.71
        0.24         0.43         0.80         0.18         0.12         0.53         0.12         0.57         0.47
        0.52         0.61         1.12         0.34         0.72         0.20         0.11         0.16         0.26
   1123200      9     13
        0.14         0.53         0.50         0.53         0.50         0.71         0.10         0.16         0.11
        0.19         0.27         0.29         0.32         0.20         0.17         0.27         0.08         0.51
        0.13         0.31         0.42         0.23         0.83         0.18         0.12         0.22         0.55
        0.42         0.22         0.28         0.17         0.32         0.18         0.17         0.27         0.24
        0.37         0.18         0.22         0.21         0.38         0.21         0.28         0.32         0.10
        0.30         0.33         0.20         0.41         0.12         0.20         0.28         0.16         0.08
        0.31         0.56         0.22         0.23         0.12         0.26         0.32         0.09         0.32
        0.64         0.41         0.19         0.13         0.09         0.15         0.44         0.25         0.09
        0.64         0.33         0.22         0.06         0.07         0.39         0.48         0.28         0.28
        0.47         0.47         0.37         0.13         0.17         0.10         0.55         0.43         0.18
        0.24         0.28         0.21         0.19         0.17         0.22         0.12         0.33         0.16
        0.38         0.26         0.28         0.40         0.15         0.33         0.12         0.36         0.26
        1.15         0.78         0.26         0.18         0.43         0.21         0.21         0.20         0.40
   1209600      9     13
        0.09         0.16         0.19         0.26         0.06         0.07         0.04         0.05         0.06
        0.11         0.26         0.26         0.50         0.18         0.04         0.05         0.05         0.06
        0.61         0.43         0.26         0.34         0.15         0.16         0.10         0.03         0.03
        0.83         0.15         0.25         0.10         0.26         0.17         0.06         0.01         0.12
        0.57         0.54         0.58         0.50         0.25         0.40         0.20         0.15         0.07
        0.76         0.28         0.78         0.86         1.04         0.49         0.81         0.47         0.47
        0.57         0.72         0.32         0.83         0.76         0.42         0.55         0.35         0.15
        0.56         0.42         0.52         0.74         0.23         0.24         0.23         0.16         0.04
        0.47         0.50         0.18         0.18         0.15         0.24         0.47         0.15         0.13
        0.12         0.36         0.20         0.13         0.10         0.65         0.69         0.49         0.47
        0.37         0.41         0.61         0.11         0.14         0.37         0.89         0.53         0.65
        0.72         1.48         0.73         0.37         0.13         0.36         0.46         0.95         0.97
        0.61         0.66         0.77         0.12         0.34         0.24         1.01         1.02         1.07