         0      9     13
        0.15         0.58         0.94         0.54         0.19         0.13         0.35         0.54         0.60
        0.35         0.47         0.28         0.35         0.49         0.49         0.22         0.19         0.07
        0.43         0.45         0.39         0.87         0.88         0.54         0.23         0.14         0.05
        0.21         0.30         0.61         0.93         0.47         0.12         0.40         0.17         0.62
        0.18         1.05         1.08         2.11         1.61         0.22         0.41         0.33         1.17
        0.07         0.64         0.70         0.97         0.89         0.54         0.75         0.69         2.02
        0.13         1.35         0.37         1.17         0.98         0.75         0.60         1.03         1.51
        0.76         0.49         0.73         0.14         0.93         0.69         0.66         0.73         0.61
        0.43         0.27         0.86         0.96         0.17         0.60         0.60         0.62         0.33
        0.41         0.37         0.66         0.46         0.53         0.21         0.19         0.19         0.22
        0.75         0.74         0.70         0.49         0.13         0.14         0.15         0.13         0.05
        0.58         0.73         0.97         0.83         0.21         0.19         0.07         0.29         0.42
        0.58         1.41         0.83         0.87         0.37         0.78         0.12         0.12         0.66
     86400      9     13
        0.31         0.13         0.25         0.31         0.17         0.12         0.16         0.23         0.13
        0.25         0.38         0.61         0.50         0.26         0.30         0.18         0.19         0.28
        0.21         0.50         0.32         0.25         0.42         0.50         0.15         0.40         0.11
        0.04         0.39         0.23         0.46         0.29         0.12         0.20         0.20         0.24
        0.02         0.12         0.20         0.60         0.66         0.45         0.28         0.70         1.10
        0.14         0.16         0.19         0.33         0.61         0.29         0.24         0.56         0.70
        0.07         0.33         0.23         0.28         0.19         0.07         0.52         0.41         0.75
        0.13         0.27         0.17         0.14         0.21         0.09         0.22         0.37         0.25
        0.38         0.28         0.31         0.17         0.03         0.07         0.11         0.32         0.47
        0.20         0.42         0.35         0.44         0.14         0.20         0.16         0.10         0.30
        0.98         0.39         0.33         0.28         0.17         0.06         0.11         0.06         0.05
        0.39         0.70         0.55         0.24         0.08         0.11         0.17         0.14         0.16
        0.31         0.57         0.46         0.25         0.10         0.33         0.07         0.06         0.45
    172800      9     13
        0.50         0.54         0.35         0.32         0.23         0.18         0.14         0.24         0.17
        0.24         0.40         0.33         0.29         0.39         0.27         0.14         0.18         0.14
        0.18         0.44         0.24         0.24         0.17         0.09         0.23         0.13         0.15
        0.16         0.70         0.41         0.51         0.28         0.14         0.10         0.15         0.31
        0.16         0.28         0.25         0.30         0.83         0.14         0.14         0.35         0.53
        0.02         0.08         0.31         0.49         0.72         0.24         0.35         0.36         0.61
        0.04         0.04         0.04         0.30         0.56         0.23         0.34         0.77         0.36
        0.04         0.01         0.07         0.04         0.20         0.28         0.65         0.80         0.74
        0.02         0.06         0.11         0.10         0.09         0.31         0.33         0.55         0.45
        0.08         0.03         0.17         0.08         0.14         0.37         0.24         0.15         0.46
        0.03         0.26         0.20         0.18         0.08         0.08         0.19         0.09         0.40
        0.02         0.08         0.63         0.32         0.05         0.15         0.22         0.19         0.32
        0.13         0.67         0.45         0.53         0.14         0.40         0.05         0.13         0.19
    259200      9     13
        0.85         0.83         0.82         0.88         0.83         0.60         0.59         0.52         0.39
        1.45         1.22         1.35         0.83         0.95         0.53         0.64         0.78         0.76
        1.64         1.26         1.12         1.21         1.11         0.47         0.56         0.92         1.10
        1.01         1.09         1.06         1.19         1.17         0.70         0.72         0.50         0.90
        0.94         0.69         1.00         1.12         1.05         0.94         0.91         0.82         0.94
        1.04         0.97         0.86         0.68         1.07         1.01         0.84         0.56         1.23
        1.22         0.59         0.62         0.56         0.56         1.14         0.95         1.28         1.16
        1.20         0.91         0.80         0.72         0.67         1.20         0.95         1.06         1.13
        0.51         0.54         0.86         0.69         0.53         1.04         0.84         0.90         0.62
        0.75         0.77         0.56         0.84         0.56         0.48         0.95         1.15         1.05
        1.13         0.80         0.84         1.07         0.39         0.68         0.46         1.03         0.70
        1.05         0.97         0.81         1.44         1.08         0.68         0.54         1.04         0.63
        0.85         0.52         0.75         0.57         0.90         0.55         0.44         0.51         0.56
    345600      9     13
        1.33         0.77         1.10         1.01         0.60         1.50         0.85         1.14         0.98
        1.30         1.21         0.99         0.86         0.94         0.68         1.07         0.64         1.11
        1.37         1.59         1.22         0.99         1.42         0.71         0.63         0.63         0.77
        1.58         0.82         1.11         0.70         1.06         0.50         0.92         0.76         0.79
        1.79         0.84         0.70         0.43         1.00         0.66         0.99         0.71         0.86
        1.32         1.24         0.65         0.71         0.83         0.52         1.42         1.29         1.31
        1.12         1.14         0.97         0.76         0.61         0.78         1.44         1.44         1.27
        1.43         1.22         0.97         0.72         0.63         1.05         1.46         1.59         1.68
        1.31         1.30         1.20         0.37         0.55         0.88         1.48         1.52         1.31
        1.41         1.49         1.63         0.90         0.34         0.56         0.82         1.34         0.86
        1.23         1.79         1.52         1.40         0.72         1.25         0.36         1.00         0.75
        1.44         1.17         0.85         1.05         0.78         0.96         0.81         0.89         0.95
        1.41         0.88         0.87         0.53         1.02         1.13         1.27         0.85         0.88
    432000      9     13
        1.03         1.03         0.61         0.64         0.55         0.62         0.66         0.98         0.78
        0.80         0.88         0.70         0.51         0.62         0.50         0.69         0.86         0.58
        1.10         1.11         0.90         0.67         0.99         0.20         0.36         0.55         0.79
        1.10         0.53         0.64         0.33         0.50         0.30         0.65         0.40         0.74
        1.15         0.56         0.55         0.39         0.23         0.19         0.64         0.60         1.09
        1.17         0.98         0.47         0.48         0.09         0.31         0.97         0.88         0.56
        1.22         0.87         0.61         0.67         0.08         0.57         1.37         1.11         1.05
        1.47         0.76         0.53         0.59         0.30         0.73         1.56         0.86         0.84
        0.97         0.95         0.66         0.63         0.23         0.47         0.68         1.34         0.47
        0.57         0.96         1.23         0.71         0.55         0.60         1.28         1.21         0.58
        0.61         0.98         0.56         0.49         0.49         0.58         0.27         0.62         0.56
        0.66         0.91         0.81         0.53         0.43         0.62         0.26         0.80         1.19
        1.33         0.85         1.12         0.39         0.79         0.43         0.52         0.76         0.81
    518400      9     13
        0.85         0.82         0.35         0.42         0.55         0.51         0.49         1.00         0.58
        0.48         0.87         0.60         1.03         0.25         0.18         0.37         0.53         0.71
        1.03         0.55         0.72         0.36         1.33         0.15         0.38         0.75         1.34
        1.21         0.50         0.45         0.19         0.62         0.21         0.99         0.64         0.58
        1.05         0.65         0.51         0.74         0.74         0.26         0.85         0.69         0.89
        0.70         1.03         0.45         0.91         0.52         0.37         1.10         1.06         1.44
        1.23         0.59         0.57         0.45         0.61         0.61         1.45         1.37         1.70
        0.80         0.80         0.28         0.64         0.55         0.84         1.40         0.91         1.10
        0.82         0.67         0.51         0.47         0.82         1.02         1.35         1.02         0.87
        1.05         1.97         1.26         0.61         0.69         0.86         0.80         1.28         0.82
        1.49         1.83         1.23         0.83         0.93         1.48         0.30         0.88         0.91
        1.64         1.14         1.38         0.65         1.24         0.64         0.73         0.74         0.82
        1.17         0.92         1.57         0.68         1.28         0.85         0.64         0.85         1.09
    604800      9     13
        0.60         0.61         0.94         0.67         1.01         0.65         0.56         0.50         1.06
        1.22         0.58         1.02         0.60         0.51         0.77         0.53         0.84         0.61
        0.97         0.82         0.46         0.36         0.50         0.35         0.57         0.51         0.50
        0.64         0.67         0.81         0.36         0.70         0.55         0.62         0.40         0.48
        0.67         0.77         0.65         0.75         1.04         0.59         0.58         0.72         0.79
        0.84         0.63         0.63         0.83         0.83         0.54         0.44         0.85         0.89
        0.45         0.81         0.73         1.07         0.40         0.64         0.52         0.58         0.86
        0.67         0.82         0.82         0.81         0.51         0.97         0.52         0.82         0.63
        0.89         0.91         0.66         0.80         0.48         0.66         0.85         0.56         0.59
        1.44         1.64         0.71         0.80         0.28         0.41         0.97         0.49         0.91
        1.72         1.05         0.74         0.49         0.31         0.38         0.41         0.25         1.10
        1.27         1.09         0.80         1.05         0.48         0.45         0.19         0.76         0.79
        0.91         0.93         0.61         0.50         0.80         0.77         0.70         0.69         0.71
    691200      9     13
        0.32         0.29         0.24         0.38         0.24         0.07         0.15         0.12         0.13
        0.45         0.36         0.32         0.27         0.12         0.21         0.34         0.19         0.05
        0.25         0.35         0.24         0.36         0.22         0.47         0.33         0.11         0.10
        0.29         0.58         0.75         0.41         0.28         0.17         0.26         0.31         0.11
        0.27         0.30         0.58         0.51         0.51         0.38         0.41         0.12         0.27
        0.30         0.67         0.49         0.36         0.48         0.39         0.17         0.33         0.22
        0.54         0.78         0.30         0.26         0.31         0.36         0.47         0.12         0.24
        0.30         0.37         0.29         0.17         0.24         0.40         0.36         0.08         0.24
        0.33         0.36         0.38         0.45         0.26         0.48         0.10         0.28         0.24
        0.30         0.37         0.60         0.65         0.37         0.44         0.35         0.29         0.27
        0.56         0.65         0.39         0.15         0.24         0.33         0.30         0.13         0.15
        0.58         0.71         0.44         0.45         0.18         0.29         0.10         0.20         0.54
        0.33         0.46         0.27         0.21         0.49         0.52         0.14         0.40         0.56
    777600      9     13
        0.21         0.04         0.15         0.07         0.13         0.09         0.12         0.14         0.29
        0.20         0.12         0.25         0.20         0.07         0.20         0.21         0.27         0.08
        0.07         0.14         0.09         0.12         0.05         0.08         0.26         0.22         0.14
        0.03         0.09         0.34         0.48         0.18         0.18         0.12         0.29         0.15
        0.06         0.08         0.14         0.25         0.22         0.11         0.04         0.20         0.24
        0.12         0.04         0.10         0.09         0.13         0.12         0.21         0.57         0.49
        0.08         0.06         0.09         0.13         0.09         0.11         0.17         0.37         0.38
        0.10         0.03         0.24         0.05         0.08         0.08         0.10         0.29         0.33
        0.07         0.10         0.10         0.16         0.22         0.21         0.38         0.41         0.15
        0.10         0.21         0.18         0.32         0.19         0.26         0.15         0.49         0.33
        0.34         0.25         0.38         0.19         0.06         0.20         0.20         0.50         0.41
        0.25         0.55         0.74         0.20         0.16         0.28         0.14         0.02         0.20
        0.48         0.52         0.41         0.36         0.45         1.11         0.15         0.16         0.28
    864000      9     13
        0.05         0.05         0.06         0.05         0.07         0.08         0.08         0.05         0.05
        0.06         0.06         0.11         0.09         0.10         0.05         0.08         0.08         0.05
        0.04         0.06         0.17         0.15         0.07         0.10         0.28         0.16         0.03
        0.07         0.08         0.09         0.32         0.18         0.23         0.05         0.02         0.11
        0.13         0.11         0.10         0.22         0.24         0.13         0.03         0.05         0.17
        0.09         0.08         0.13         0.07         0.14         0.07         0.03         0.06         0.04
        0.09         0.15         0.07         0.09         0.08         0.04         0.03         0.02         0.07
        0.12         0.04         0.18         0.05         0.04         0.02         0.02         0.03         0.05
        0.23         0.10         0.13         0.07         0.05         0.06         0.07         0.06         0.14
        0.26         0.23         0.10         0.08         0.06         0.21         0.15         0.17         0.16
        0.31         0.28         0.35         0.26         0.10         0.12         0.12         0.14         0.14
        0.54         0.71         0.72         0.42         0.15         0.14         0.22         0.15         0.24
        0.36         0.68         0.57         0.50         0.36         0.94         0.25         0.17         0.21
    950400      9     13
        0.05         0.03         0.03         0.03         0.18         0.04         0.02         0.02         0.09
        0.04         0.08         0.07         0.04         0.07         0.04         0.02         0.11         0.07
        0.04         0.04         0.05         0.10         0.11         0.04         0.12         0.06         0.04
        0.04         0.10         0.20         0.39         0.39         0.24         0.03         0.04         0.33
        0.11         0.22         0.14         0.54         0.55         0.19         0.01         0.57         0.36
        0.11         0.14         0.11         0.05         0.33         0.12         0.01         0.04         0.03
        0.12         0.23         0.10         0.04         0.11         0.05         0.03         0.02         0.01
        0.16         0.05         0.23         0.10         0.08         0.03         0.01         0.02         0.01
        0.16         0.14         0.07         0.10         0.12         0.02         0.02         0.03         0.03
        0.31         0.19         0.18         0.16         0.17         0.04         0.02         0.06         0.09
        0.13         0.13         0.19         0.21         0.08         0.10         0.03         0.04         0.12
        0.11         0.27         0.32         0.43         0.21         0.08         0.22         0.03         0.02
        0.21         0.28         0.36         0.22         0.29         0.87         0.23         0.08         0.04
   1036800      9     13
        0.04         0.05         0.08         0.07         0.11         0.08         0.07         0.08         0.04
        0.05         0.24         0.08         0.09         0.13         0.07         0.04         0.10         0.06
        0.15         0.06         0.11         0.10         0.09         0.05         0.13         0.08         0.02
        0.24         0.18         0.17         0.44         0.21         0.27         0.02         0.04         0.11
        0.26         0.24         0.17         0.28         0.35         0.25         0.02         0.06         0.10
        0.25         0.26         0.11         0.14         0.17         0.16         0.06         0.08         0.05
        0.13         0.35         0.20         0.12         0.30         0.09         0.05         0.09         0.12
        0.24         0.20         0.39         0.19         0.12         0.14         0.03         0.11         0.05
        0.43         0.46         0.39         0.48         0.19         0.04         0.04         0.09         0.17
        0.35         0.13         0.32         0.38         0.20         0.07         0.14         0.15         0.31
        0.17         0.20         0.44         0.37         0.12         0.09         0.06         0.23         0.25
        0.10         0.32         0.48         0.33         0.18         0.08         0.17         0.12         0.14
        0.28         0.53         0.93         0.59         0.38         1.10         0.24         0.12         0.11
   1123200      9     13
        0.03         0.02         0.05         0.07         0.07         0.05         0.03         0.05         0.01
        0.03         0.03         0.09         0.09         0.09         0.06         0.02         0.01         0.04
        0.03         0.03         0.04         0.06         0.06         0.03         0.08         0.07         0.03
        0.01         0.06         0.03         0.13         0.14         0.11         0.09         0.02         0.15
        0.04         0.07         0.07         0.10         0.13         0.13         0.02         0.02         0.27
        0.01         0.04         0.04         0.02         0.12         0.10         0.01         0.01         0.03
        0.02         0.11         0.06         0.01         0.09         0.05         0.02         0.01         0.01
        0.04         0.02         0.12         0.09         0.05         0.03         0.01         0.00         0.00
        0.03         0.06         0.08         0.13         0.06         0.01         0.00         0.01         0.01
        0.06         0.08         0.08         0.14         0.11         0.01         0.00         0.06         0.03
        0.03         0.11         0.26         0.16         0.06         0.05         0.01         0.04         0.04
        0.01         0.09         0.30         0.32         0.25         0.12         0.14         0.03         0.02
        0.04         0.03         0.12         0.19         0.27         0.43         0.17         0.02         0.02
   1209600      9     13
        0.07         0.01         0.02         0.06         0.07         0.04         0.02         0.09         0.03
        0.34         0.05         0.01         0.02         0.03         0.01         0.01         0.08         0.02
        0.03         0.05         0.03         0.06         0.03         0.04         0.04         0.06         0.02
        0.01         0.08         0.13         0.64         0.25         0.06         0.04         0.02         0.13
        0.04         0.05         0.05         0.14         0.65         0.08         0.01         0.22         0.69
        0.02         0.05         0.10         0.02         0.12         0.05         0.00         0.07         0.49
        0.02         0.03         0.02         0.07         0.09         0.01         0.01         0.01         0.36
        0.02         0.02         0.13         0.04         0.06         0.02         0.01         0.01         0.02
        0.04         0.15         0.43         0.19         0.07         0.02         0.01         0.01         0.01
        0.23         0.62         0.33         0.27         0.05         0.00         0.02         0.01         0.01
        0.02         0.19         0.61         0.20         0.04         0.01         0.03         0.01         0.01
        0.00         0.16         0.62         0.34         0.18         0.07         0.11         0.01         0.05
        0.02         0.31         0.19         0.44         0.24         0.64         0.23         0.04         0.02