         0      9     13
        0.20         0.17         0.38         0.39         0.24         0.23         0.26         0.45         0.59
        0.60         0.58         0.45         0.21         0.37         0.40         0.38         0.36         0.57
        0.38         0.32         0.72         0.74         0.33         0.17         0.56         0.76         0.42
        0.17         0.85         0.96         0.82         0.50         0.60         0.29         0.37         0.46
        0.67         0.74         0.66         1.06         0.80         0.25         0.40         0.46         0.90
        0.20         1.06         0.81         1.03         0.69         0.46         0.27         0.42         0.81
        0.30         0.38         0.43         0.69         0.63         0.26         0.44         0.38         0.89
        0.66         0.50         0.23         0.32         0.42         0.09         0.30         0.49         0.55
        0.33         0.50         0.85         0.36         0.28         0.29         0.47         0.41         0.53
        0.33         0.63         0.94         0.67         0.41         0.24         0.24         0.27         0.39
        0.29         0.51         0.96         0.49         0.16         0.13         0.20         0.54         0.36
        0.51         0.78         0.97         0.35         0.08         0.24         0.40         0.39         0.67
        0.47         0.78         0.89         0.79         0.09         0.53         0.10         0.11         0.63
     86400      9     13
        1.55         1.94         0.81         1.27         0.77         0.86         0.96         0.85         0.37
        1.18         1.33         0.56         1.44         1.02         0.69         0.77         0.62         1.02
        1.03         0.77         0.63         1.42         0.62         0.25         0.61         0.49         0.62
        1.06         0.80         0.79         0.71         1.14         0.80         1.01         0.65         0.59
        0.70         0.83         0.93         0.70         1.10         0.78         0.78         1.14         1.89
        0.44         0.77         1.18         1.00         0.81         0.81         0.96         1.34         1.62
        0.59         0.81         0.71         0.84         0.48         0.83         1.19         1.40         1.67
        0.81         0.72         0.90         1.13         0.55         0.87         2.10         1.17         0.89
        0.48         0.58         0.98         0.99         0.58         0.85         0.76         0.65         0.82
        0.73         0.66         1.07         0.81         1.36         0.68         0.55         1.17         0.77
        0.83         0.65         0.95         0.99         1.07         0.76         0.84         0.87         1.04
        0.99         0.67         0.67         0.95         1.05         1.15         1.01         0.66         0.88
        0.85         0.51         0.79         1.01         0.58         0.89         0.72         0.74         0.81
    172800      9     13
        1.70         0.95         1.62         0.80         0.33         0.73         0.84         1.05         0.59
        1.45         1.80         1.29         1.02         0.52         0.53         0.93         0.75         0.59
        1.18         0.91         0.88         0.85         1.26         0.38         0.64         0.94         1.10
        1.70         0.44         0.77         0.16         0.59         0.23         0.50         0.76         0.52
        0.96         0.48         0.36         0.62         0.69         0.48         0.52         0.53         0.86
        0.68         0.79         0.51         0.51         0.76         0.32         0.72         0.86         0.86
        1.13         1.09         0.98         0.63         0.53         0.33         0.62         0.79         1.09
        1.14         0.75         0.71         0.90         0.89         0.54         0.75         0.67         0.57
        1.24         1.11         0.60         0.91         0.60         0.83         0.94         0.71         0.29
        0.95         0.87         1.00         0.70         0.90         0.47         0.74         0.58         0.62
        0.94         1.40         2.06         1.39         0.47         0.65         0.25         0.81         0.70
        1.02         1.84         0.87         0.93         0.90         0.75         0.54         0.43         0.57
        0.99         1.10         1.62         0.70         2.29         0.43         0.45         0.70         0.48
    259200      9     13
        0.77         0.54         0.18         0.37         0.21         0.16         0.31         0.08         0.45
        0.84         0.76         0.67         0.73         0.26         0.28         0.12         0.10         0.17
        0.97         1.24         1.42         1.01         0.83         0.74         0.44         0.33         0.39
        1.36         0.61         1.46         0.71         1.77         0.51         0.80         0.92         0.75
        1.04         0.89         0.78         0.83         0.78         0.63         0.68         0.69         0.67
        0.82         1.04         0.57         1.17         0.97         0.37         0.91         0.99         0.52
        0.64         0.57         0.31         0.78         0.48         0.45         0.78         0.64         0.83
        0.64         0.58         0.27         0.55         0.46         0.42         0.57         0.78         0.48
        0.92         0.64         0.38         0.33         0.38         0.28         0.51         0.58         0.35
        1.04         1.21         0.96         0.47         0.12         0.19         0.70         0.46         0.33
        1.00         1.71         2.15         0.48         0.35         0.24         0.16         0.42         0.88
        0.50         0.74         1.21         0.56         0.48         0.57         0.21         0.42         0.38
        0.78         1.09         1.56         0.70         1.22         0.32         0.24         0.49         0.89
    345600      9     13
        0.10         0.03         0.22         0.27         0.20         0.10         0.05         0.02         0.08
        0.07         0.05         0.09         0.38         0.33         0.23         0.12         0.07         0.03
        0.08         0.05         0.30         0.25         0.21         0.20         0.07         0.04         0.22
        0.38         0.09         0.43         0.32         0.55         0.62         0.52         0.15         0.35
        0.18         0.04         0.52         0.29         0.40         0.62         0.49         0.10         0.24
        0.08         0.16         0.57         0.14         0.29         0.64         0.52         0.63         0.78
        0.15         0.11         0.15         0.30         0.62         0.75         0.55         0.59         0.98
        0.07         0.05         0.34         0.08         0.29         0.39         0.51         0.79         1.10
        0.07         0.24         0.40         0.15         0.22         0.39         0.57         0.41         0.86
        0.44         0.20         0.09         0.07         0.24         0.48         0.26         0.44         0.62
        0.29         0.51         0.27         0.35         0.48         0.44         0.38         0.43         0.63
        0.79         0.48         0.42         0.35         0.36         0.45         0.61         0.35         0.48
        0.47         0.46         0.33         0.69         0.40         1.30         0.25         0.52         0.42
    432000      9     13
        0.23         0.28         0.35         0.14         0.29         0.18         0.53         0.30         0.28
        0.35         0.14         0.30         0.19         0.15         0.13         0.39         0.64         0.12
        0.06         0.03         0.25         0.40         0.07         0.63         0.27         0.18         0.75
        0.02         0.14         0.33         0.72         0.25         0.26         0.31         0.29         0.56
        0.12         0.20         0.13         0.42         0.29         0.33         0.65         0.24         0.35
        0.35         0.23         0.39         0.39         0.29         0.32         0.37         0.57         0.27
        0.37         0.32         0.10         0.99         0.33         0.37         0.31         0.18         0.65
        0.14         0.11         0.31         0.18         0.18         0.38         0.36         0.25         0.22
        0.25         0.16         0.65         0.32         0.20         0.27         0.56         0.25         0.25
        0.19         0.06         0.07         0.05         0.36         0.43         0.25         0.43         0.31
        0.18         0.31         0.20         0.29         0.22         0.48         0.74         0.36         0.24
        0.43         0.22         0.10         0.14         0.10         0.17         0.36         0.20         0.34
        0.62         0.33         0.21         0.25         0.14         1.18         0.15         0.32         0.47
    518400      9     13
        0.66         0.68         0.62         0.56         0.27         0.24         0.16         0.42         0.86
        0.52         0.43         0.19         0.24         0.30         0.11         0.37         0.57         0.54
        0.26         0.19         0.34         0.22         0.08         0.07         0.50         0.73         0.07
        0.02         0.10         0.33         0.60         0.15         0.15         0.33         0.95         0.43
        0.03         0.10         0.08         0.40         0.56         0.17         0.34         0.57         0.50
        0.02         0.05         0.11         0.26         0.31         0.12         0.20         0.47         0.38
        0.03         0.09         0.08         0.31         0.37         0.14         0.28         0.34         0.35
        0.07         0.10         0.18         0.16         0.24         0.08         0.04         0.07         0.40
        0.03         0.14         0.19         0.23         0.05         0.04         0.11         0.20         0.87
        0.09         0.09         0.13         0.11         0.15         0.19         0.09         0.21         0.65
        0.05         0.07         0.09         0.10         0.09         0.06         0.05         0.04         0.43
        0.03         0.04         0.14         0.21         0.06         0.14         0.13         0.09         0.38
        0.02         0.13         0.20         0.16         0.14         0.39         0.02         0.02         0.15
    604800      9     13
        0.79         1.32         1.25         1.11         0.78         0.55         0.60         0.78         0.74
        0.71         0.93         0.54         0.79         0.99         0.69         0.70         0.79         0.46
        0.37         0.74         0.80         0.80         0.51         0.48         0.69         0.91         0.14
        0.18         0.68         0.58         0.67         0.61         0.49         0.36         0.71         0.67
        0.40         0.35         0.26         0.48         0.80         0.52         0.25         0.84         1.41
        0.27         0.53         0.47         0.69         0.68         0.57         0.76         1.20         1.35
        0.21         0.43         0.44         0.72         0.64         0.51         1.19         0.92         0.66
        0.55         0.69         0.33         0.46         0.83         0.40         0.53         1.09         1.10
        0.62         0.41         0.43         0.38         0.19         0.26         0.57         0.63         0.51
        0.77         0.36         0.45         0.18         0.13         0.29         0.81         0.72         1.06
        0.22         0.48         0.36         0.09         0.12         0.35         0.30         0.96         0.64
        0.32         0.54         0.56         0.61         0.20         0.37         0.19         0.65         1.04
        0.54         1.18         0.48         0.55         0.38         0.75         0.32         0.57         0.55
    691200      9     13
        1.41         1.33         1.49         1.13         0.62         0.86         0.72         0.47         1.12
        1.57         1.69         0.85         0.94         1.04         0.63         0.60         1.02         0.65
        1.06         1.36         1.25         1.18         0.77         0.96         0.70         0.92         0.53
        0.72         1.39         1.00         1.68         0.72         0.71         0.55         0.73         0.87
        0.53         1.17         1.14         1.42         1.24         0.76         0.70         1.17         1.32
        0.51         0.64         0.90         1.06         0.67         0.73         0.89         1.47         1.37
        0.66         1.02         0.84         1.31         0.75         0.61         0.89         0.99         1.13
        0.72         0.99         0.79         0.68         1.15         0.54         0.55         1.01         1.34
        0.89         0.95         1.00         1.18         0.98         0.73         0.90         0.83         1.01
        1.41         0.92         1.22         1.22         0.61         0.53         0.87         0.91         1.11
        1.25         1.27         0.95         0.60         0.58         0.55         0.70         0.74         0.95
        1.19         0.88         1.01         0.60         0.43         0.52         0.28         0.53         0.60
        1.09         0.78         0.89         0.94         0.63         0.74         0.26         0.49         0.62
    777600      9     13
        1.66         2.19         2.07         1.29         1.12         0.99         1.37         1.67         1.20
        2.28         1.93         1.58         0.85         0.82         0.82         0.91         1.33         1.15
        1.80         1.61         1.25         1.05         0.31         0.58         1.03         1.05         1.11
        0.88         1.51         1.14         1.65         0.56         0.69         1.32         1.12         0.74
        0.66         1.13         0.82         1.12         1.08         0.63         1.31         1.17         1.47
        0.65         0.85         0.93         1.05         0.76         0.65         1.13         1.33         1.33
        0.63         0.69         0.79         1.13         0.66         0.69         1.12         1.77         1.57
        0.55         0.82         0.80         0.62         1.08         0.70         0.88         1.33         1.30
        0.78         1.06         1.33         1.20         0.79         1.09         0.74         0.72         1.27
        1.12         1.29         1.09         0.57         1.07         1.42         1.02         0.85         1.03
        1.57         1.16         0.62         0.71         0.73         0.52         0.97         1.02         0.58
        0.91         0.69         0.82         0.71         0.46         1.05         0.62         1.25         1.96
        1.05         1.35         1.51         0.88         0.48         1.02         0.54         1.12         1.18
    864000      9     13
        1.06         1.24         0.77         0.80         0.73         1.19         0.77         0.68         0.36
        1.39         1.08         0.74         0.79         0.99         1.19         0.86         0.55         0.64
        1.56         1.78         0.83         0.57         1.02         1.13         0.53         0.56         0.58
        1.41         1.11         1.14         0.58         0.97         0.66         0.86         0.45         0.66
        0.93         1.04         1.07         0.74         1.23         1.11         1.04         0.70         0.95
        0.38         0.61         0.91         1.06         1.54         0.71         0.72         0.89         0.94
        1.09         0.60         1.64         1.22         1.82         0.97         0.92         1.11         1.61
        1.19         0.95         1.21         0.89         1.44         1.17         0.76         1.19         1.32
        1.04         0.75         1.24         1.68         1.24         1.26         1.06         1.03         1.05
        1.41         0.80         1.35         0.84         1.76         0.50         0.74         0.60         0.67
        1.11         1.11         1.09         1.01         1.00         1.17         0.95         0.85         0.78
        0.69         0.88         0.93         1.06         1.19         1.43         1.94         0.68         0.75
        0.53         0.87         0.61         0.94         0.49         1.11         0.61         0.65         0.53
    950400      9     13
        0.90         1.48         0.94         0.28         0.33         0.65         0.53         0.76         0.70
        0.92         1.10         0.46         0.78         0.68         0.18         0.58         0.34         0.72
        0.77         1.02         0.80         0.47         0.77         0.20         0.48         0.56         0.82
        1.19         0.50         1.52         0.27         0.79         0.38         0.52         0.43         0.68
        0.55         0.52         0.83         0.48         0.46         0.67         0.53         0.73         0.50
        0.46         0.66         0.95         0.54         0.71         0.36         0.86         0.79         0.35
        0.51         0.54         1.13         0.98         1.08         0.54         1.01         0.81         0.61
        0.69         0.27         0.87         0.59         0.80         0.76         1.13         1.30         0.88
        0.87         0.70         0.70         1.13         0.61         0.96         0.88         0.81         1.51
        1.02         0.60         0.74         0.32         1.37         0.47         0.63         0.80         0.63
        0.87         0.84         0.70         1.03         0.83         0.86         0.87         1.05         0.70
        0.94         0.88         0.65         0.55         0.84         0.74         1.39         0.89         0.83
        0.42         0.99         0.73         0.81         1.52         0.83         0.82         0.86         0.85
   1036800      9     13
        0.42         0.40         0.34         0.29         0.41         1.17         0.40         0.42         0.32
        0.77         0.61         0.25         0.43         0.64         0.34         0.60         0.43         0.61
        0.69         0.76         0.50         0.31         0.54         0.13         0.20         0.65         1.14
        0.67         0.47         0.66         0.12         0.61         0.16         0.33         0.45         0.93
        0.60         0.31         0.44         0.63         0.62         0.22         0.30         0.52         0.61
        0.72         0.92         0.48         0.49         0.52         0.23         0.34         0.77         0.59
        0.82         0.92         1.03         0.78         0.29         0.24         0.44         0.54         1.17
        0.75         1.01         1.11         0.54         0.29         0.36         0.91         0.63         0.37
        0.56         1.61         0.41         0.56         0.24         0.41         0.66         0.27         0.46
        0.71         1.22         1.18         0.87         0.98         0.65         0.45         0.42         0.21
        0.52         0.77         1.47         1.44         0.60         0.53         0.24         0.41         0.39
        0.67         1.16         0.37         1.14         0.91         0.94         0.44         0.76         0.84
        1.24         1.04         0.73         0.63         1.41         0.48         0.61         0.96         0.43
   1123200      9     13
        0.34         0.45         0.52         0.58         0.24         0.53         0.38         0.38         0.37
        0.40         0.80         0.29         0.89         0.39         0.39         0.24         0.47         0.38
        0.32         0.72         0.37         0.56         0.82         0.23         0.39         0.40         0.25
        0.41         0.21         0.28         0.17         0.49         0.13         0.22         0.97         0.68
        0.31         0.18         0.26         1.13         0.53         0.23         0.33         0.95         0.68
        0.41         0.42         0.27         0.67         0.29         0.26         0.86         0.79         0.72
        0.29         0.26         0.38         0.57         0.20         0.39         0.95         0.78         1.16
        0.32         0.35         0.53         0.20         0.19         0.42         0.87         0.93         1.05
        0.58         0.56         0.19         0.21         0.38         0.37         0.60         1.10         0.72
        0.44         0.30         0.31         0.51         0.21         0.49         0.49         1.03         0.98
        0.92         0.59         0.28         0.37         0.22         0.39         0.38         0.53         0.59
        0.92         0.98         0.74         0.67         1.01         0.34         0.52         0.55         0.65
        1.27         1.10         0.51         0.40         0.92         0.65         0.59         0.62         0.70
   1209600      9     13
        1.13         0.81         0.36         0.34         0.33         0.07         0.25         0.46         0.57
        1.10         0.51         0.35         0.48         0.50         0.19         0.24         0.21         0.45
        1.39         0.66         0.42         0.38         0.49         0.25         0.24         0.14         0.17
        0.92         0.41         0.75         0.22         0.69         0.41         0.71         1.00         0.63
        0.54         0.49         0.58         0.54         0.44         0.43         0.44         0.76         0.76
        0.67         0.84         0.36         0.75         0.76         0.26         0.61         0.54         0.73
        1.01         0.91         0.39         1.05         0.61         0.59         1.10         0.79         0.68
        1.06         0.89         0.78         0.65         0.31         0.68         1.05         0.89         1.17
        1.09         0.78         0.17         0.32         0.32         0.69         1.05         0.76         0.81
        0.47         0.76         1.13         0.82         0.54         0.75         0.71         0.73         0.73
        1.23         0.66         1.27         0.71         0.26         0.74         0.46         1.34         0.85
        0.94         1.47         0.99         0.75         0.83         0.67         0.50         1.26         1.30
        1.06         0.94         1.43         0.89         1.12         0.51         0.88         1.01         1.04