         0      9     13
        0.88         1.37         0.74         0.49         0.25         0.55         0.28         0.31         0.18
        1.00         1.02         0.85         0.77         0.28         0.19         0.48         0.49         0.42
        1.45         0.69         0.42         0.83         0.66         0.24         0.70         0.78         0.43
        1.17         0.70         0.41         0.76         0.35         0.49         0.57         0.53         0.27
        1.06         0.50         0.23         0.68         0.35         0.38         0.48         0.45         1.11
        0.64         0.49         0.30         0.29         0.38         0.42         0.43         0.49         0.52
        0.76         0.57         0.24         0.21         0.27         0.50         0.79         0.74         0.50
        1.30         0.66         0.42         0.11         0.27         0.48         0.62         0.71         0.60
        1.44         0.73         0.64         0.12         0.23         0.78         0.93         0.88         1.04
        1.05         1.80         0.54         0.25         0.40         1.41         1.16         1.08         1.12
        1.98         1.15         0.78         0.32         0.49         0.46         0.63         1.04         0.65
        1.41         1.59         0.86         0.68         0.15         0.46         0.81         1.27         1.84
        1.06         1.19         1.33         0.51         0.40         1.13         0.33         1.47         2.29
     86400      9     13
        0.69         0.90         0.41         0.65         0.25         0.48         0.21         0.40         0.15
        0.29         0.76         0.29         0.55         0.54         0.37         0.36         0.21         0.32
        1.27         0.40         0.44         0.31         0.59         0.38         0.55         0.15         0.67
        0.56         0.27         0.24         0.30         0.29         0.65         0.64         0.21         0.74
        0.67         0.16         0.05         0.49         0.32         0.38         0.48         0.35         0.85
        0.55         0.60         0.10         0.60         0.30         0.47         1.07         0.65         0.83
        0.65         0.30         0.04         0.33         0.21         0.92         1.88         1.27         1.31
        0.49         0.41         0.11         0.05         0.32         1.31         1.72         1.65         1.38
        0.70         0.93         0.23         0.25         0.23         1.23         1.45         1.31         1.44
        1.06         0.87         1.91         0.50         0.29         1.45         1.42         0.82         1.33
        1.20         1.39         1.36         1.27         0.64         0.95         0.71         1.36         1.70
        1.14         1.63         1.54         1.53         0.63         0.91         0.91         1.30         1.23
        0.90         1.66         1.60         1.24         0.80         1.09         0.77         0.66         1.24
    172800      9     13
        0.67         0.81         0.62         1.21         0.30         0.60         0.31         0.35         0.68
        0.96         0.57         0.79         1.23         0.57         0.37         0.56         0.62         0.45
        1.08         0.82         0.54         0.66         0.73         0.19         0.62         0.71         0.66
        1.09         0.80         0.77         0.89         0.58         0.44         0.71         1.13         1.17
        0.50         0.78         0.96         1.71         0.71         0.98         1.08         1.11         1.48
        1.01         1.45         1.04         1.40         0.64         1.09         1.91         1.26         2.07
        0.61         1.31         1.29         1.42         0.72         1.08         1.53         1.30         1.61
        0.48         1.16         0.85         1.33         0.63         0.89         1.61         1.50         1.03
        0.90         0.78         1.50         1.43         0.99         1.11         0.81         1.09         0.76
        1.68         1.70         1.59         1.20         0.38         0.88         0.62         0.52         0.99
        2.18         1.23         1.14         0.50         0.45         0.67         0.75         0.28         0.34
        0.95         0.94         0.82         0.95         0.41         0.31         0.60         0.35         0.84
        0.80         0.56         0.45         0.38         1.25         0.38         0.51         0.59         0.45
    259200      9     13
        0.86         1.15         1.34         0.66         0.98         0.57         0.45         0.45         0.46
        0.86         1.25         0.94         0.60         0.67         0.91         0.51         0.43         0.16
        0.62         0.89         0.53         0.71         0.36         0.53         0.32         0.23         0.17
        0.66         0.84         1.33         1.04         0.99         0.42         0.40         0.31         0.48
        0.48         0.79         0.83         1.39         1.72         0.76         0.85         0.60         0.69
        0.59         0.80         0.44         0.93         1.03         0.84         0.75         0.44         0.78
        0.54         0.50         0.39         0.41         0.65         0.40         0.74         0.60         0.61
        0.68         0.33         0.87         0.45         0.39         0.37         0.23         0.66         0.49
        0.39         0.43         1.16         0.83         0.34         0.52         0.51         0.52         0.51
        0.53         1.07         0.70         0.76         0.65         0.32         0.22         0.56         0.20
        0.80         1.43         1.04         0.51         0.27         0.38         0.27         0.11         0.18
        1.04         0.71         0.88         1.46         0.45         0.36         0.27         0.09         0.32
        0.68         0.75         0.89         0.78         1.36         1.22         0.39         0.28         0.41
    345600      9     13
        1.47         1.02         1.00         0.85         0.82         0.53         0.45         0.55         0.92
        1.17         0.82         0.87         0.92         0.85         0.77         0.48         0.52         0.34
        0.64         0.68         1.05         0.75         0.72         0.61         0.56         0.51         0.22
        0.61         1.45         1.15         1.32         0.80         0.50         0.44         0.60         0.55
        0.75         0.91         0.72         1.12         1.36         0.74         0.43         0.46         0.82
        0.97         1.01         0.86         1.12         1.11         0.68         0.58         0.79         1.00
        1.00         0.70         0.75         0.70         0.90         0.42         0.68         0.77         1.08
        1.16         1.01         0.78         0.61         0.65         0.63         0.40         0.55         0.73
        0.88         0.86         1.06         1.06         0.55         0.33         0.49         0.50         0.72
        1.05         1.47         1.40         1.09         0.96         0.80         0.59         0.38         0.67
        1.38         1.42         1.38         0.96         0.73         0.33         0.26         0.47         0.78
        1.32         1.25         1.37         1.35         0.79         0.48         0.41         1.14         0.81
        1.20         1.29         1.27         1.38         0.79         1.28         0.68         0.54         1.21
    432000      9     13
        0.70         0.42         0.57         0.33         0.36         0.10         0.31         0.30         0.37
        0.48         0.58         0.36         0.38         0.38         0.35         0.69         0.68         0.49
        0.50         0.37         0.40         0.59         0.28         0.26         0.73         0.57         0.33
        0.31         1.02         1.27         1.29         0.69         0.36         0.28         0.30         0.73
        0.40         0.40         0.83         0.74         1.50         0.45         0.17         0.39         0.78
        0.39         0.18         0.50         0.80         1.02         0.36         0.34         0.79         0.79
        0.31         0.39         0.59         0.92         0.95         0.28         0.61         0.76         0.77
        0.55         0.38         1.08         0.47         0.49         0.38         0.46         1.05         1.12
        0.40         0.52         0.85         0.69         0.36         0.21         0.38         0.75         1.19
        0.40         0.65         0.90         0.35         0.49         0.54         0.47         1.01         0.70
        0.77         1.33         1.05         0.57         0.19         0.13         0.30         0.36         0.50
        0.98         1.11         1.24         0.95         0.39         0.33         0.30         0.38         0.49
        1.15         0.96         1.36         1.17         0.98         1.22         0.17         0.08         0.78
    518400      9     13
        0.18         0.13         0.08         0.10         0.11         0.07         0.05         0.06         0.08
        0.14         0.14         0.14         0.16         0.08         0.04         0.13         0.40         0.06
        0.21         0.24         0.15         0.12         0.08         0.12         0.33         0.27         0.13
        0.31         0.47         0.37         0.91         0.39         0.23         0.15         0.09         0.26
        0.09         0.25         0.21         0.50         0.40         0.17         0.05         0.32         0.80
        0.29         0.33         0.24         0.46         0.42         0.15         0.09         0.45         0.56
        0.12         0.49         0.09         0.39         0.33         0.09         0.22         0.12         0.40
        0.22         0.10         0.26         0.13         0.26         0.08         0.16         0.22         0.23
        0.36         0.35         0.21         0.30         0.13         0.04         0.10         0.13         0.28
        0.51         0.35         0.65         0.55         0.26         0.40         0.10         0.13         0.24
        0.75         0.85         0.77         0.32         0.13         0.06         0.10         0.18         0.25
        0.72         0.95         1.48         0.90         0.21         0.09         0.09         0.06         0.26
        0.62         0.57         0.99         1.09         0.94         0.99         0.14         0.04         0.11
    604800      9     13
        0.15         0.06         0.09         0.11         0.09         0.12         0.07         0.08         0.06
        0.17         0.14         0.08         0.16         0.14         0.06         0.05         0.07         0.10
        0.06         0.08         0.19         0.14         0.12         0.10         0.32         0.26         0.06
        0.09         0.24         0.21         1.27         0.32         0.32         0.03         0.11         0.32
        0.18         0.38         0.23         0.80         0.40         0.25         0.04         0.15         0.50
        0.28         0.37         0.24         0.20         0.32         0.17         0.05         0.26         0.24
        0.31         0.45         0.11         0.13         0.20         0.12         0.08         0.17         0.39
        0.54         0.28         0.36         0.10         0.17         0.09         0.07         0.19         0.13
        0.43         0.54         0.44         0.35         0.12         0.05         0.15         0.29         0.21
        0.42         0.44         0.47         0.76         0.08         0.05         0.34         0.13         0.07
        0.50         0.86         0.91         0.45         0.10         0.06         0.07         0.26         0.40
        0.51         0.81         1.03         1.11         0.34         0.14         0.16         0.19         0.16
        0.69         0.61         0.50         0.83         0.79         1.35         0.38         0.17         0.09
    691200      9     13
        0.11         0.06         0.06         0.06         0.17         0.07         0.05         0.05         0.08
        0.10         0.13         0.16         0.14         0.09         0.06         0.07         0.12         0.04
        0.05         0.20         0.14         0.18         0.11         0.07         0.11         0.05         0.05
        0.11         0.32         0.14         0.92         0.21         0.37         0.04         0.04         0.19
        0.21         0.18         0.12         0.15         0.31         0.25         0.04         0.08         0.13
        0.09         0.13         0.12         0.12         0.16         0.15         0.03         0.05         0.10
        0.14         0.25         0.17         0.17         0.13         0.07         0.07         0.05         0.09
        0.18         0.17         0.40         0.15         0.11         0.05         0.08         0.11         0.06
        0.23         0.38         0.38         0.34         0.12         0.06         0.19         0.10         0.07
        0.38         0.37         1.01         0.23         0.15         0.07         0.07         0.12         0.20
        0.29         0.75         0.92         0.26         0.14         0.11         0.04         0.04         0.04
        0.56         0.62         0.37         0.41         0.30         0.24         0.26         0.02         0.01
        0.37         0.72         0.46         0.23         0.18         0.74         0.19         0.03         0.01
    777600      9     13
        0.16         0.21         0.11         0.22         0.20         0.09         0.33         0.27         0.11
        0.23         0.22         0.23         0.30         0.09         0.18         0.63         0.22         0.04
        0.29         0.21         0.13         0.49         0.08         0.12         0.41         0.14         0.12
        0.31         0.39         0.44         1.51         0.35         0.21         0.14         0.46         0.27
        0.23         0.36         0.50         0.96         0.59         0.35         0.45         0.41         0.57
        0.25         0.48         0.34         0.36         0.43         0.63         0.30         0.08         0.24
        0.62         0.72         0.31         0.58         0.57         0.32         0.29         0.24         0.28
        0.65         0.63         1.01         0.30         0.54         0.41         0.59         0.13         0.42
        0.41         0.71         0.61         0.64         0.58         0.92         0.19         0.16         0.53
        0.40         0.28         0.60         0.61         0.62         0.10         0.31         0.37         0.07
        0.22         0.69         0.85         0.38         0.23         0.24         0.18         0.16         0.06
        0.64         0.87         0.95         1.27         0.35         0.74         0.40         0.02         0.03
        0.81         0.91         0.67         0.87         0.78         1.32         0.30         0.06         0.05
    864000      9     13
        0.98         2.05         1.51         0.63         0.76         0.50         0.20         0.18         0.13
        0.86         1.38         0.71         0.79         0.53         0.53         0.32         0.24         0.10
        0.50         0.54         0.64         0.47         0.35         0.20         0.17         0.12         0.13
        0.11         0.47         0.60         0.91         0.33         0.39         0.09         0.13         0.28
        0.16         0.32         0.31         0.65         0.75         0.21         0.14         0.60         0.32
        0.26         0.30         0.29         0.41         0.42         0.28         0.33         0.19         0.43
        0.19         0.53         0.48         0.70         0.32         0.25         0.19         0.34         0.69
        0.29         0.49         0.84         0.35         0.33         0.24         0.25         0.40         0.20
        0.17         0.46         0.50         0.67         0.12         0.10         0.16         0.20         0.16
        0.27         0.32         0.24         0.13         0.13         0.02         0.03         0.07         0.05
        0.04         0.11         0.13         0.13         0.07         0.04         0.04         0.01         0.03
        0.04         0.08         0.09         0.22         0.16         0.10         0.08         0.03         0.05
        0.04         0.08         0.15         0.14         0.24         0.69         0.13         0.02         0.02
    950400      9     13
        0.34         0.15         0.91         0.90         0.84         0.65         0.69         0.83         1.19
        0.13         0.40         0.92         0.43         0.51         0.60         0.61         1.05         1.14
        0.28         0.52         0.70         0.66         0.87         0.43         0.45         1.11         0.69
        0.12         0.70         1.43         1.76         0.61         0.44         0.37         0.65         0.72
        0.22         1.07         0.55         1.01         1.45         0.57         0.54         0.76         1.06
        0.05         0.15         0.41         0.85         1.04         0.26         0.17         0.47         1.31
        0.07         0.14         0.05         0.19         0.55         0.21         0.42         0.70         0.78
        0.05         0.01         0.13         0.04         0.04         0.05         0.05         0.61         0.61
        0.01         0.08         0.11         0.06         0.04         0.01         0.08         0.43         0.77
        0.00         0.01         0.04         0.03         0.02         0.08         0.31         0.32         0.24
        0.01         0.01         0.05         0.05         0.02         0.04         0.04         0.04         0.21
        0.00         0.04         0.08         0.14         0.11         0.08         0.14         0.10         0.07
        0.03         0.06         0.06         0.16         0.14         0.39         0.07         0.03         0.02
   1036800      9     13
        1.17         1.20         1.62         1.16         1.18         1.51         1.05         1.20         1.72
        0.95         0.91         0.99         1.06         1.56         1.38         1.21         1.45         1.54
        0.16         0.58         1.34         0.67         1.34         1.19         0.78         1.11         1.15
        0.07         0.64         1.07         1.40         1.14         0.66         0.82         1.57         1.04
        0.06         0.37         0.56         1.16         1.74         0.97         0.96         1.32         1.44
        0.12         0.44         0.51         0.73         1.52         0.84         0.84         1.06         1.87
        0.12         0.59         0.54         1.12         0.82         0.30         1.47         0.97         1.26
        0.12         0.19         0.60         0.33         0.33         0.58         0.98         1.13         1.30
        0.12         0.11         0.40         0.43         0.37         0.49         1.07         1.09         1.42
        0.21         0.30         0.10         0.46         0.40         0.61         0.65         0.99         1.14
        0.41         0.36         0.15         0.20         0.20         0.27         0.35         0.45         0.61
        0.24         0.24         0.34         0.46         0.19         0.42         0.54         0.23         0.54
        0.02         0.54         0.93         0.70         0.51         0.93         0.22         0.10         0.36
   1123200      9     13
        2.59         2.54         1.84         1.15         1.29         1.49         1.26         1.62         1.30
        1.91         4.47         2.78         0.91         0.84         1.36         0.95         1.08         1.79
        1.34         1.65         1.39         0.97         0.95         0.54         1.25         1.73         1.43
        0.81         1.56         1.16         0.97         0.48         0.69         1.13         1.30         1.05
        0.99         1.20         0.86         1.18         1.20         0.77         1.39         1.28         2.20
        0.63         1.15         0.80         1.35         1.75         0.98         1.59         2.04         2.19
        0.95         0.86         0.64         0.97         1.13         0.98         1.44         1.82         2.21
        0.88         0.79         0.64         0.94         1.15         1.35         1.08         1.37         1.34
        0.80         0.87         1.25         1.03         0.73         1.18         1.22         1.86         1.50
        0.45         0.62         1.01         1.10         1.16         1.44         1.10         1.06         1.36
        0.44         0.87         1.47         0.91         1.02         1.35         0.93         1.73         1.63
        0.42         0.52         1.18         0.90         0.59         0.85         1.22         0.75         0.88
        0.41         0.37         0.83         0.96         0.97         0.88         0.25         0.60         0.64
   1209600      9     13
        0.85         0.63         0.50         0.20         0.86         0.64         0.26         0.26         0.34
        0.66         0.85         0.48         0.46         0.48         0.87         0.34         0.39         0.41
        1.52         1.06         0.79         0.19         0.32         0.74         0.47         0.58         0.95
        0.54         0.50         0.64         0.28         0.79         0.96         0.45         0.71         0.60
        0.64         1.21         1.06         0.53         0.93         0.83         0.55         0.76         0.60
        0.98         1.59         0.81         0.71         0.81         0.78         1.45         0.84         0.90
        2.99         1.68         0.86         0.76         0.61         0.94         0.62         0.86         0.82
        2.96         1.41         0.93         0.95         0.71         0.64         0.52         0.97         1.49
        2.01         1.69         1.09         0.97         1.03         1.59         0.72         1.05         1.64
        1.80         2.35         1.66         1.31         0.72         1.35         0.52         1.15         1.64
        1.04         1.67         1.41         0.94         0.40         0.52         1.09         0.82         0.86
        1.10         1.57         1.80         1.73         0.62         0.70         0.54         1.19         1.19
        0.64         1.34         1.68         2.73         0.87         1.62         0.51         0.48         1.12