         0      9     13
        0.44         0.27         0.56         0.53         0.47         0.21         0.16         0.76         0.87
        0.45         0.19         0.26         0.18         0.38         0.13         0.26         0.87         0.22
        0.35         0.24         0.42         0.21         0.07         0.07         0.80         0.36         0.25
        0.12         0.52         0.28         1.38         0.51         0.22         0.37         0.15         0.37
        0.16         0.13         0.33         1.13         0.71         0.17         0.33         0.40         1.08
        0.19         0.31         0.40         0.31         0.76         0.22         0.16         0.88         0.87
        0.20         0.47         0.37         0.37         0.71         0.32         0.36         0.42         0.88
        0.37         0.11         0.31         0.14         0.20         0.15         0.27         0.48         0.65
        0.18         0.45         0.59         0.57         0.07         0.35         0.18         0.26         0.40
        0.33         0.47         0.40         0.10         0.14         0.22         0.29         0.23         0.48
        0.16         0.33         0.90         0.40         0.13         0.14         0.29         0.34         0.48
        0.19         0.22         0.61         0.36         0.19         0.70         0.25         0.21         0.29
        0.08         0.23         0.44         0.56         0.31         1.03         0.67         0.56         0.63
     86400      9     13
        1.43         0.86         0.91         0.62         0.75         0.45         0.74         0.84         0.91
        1.12         0.81         0.35         0.53         0.67         0.63         0.41         0.53         0.35
        0.23         0.28         0.77         0.55         0.14         0.40         0.75         0.51         0.32
        0.09         0.62         0.92         1.79         0.67         0.34         0.68         0.65         0.66
        0.18         0.28         0.36         1.12         1.38         0.18         0.39         0.99         1.00
        0.30         0.54         0.37         0.62         0.94         0.30         0.17         1.42         0.80
        0.66         0.55         0.43         0.40         0.62         0.33         0.75         0.70         1.24
        0.75         0.34         0.42         0.25         0.41         0.39         0.55         0.71         0.80
        0.92         0.44         1.48         1.16         0.32         0.47         0.37         0.74         0.63
        0.79         0.91         0.88         0.26         0.43         1.02         0.24         0.48         0.59
        0.29         0.50         0.87         0.41         0.23         0.49         0.45         0.49         0.69
        0.29         0.83         0.57         0.44         0.32         0.32         0.70         0.30         0.46
        0.44         0.67         0.46         0.72         0.47         1.29         0.41         0.30         0.43
    172800      9     13
        1.11         1.20         1.99         1.26         0.92         0.61         0.99         0.91         1.26
        1.06         0.84         1.27         1.16         1.01         0.87         0.94         1.31         1.30
        0.82         1.19         1.52         1.58         0.64         0.64         1.07         1.91         0.67
        0.42         1.25         1.23         1.81         0.99         1.05         0.85         1.06         0.91
        0.45         1.80         1.02         1.57         1.88         0.71         1.11         1.02         1.48
        0.48         0.82         1.08         1.66         1.13         0.51         1.04         1.35         1.44
        0.63         0.83         1.06         0.91         1.00         0.77         1.21         1.30         1.68
        0.63         0.39         0.68         0.59         0.90         0.81         0.87         1.11         1.19
        0.25         0.40         0.95         1.05         0.51         0.49         0.58         0.67         0.87
        0.11         0.33         0.43         0.67         0.20         0.74         1.07         0.94         0.78
        0.13         0.62         0.71         0.23         0.17         0.14         0.20         0.57         0.59
        0.47         0.74         1.26         1.16         0.28         0.55         0.41         0.53         0.48
        0.32         0.87         0.94         1.41         0.85         1.01         0.23         0.27         0.71
    259200      9     13
        0.70         0.92         1.26         0.91         0.56         0.68         0.89         0.65         0.83
        0.87         0.73         0.92         0.55         0.84         0.93         1.16         0.98         1.27
        0.76         0.68         0.81         0.92         0.99         0.60         0.64         1.12         0.61
        0.74         0.89         1.04         1.63         1.05         0.24         0.42         0.79         1.08
        0.58         0.93         1.25         1.36         1.40         0.24         0.40         0.45         0.82
        0.71         0.77         1.27         1.34         1.49         0.72         0.75         0.83         0.92
        0.68         0.90         0.77         0.95         1.05         0.70         0.79         0.99         1.03
        0.62         0.92         0.90         0.87         0.84         0.95         0.59         0.68         0.82
        0.63         0.69         0.80         0.74         0.79         0.68         0.84         0.67         0.61
        0.57         0.55         0.53         0.58         0.47         0.48         0.54         0.95         1.17
        0.39         0.53         0.44         0.74         0.46         0.39         0.44         0.46         0.53
        0.39         0.19         0.56         0.90         0.38         0.22         0.23         0.25         0.20
        0.19         0.36         0.53         0.95         0.75         0.76         0.07         0.07         0.11
    345600      9     13
        1.36         1.36         1.34         0.55         0.51         0.58         1.07         0.73         1.30
        1.34         0.92         0.95         0.32         0.90         0.65         0.68         0.54         1.42
        0.44         0.64         0.84         0.41         0.74         1.12         0.41         0.95         0.62
        0.32         0.95         1.50         1.20         0.95         0.63         1.05         0.82         1.30
        0.25         0.74         0.50         1.89         1.90         0.94         1.25         0.54         1.55
        0.28         0.44         0.88         1.15         1.75         0.50         0.73         1.47         1.96
        0.59         0.58         0.54         1.00         0.76         0.51         0.73         0.81         2.12
        0.61         0.41         0.48         0.36         0.40         0.13         0.11         0.29         0.95
        0.52         0.52         0.75         0.39         0.30         0.16         0.33         0.40         0.36
        0.28         0.46         0.49         0.40         0.21         0.60         0.68         0.60         0.32
        1.02         0.52         0.92         0.38         0.37         0.27         0.33         0.46         0.69
        0.51         0.78         0.54         0.24         0.30         0.51         0.45         0.40         0.56
        0.48         0.77         0.93         1.01         1.25         1.40         0.29         0.25         0.15
    432000      9     13
        1.33         1.35         0.97         1.41         1.30         1.21         0.93         0.86         1.22
        1.49         1.18         0.83         1.04         1.30         1.11         1.33         1.12         0.74
        0.70         1.03         1.19         0.92         0.70         0.72         0.86         0.82         0.57
        0.34         2.09         1.37         1.67         0.86         0.63         1.09         0.72         0.98
        0.62         1.08         0.72         1.57         1.68         0.65         1.06         1.30         0.68
        0.80         0.48         0.53         0.94         1.08         0.47         0.89         0.93         1.01
        0.69         0.89         0.60         0.67         0.74         0.51         0.75         0.55         1.18
        0.59         0.45         0.56         0.52         0.83         0.76         0.73         0.84         0.88
        0.65         0.49         0.84         1.28         0.66         0.70         1.11         1.22         1.61
        0.93         1.13         1.26         0.60         0.84         0.60         0.96         1.59         0.66
        1.14         1.13         1.31         0.72         0.48         0.49         0.27         0.61         0.81
        1.24         1.13         1.57         0.93         0.40         0.31         0.47         0.32         0.44
        1.01         1.08         0.94         0.88         1.08         0.84         0.30         0.48         0.92
    518400      9     13
        0.57         0.85         0.55         0.55         0.61         0.39         0.88         0.65         0.63
        0.80         0.71         0.60         0.49         0.71         0.81         1.11         0.51         0.34
        0.28         0.42         0.51         0.58         0.19         0.61         0.69         0.43         1.03
        0.29         1.33         1.45         1.65         0.64         0.54         0.72         0.49         0.61
        0.33         0.72         0.55         0.97         1.07         0.54         0.76         0.47         0.35
        0.69         0.39         0.38         0.41         0.55         0.48         0.44         0.77         0.52
        0.42         0.60         0.29         0.54         0.59         0.32         0.55         0.69         0.43
        0.38         0.48         0.44         0.18         0.40         0.50         0.57         0.41         0.48
        0.19         0.29         0.53         0.43         0.31         0.56         0.96         0.95         0.58
        0.71         0.77         0.82         0.56         0.46         0.59         0.65         0.29         0.38
        1.06         1.20         0.59         0.56         0.53         0.32         0.25         0.21         0.16
        0.65         0.55         0.61         0.55         0.48         0.39         0.26         0.14         0.11
        0.90         0.79         0.57         0.57         0.49         0.76         0.19         0.09         0.21
    604800      9     13
        0.65         0.48         0.52         0.37         0.63         0.13         0.22         0.49         0.52
        0.52         1.49         1.01         0.90         1.01         0.77         0.57         0.79         0.25
        0.87         0.63         0.42         0.65         0.39         0.45         1.27         0.48         0.35
        0.16         1.14         0.73         1.59         0.57         0.61         0.49         0.33         0.52
        0.36         0.55         0.65         1.52         1.25         0.46         0.68         0.59         0.39
        0.37         0.55         0.58         0.98         0.94         0.58         0.57         0.69         0.47
        0.25         0.55         0.17         1.00         0.91         0.56         0.71         0.42         0.60
        0.31         0.16         0.51         0.33         0.51         0.27         0.31         0.47         0.36
        0.29         0.33         0.59         0.79         0.24         0.42         0.66         0.38         0.27
        0.55         0.27         0.60         0.28         0.35         0.32         0.52         0.37         0.70
        0.43         0.34         0.61         0.38         0.10         0.26         0.12         0.09         0.56
        0.26         0.72         0.64         0.64         0.25         0.24         0.15         0.43         0.80
        0.28         0.82         0.73         1.18         0.57         0.92         0.40         0.27         0.36
    691200      9     13
        0.31         0.26         0.33         0.28         0.26         0.53         0.11         0.31         0.13
        0.48         0.33         0.13         0.32         0.29         0.20         0.27         0.48         0.27
        0.09         0.12         0.13         0.19         0.17         0.26         0.68         0.58         0.36
        0.08         0.18         0.63         1.56         0.49         0.34         0.07         0.17         0.44
        0.09         0.21         0.13         0.44         0.34         0.19         0.10         0.24         0.37
        0.11         0.07         0.08         0.15         0.36         0.13         0.16         0.45         0.42
        0.08         0.17         0.09         0.07         0.09         0.11         0.25         0.18         0.32
        0.06         0.04         0.13         0.07         0.08         0.12         0.26         0.25         0.17
        0.13         0.16         0.29         0.13         0.13         0.07         0.14         0.20         0.27
        0.37         0.13         0.25         0.13         0.10         0.12         0.06         0.08         0.24
        0.19         0.18         0.26         0.20         0.09         0.09         0.11         0.07         0.09
        0.39         0.15         0.23         0.35         0.13         0.11         0.11         0.05         0.04
        0.26         0.16         0.38         0.45         0.30         0.73         0.17         0.04         0.03
    777600      9     13
        0.41         0.11         0.07         0.12         0.28         0.09         0.05         0.16         0.09
        0.57         0.30         0.10         0.11         0.17         0.06         0.08         0.17         0.09
        0.26         0.07         0.10         0.09         0.13         0.11         0.15         0.12         0.04
        0.05         0.24         0.17         0.73         0.18         0.17         0.06         0.03         0.20
        0.10         0.17         0.19         0.27         0.61         0.19         0.01         0.17         0.17
        0.05         0.07         0.10         0.13         0.44         0.12         0.01         0.03         0.36
        0.07         0.13         0.06         0.07         0.22         0.04         0.02         0.02         0.02
        0.11         0.02         0.19         0.11         0.08         0.08         0.03         0.01         0.02
        0.10         0.13         0.18         0.20         0.11         0.01         0.01         0.06         0.07
        0.31         0.14         0.20         0.18         0.09         0.04         0.04         0.03         0.03
        0.15         0.18         0.19         0.29         0.10         0.08         0.06         0.03         0.04
        0.11         0.23         0.33         0.50         0.22         0.07         0.18         0.05         0.02
        0.33         0.24         0.23         0.34         0.30         0.69         0.26         0.06         0.08
    864000      9     13
        0.04         0.04         0.34         0.23         0.21         0.10         0.18         0.33         0.65
        0.16         0.25         0.19         0.24         0.18         0.30         0.17         0.30         0.44
        0.24         0.15         0.41         0.12         0.19         0.07         0.21         0.30         0.37
        0.05         0.08         0.09         0.53         0.49         0.12         0.43         0.20         0.61
        0.04         0.08         0.09         0.09         0.53         0.22         0.08         0.19         0.42
        0.03         0.04         0.07         0.03         0.19         0.14         0.04         0.07         0.38
        0.03         0.03         0.18         0.03         0.17         0.04         0.03         0.03         0.08
        0.02         0.02         0.04         0.05         0.08         0.02         0.01         0.04         0.03
        0.02         0.05         0.06         0.09         0.05         0.01         0.01         0.02         0.04
        0.04         0.04         0.03         0.04         0.03         0.00         0.01         0.02         0.01
        0.01         0.03         0.07         0.11         0.04         0.02         0.01         0.00         0.01
        0.01         0.07         0.24         0.29         0.27         0.03         0.09         0.04         0.01
        0.01         0.03         0.18         0.22         0.24         0.50         0.12         0.01         0.01
    950400      9     13
        0.32         0.50         0.79         0.49         0.64         0.76         1.28         1.71         1.60
        0.54         0.57         0.71         0.74         0.98         0.89         1.30         2.01         1.89
        0.59         0.68         0.92         0.87         1.24         0.54         0.61         1.61         1.44
        0.70         1.11         1.28         1.56         1.06         0.59         1.20         1.36         1.43
        0.66         1.36         0.96         0.85         1.12         0.81         0.71         1.12         1.35
        1.22         1.00         0.99         1.16         1.13         0.72         0.75         0.81         0.93
        1.23         0.95         0.88         0.86         0.86         0.35         0.53         0.70         0.92
        0.83         0.88         0.67         0.94         0.86         0.39         0.89         0.76         0.88
        0.69         0.79         0.97         0.74         0.57         0.64         1.10         1.09         1.02
        0.75         0.69         0.97         0.88         0.68         0.61         1.07         1.03         1.15
        0.77         0.75         0.98         0.98         0.65         0.46         0.45         0.89         0.70
        0.62         1.40         1.12         1.31         0.89         0.61         0.48         0.51         0.72
        0.52         1.27         1.39         1.32         0.84         1.47         0.61         0.56         0.61
   1036800      9     13
        1.04         1.13         1.30         1.42         1.33         2.16         1.75         1.78         1.43
        1.02         1.15         1.02         1.34         1.77         1.75         1.68         1.87         1.89
        0.64         0.98         1.36         1.27         1.49         1.18         2.16         2.50         2.15
        0.28         1.34         1.79         2.82         1.62         1.13         2.00         2.05         1.78
        0.36         0.64         0.89         2.02         1.81         0.99         1.32         1.73         1.83
        1.34         0.70         0.64         1.00         1.40         0.69         0.81         1.43         1.50
        0.79         1.11         0.73         1.20         1.30         0.54         0.99         0.98         1.32
        0.67         0.74         1.11         1.03         0.77         0.71         1.36         1.24         1.25
        0.84         1.08         0.95         1.23         1.12         0.87         1.31         1.75         1.47
        0.69         1.02         0.96         1.59         1.38         0.76         0.62         1.07         1.00
        0.58         1.10         1.34         1.34         0.76         0.32         0.23         0.42         0.68
        0.57         1.58         1.40         1.15         0.92         0.57         0.30         0.13         0.19
        0.91         1.63         1.17         1.71         1.12         1.56         0.37         0.14         0.13
   1123200      9     13
        1.12         1.12         0.83         1.27         0.65         0.60         0.75         0.90         0.48
        1.31         1.03         0.98         1.06         0.63         1.41         1.40         1.20         0.41
        0.81         0.87         0.78         1.28         0.59         0.76         1.17         0.79         0.86
        0.49         1.32         0.80         1.91         0.95         0.50         1.72         0.81         1.24
        0.70         0.78         0.61         1.14         1.26         0.53         1.39         1.38         1.32
        1.02         0.63         0.57         0.79         1.17         0.72         1.29         1.48         1.37
        0.53         0.77         0.52         0.72         1.24         0.78         1.38         1.40         1.30
        0.58         0.34         0.58         0.39         0.68         0.64         1.02         1.06         0.69
        0.57         0.80         0.70         0.85         0.37         0.44         0.84         0.87         1.01
        1.07         0.98         0.82         0.70         0.53         0.34         0.80         1.22         0.98
        1.12         0.87         0.83         0.50         0.33         0.14         0.16         0.44         1.08
        0.91         1.18         1.65         0.88         0.25         0.51         0.16         0.22         0.97
        1.30         1.66         0.89         0.91         0.59         0.73         0.21         0.13         0.49
   1209600      9     13
        0.48         0.16         0.12         0.12         0.09         0.08         0.21         0.16         0.18
        0.36         0.17         0.11         0.21         0.08         0.46         0.42         0.15         0.07
        0.20         0.10         0.15         0.19         0.07         0.48         0.28         0.13         0.28
        0.13         0.32         1.05         0.61         0.20         0.14         0.40         0.05         0.34
        0.32         0.44         0.50         0.13         0.25         0.39         0.40         0.23         0.33
        0.47         0.34         0.39         0.16         0.37         0.48         0.20         0.27         0.72
        0.35         0.17         0.87         0.19         0.28         0.31         0.31         0.25         0.85
        0.31         0.21         0.85         0.26         0.33         0.47         0.13         0.19         0.46
        0.95         0.22         0.21         0.40         0.16         0.37         0.38         0.19         0.17
        0.80         0.58         0.35         0.50         0.63         0.19         0.60         0.43         0.29
        0.86         0.81         0.69         0.33         0.12         0.19         0.84         0.18         0.23
        0.52         0.58         0.56         0.81         0.17         0.58         0.11         0.09         0.91
        0.63         0.43         0.70         0.52         0.49         0.95         0.18         0.64         1.10