         0      9     13
        1.26         0.96         0.80         0.37         0.26         0.32         0.13         0.06         0.14
        0.95         1.54         0.86         0.33         0.17         0.37         0.34         0.09         0.29
        0.47         1.32         0.89         0.55         0.72         0.69         0.21         0.18         0.37
        0.51         0.40         0.74         0.37         0.91         0.49         0.31         0.20         0.56
        0.68         0.13         0.09         0.31         1.01         0.62         0.76         0.19         0.26
        0.49         0.51         0.48         0.33         0.68         0.70         0.68         1.03         1.15
        0.33         0.34         0.66         0.64         1.04         0.74         0.27         0.34         1.12
        0.54         0.32         0.72         0.23         0.44         0.25         0.29         0.97         0.97
        0.59         0.55         0.86         0.54         0.17         0.50         0.74         0.58         0.19
        0.55         0.21         0.51         0.38         0.22         1.01         0.56         0.16         0.42
        0.46         0.43         0.18         0.24         0.26         0.43         1.30         0.63         0.52
        0.41         0.16         0.21         0.41         0.23         0.51         0.37         1.52         0.31
        0.31         0.83         0.83         0.96         0.68         1.00         0.30         0.33         0.29
     86400      9     13
        0.04         0.03         0.12         0.12         0.29         0.14         0.65         1.02         1.54
        0.05         0.06         0.05         0.06         0.07         0.17         0.42         0.56         0.77
        0.17         0.02         0.07         0.04         0.05         0.10         0.23         0.59         0.41
        0.02         0.18         0.03         0.23         0.27         0.35         0.18         0.48         0.28
        0.09         0.12         0.35         0.20         0.20         0.20         0.15         0.41         0.22
        0.08         0.11         0.44         0.12         0.17         0.16         0.07         0.10         0.26
        0.22         0.16         0.09         0.09         0.11         0.08         0.19         0.14         0.41
        0.11         0.28         0.15         0.36         0.12         0.06         0.09         0.29         0.14
        0.21         0.15         0.92         0.35         0.13         0.14         0.07         0.10         0.11
        0.27         0.67         0.39         0.34         0.08         0.60         0.20         0.18         0.14
        0.25         0.70         0.35         0.08         0.07         0.05         0.13         0.55         0.20
        0.51         0.73         0.36         0.16         0.24         0.13         0.29         0.37         0.11
        1.09         1.19         0.57         0.34         0.26         1.29         0.13         0.30         0.47
    172800      9     13
        0.92         1.25         1.12         1.09         0.90         0.73         0.68         0.63         0.44
        0.93         0.56         0.88         0.71         0.99         0.82         0.57         0.40         0.66
        1.28         0.63         0.53         0.74         0.29         0.19         1.39         0.66         1.06
        0.87         0.93         0.83         0.38         0.54         0.42         1.04         0.69         0.73
        0.79         0.51         0.84         0.78         0.84         0.93         0.85         0.67         0.85
        0.90         0.99         1.10         1.08         0.84         0.59         1.37         0.60         0.92
        1.07         0.57         1.24         0.98         0.83         0.81         1.50         0.90         1.07
        0.65         1.18         0.77         1.13         1.05         1.46         1.39         1.16         0.94
        0.63         0.99         0.84         1.13         0.84         1.20         1.49         1.27         1.13
        0.71         0.80         1.04         1.03         1.55         0.80         0.98         1.54         1.15
        0.64         1.21         1.13         1.20         1.11         1.17         1.61         1.14         1.26
        0.58         1.01         0.72         0.53         0.85         0.99         1.32         1.52         1.30
        1.09         0.77         0.67         0.52         0.98         0.82         1.23         1.61         0.97
    259200      9     13
        1.05         0.50         0.40         0.57         0.14         0.33         0.49         0.14         0.21
        0.65         0.79         0.41         0.33         0.35         0.29         0.20         0.24         0.15
        1.04         0.65         0.20         0.05         0.33         0.61         0.59         0.28         0.09
        0.83         0.89         0.57         0.09         0.84         0.20         0.41         0.41         0.51
        0.82         0.16         0.72         0.35         0.44         0.33         0.37         0.45         0.18
        0.57         0.22         0.26         0.23         0.68         0.23         0.46         0.38         0.42
        0.16         0.27         0.25         0.74         0.76         0.15         0.41         0.42         0.40
        0.93         0.69         0.29         0.59         0.19         0.34         0.36         0.22         0.29
        0.75         0.44         0.37         0.34         0.20         0.26         0.46         0.23         0.12
        1.06         0.74         0.70         0.56         0.44         0.43         0.22         0.31         0.25
        0.76         1.28         0.64         0.45         0.28         0.39         0.37         0.42         0.59
        0.97         0.83         0.40         1.04         0.43         0.46         0.35         0.76         0.31
        2.11         0.92         0.55         0.39         0.58         0.34         0.50         0.70         0.28
    345600      9     13
        0.04         0.02         0.02         0.01         0.03         0.02         0.02         0.02         0.02
        0.11         0.28         0.01         0.03         0.02         0.01         0.02         0.02         0.03
        0.13         0.11         0.05         0.01         0.01         0.04         0.04         0.00         0.05
        0.05         0.14         0.17         0.12         0.62         0.01         0.02         0.01         0.08
        0.05         0.06         0.63         0.04         0.32         0.12         0.01         0.01         0.00
        0.06         0.11         0.04         0.19         0.25         0.17         0.01         0.00         0.01
        0.05         0.13         0.02         0.26         0.31         0.13         0.01         0.00         0.00
        0.25         0.10         0.05         0.13         0.11         0.01         0.01         0.01         0.01
        0.13         0.06         0.04         0.12         0.04         0.01         0.01         0.05         0.16
        0.03         0.06         0.06         0.05         0.02         0.01         0.00         0.20         0.50
        0.01         0.04         0.10         0.06         0.03         0.04         0.01         0.04         0.08
        0.08         0.21         0.07         0.06         0.03         0.03         0.07         0.05         0.05
        0.04         0.15         0.07         0.05         0.25         0.04         0.06         0.07         0.08
    432000      9     13
        1.02         0.98         1.51         1.54         1.79         2.08         1.98         1.84         1.92
        1.33         1.71         2.43         2.86         2.57         3.02         2.76         1.91         1.38
        2.32         3.07         3.86         3.53         6.14         3.34         2.44         1.55         1.13
        3.06         3.71         3.43         3.15         3.25         5.34         2.02         1.53         1.66
        1.54         2.17         2.75         3.39         3.04         1.31         1.32         1.77         2.12
        1.30         1.03         1.21         1.95         2.10         1.31         1.37         1.99         2.07
        0.60         0.82         0.64         0.86         0.92         0.64         0.83         1.20         1.81
        0.24         0.23         0.39         0.38         0.31         0.23         0.43         0.59         0.75
        0.07         0.15         0.33         0.31         0.19         0.13         0.16         0.25         0.35
        0.15         0.45         0.51         0.27         0.02         0.00         0.00         0.01         0.13
        0.71         0.76         0.11         0.10         0.05         0.04         0.00         0.01         0.02
        0.45         0.21         0.37         0.17         0.04         0.23         0.10         0.00         0.00
        0.14         0.04         0.02         0.13         0.04         0.26         0.03         0.00         0.00
    518400      9     13
        1.01         1.39         0.81         0.99         0.79         1.08         0.77         0.80         0.62
        1.24         1.22         0.97         0.75         0.60         0.36         0.53         0.64         0.52
        1.68         1.09         0.78         0.44         0.34         0.29         0.72         0.42         0.39
        1.97         0.96         0.44         0.33         0.26         0.49         0.73         0.32         0.64
        0.87         1.11         0.41         0.41         0.52         0.20         0.97         0.53         1.04
        1.28         1.43         0.44         0.53         0.37         0.34         1.57         2.05         1.73
        0.71         1.14         0.84         0.25         0.13         0.88         1.46         2.04         2.49
        0.41         1.04         0.47         0.58         0.33         1.35         1.02         1.34         1.05
        0.79         0.99         0.85         0.55         0.36         0.74         1.13         1.35         0.96
        1.26         1.34         0.96         0.92         0.35         0.64         0.93         1.01         0.75
        1.43         1.27         0.80         0.40         0.39         0.50         0.58         0.72         0.64
        1.12         1.06         0.72         0.99         1.11         0.37         0.42         0.73         0.34
        0.94         0.95         0.60         0.84         0.65         0.40         0.93         0.54         0.61
    604800      9     13
        1.26         0.57         0.18         0.45         0.32         0.37         0.12         0.23         0.38
        0.79         0.95         0.19         0.16         0.55         0.25         0.09         0.09         0.22
        0.47         0.21         0.24         0.31         0.37         0.13         0.22         0.16         0.31
        0.41         0.17         0.25         0.44         0.52         0.26         0.41         0.38         0.36
        0.27         0.20         0.23         0.72         0.67         0.24         0.48         0.57         1.09
        0.21         0.25         0.32         0.65         0.68         0.30         0.97         0.57         0.95
        0.26         0.82         0.24         0.40         0.28         0.41         0.77         1.02         1.00
        0.24         0.27         0.16         0.26         0.45         0.41         0.91         0.68         0.78
        0.46         0.39         0.21         0.33         0.27         0.35         0.46         0.85         0.35
        0.56         1.11         0.52         0.52         0.41         0.40         0.48         0.64         0.58
        0.60         0.54         0.63         0.13         0.33         0.31         0.56         0.26         0.20
        0.61         0.51         0.58         0.66         0.55         0.21         0.15         0.52         0.35
        0.69         0.64         0.40         0.53         0.61         0.55         0.44         0.41         0.23
    691200      9     13
        0.05         0.04         0.05         0.03         0.06         0.05         0.05         0.04         0.04
        0.07         0.03         0.04         0.05         0.06         0.03         0.03         0.06         0.03
        0.03         0.02         0.07         0.03         0.04         0.14         0.26         0.14         0.06
        0.02         0.04         0.08         0.20         0.06         0.06         0.15         0.00         0.09
        0.04         0.04         0.06         0.11         0.22         0.11         0.08         0.03         0.03
        0.03         0.05         0.07         0.02         0.07         0.08         0.05         0.01         0.04
        0.07         0.03         0.06         0.05         0.19         0.08         0.03         0.02         0.03
        0.08         0.02         0.26         0.09         0.11         0.10         0.04         0.03         0.03
        0.11         0.14         0.17         0.13         0.07         0.18         0.03         0.01         0.04
        0.30         0.21         0.15         0.12         0.31         0.12         0.08         0.04         0.04
        0.32         0.36         0.30         0.23         0.21         0.10         0.22         0.09         0.10
        0.33         0.41         0.48         0.20         0.12         0.28         0.37         0.08         0.07
        0.32         0.43         0.41         0.27         0.31         0.15         0.05         0.09         0.08
    777600      9     13
        0.00         0.01         0.02         0.02         0.02         0.03         0.03         0.01         0.02
        0.01         0.01         0.01         0.01         0.02         0.01         0.01         0.01         0.03
        0.01         0.00         0.01         0.01         0.01         0.01         0.01         0.06         0.00
        0.00         0.01         0.00         0.06         0.02         0.04         0.01         0.02         0.06
        0.01         0.02         0.04         0.03         0.02         0.07         0.03         0.01         0.10
        0.00         0.01         0.03         0.02         0.01         0.02         0.03         0.01         0.02
        0.02         0.01         0.02         0.01         0.02         0.01         0.02         0.01         0.01
        0.01         0.00         0.03         0.02         0.01         0.00         0.01         0.00         0.00
        0.01         0.03         0.04         0.01         0.01         0.01         0.00         0.01         0.01
        0.02         0.01         0.00         0.01         0.01         0.00         0.00         0.01         0.03
        0.00         0.00         0.01         0.02         0.01         0.01         0.03         0.00         0.05
        0.00         0.00         0.01         0.02         0.06         0.01         0.06         0.00         0.02
        0.00         0.00         0.00         0.01         0.03         0.12         0.04         0.05         0.01
    864000      9     13
        0.01         0.01         0.00         0.01         0.01         0.02         0.01         0.03         0.13
        0.06         0.01         0.02         0.02         0.04         0.03         0.04         0.05         0.08
        0.02         0.02         0.06         0.02         0.03         0.07         0.04         0.27         0.05
        0.01         0.14         0.10         0.20         0.14         0.11         0.10         0.04         0.13
        0.01         0.09         0.10         0.21         0.21         0.19         0.08         0.06         0.10
        0.01         0.10         0.05         0.22         0.19         0.17         0.11         0.09         0.14
        0.08         0.03         0.09         0.30         0.05         0.10         0.22         0.11         0.13
        0.02         0.04         0.07         0.10         0.09         0.19         0.18         0.20         0.22
        0.01         0.05         0.05         0.09         0.10         0.06         0.19         0.22         0.24
        0.01         0.01         0.01         0.04         0.10         0.11         0.14         0.16         0.21
        0.00         0.01         0.01         0.03         0.08         0.06         0.10         0.06         0.08
        0.01         0.01         0.01         0.07         0.03         0.09         0.09         0.03         0.05
        0.02         0.00         0.01         0.14         0.09         0.19         0.04         0.02         0.01
    950400      9     13
        0.12         0.52         0.32         0.63         0.47         0.50         0.45         0.90         0.54
        0.34         0.54         0.86         0.93         1.06         0.28         0.57         0.50         1.05
        0.94         0.40         1.37         0.41         0.59         0.76         0.32         0.59         0.20
        0.60         0.99         0.90         1.21         0.46         0.16         0.38         0.84         0.43
        0.56         1.09         0.73         1.43         0.82         0.18         0.71         0.44         0.79
        0.37         0.91         0.45         0.53         0.96         0.38         0.35         0.54         0.65
        0.75         0.75         0.51         0.56         0.67         0.32         0.42         0.67         1.03
        0.55         0.75         0.98         0.91         0.67         0.23         0.50         0.81         0.61
        0.30         0.24         0.65         0.61         0.68         0.33         0.30         0.49         0.60
        0.05         0.18         0.60         0.69         0.71         0.79         0.48         0.48         0.30
        0.03         0.21         0.28         0.38         0.15         0.31         0.42         0.32         0.31
        0.02         0.07         0.43         0.41         0.18         0.09         0.22         0.14         0.51
        0.02         0.14         0.34         0.54         0.17         0.29         0.19         0.22         0.29
   1036800      9     13
        0.86         0.99         1.31         0.96         0.63         0.54         0.30         0.45         0.58
        0.61         0.38         0.84         0.50         0.66         0.60         0.79         0.42         0.22
        1.63         0.41         0.49         0.33         0.89         0.60         0.39         0.36         1.04
        0.79         1.24         0.71         0.73         0.56         0.42         0.66         0.65         0.47
        0.91         0.90         0.77         0.80         0.88         0.45         0.98         0.66         0.29
        0.70         1.42         0.87         0.86         0.61         0.44         0.78         0.69         0.23
        1.00         1.15         0.58         0.54         0.56         0.83         1.04         0.76         0.35
        1.33         0.54         0.88         0.54         1.08         0.63         0.81         0.51         0.65
        1.82         0.86         1.00         0.63         0.45         0.61         1.11         0.71         0.45
        1.10         0.80         0.62         0.50         0.37         0.63         0.99         0.80         0.40
        1.80         1.33         0.41         0.30         0.25         0.48         0.83         0.40         0.34
        0.79         1.15         0.63         0.28         0.24         0.21         0.50         0.57         0.76
        0.50         1.27         1.66         0.36         0.53         0.87         0.38         0.26         1.77
   1123200      9     13
        1.05         0.53         0.75         0.65         0.59         0.82         0.51         0.33         0.46
        1.73         0.40         0.50         0.69         0.56         0.92         0.72         0.65         0.42
        1.40         0.47         0.41         0.31         0.70         0.45         0.36         0.65         0.66
        0.56         0.51         0.69         0.60         0.49         0.36         0.67         0.60         0.20
        0.52         0.30         0.56         0.40         0.19         0.73         0.37         0.48         0.31
        0.68         0.57         0.41         0.20         0.28         0.27         0.83         0.73         0.45
        0.78         0.36         0.46         0.22         0.19         0.38         1.27         0.82         0.31
        0.99         0.16         0.31         0.34         0.14         0.37         1.31         0.41         0.32
        0.99         0.34         0.21         0.42         0.16         0.42         0.31         0.62         0.58
        0.87         0.31         0.36         0.29         0.67         0.29         0.29         0.73         1.33
        0.94         0.78         0.20         0.20         0.48         0.19         0.54         0.50         0.85
        0.47         0.69         0.42         0.30         0.36         0.30         0.46         0.33         0.98
        0.49         0.62         0.58         0.41         0.31         0.97         0.31         0.92         0.70
   1209600      9     13
        0.54         0.63         0.56         0.28         0.23         0.75         0.18         0.25         0.28
        0.56         0.55         0.16         0.37         0.49         0.51         0.23         0.29         0.41
        0.55         0.70         0.58         0.24         0.58         0.40         0.08         0.42         0.77
        0.61         0.62         0.97         0.35         0.60         0.21         0.16         0.45         0.59
        0.51         0.48         0.58         0.21         0.80         0.65         0.49         0.50         0.72
        0.34         0.63         0.33         0.22         0.58         0.75         0.83         0.83         0.63
        0.85         0.78         0.54         0.30         0.51         0.44         0.54         0.27         0.43
        0.80         0.33         1.17         0.34         0.49         0.49         0.79         0.61         0.50
        0.74         0.44         1.01         0.80         0.16         0.94         0.70         0.37         0.70
        0.95         0.55         0.49         0.35         0.32         0.14         0.41         0.45         0.71
        0.26         0.71         0.36         0.39         0.43         0.46         1.63         0.74         0.86
        0.33         0.36         0.61         0.44         0.57         0.58         1.01         0.65         0.90
        0.19         0.16         0.51         0.38         0.43         1.06         0.86         0.79         0.72