         0      9     13
        0.70         0.51         0.34         0.46         0.42         0.31         0.18         0.29         0.35
        0.55         0.63         0.66         0.48         0.33         0.15         0.26         0.48         0.17
        0.21         0.55         0.75         0.79         0.29         0.10         0.46         0.46         0.24
        0.26         0.98         0.85         2.62         0.81         0.35         0.04         0.07         0.34
        0.21         0.37         0.23         0.96         0.74         0.28         0.05         0.56         0.80
        0.23         0.27         0.24         0.23         0.46         0.19         0.04         0.73         0.82
        0.18         0.69         0.32         0.14         0.14         0.09         0.07         0.06         0.10
        0.12         0.07         0.20         0.14         0.09         0.08         0.04         0.04         0.03
        0.04         0.14         0.20         0.22         0.10         0.06         0.10         0.04         0.03
        0.10         0.15         0.13         0.08         0.38         0.07         0.02         0.01         0.01
        0.04         0.04         0.08         0.11         0.05         0.04         0.05         0.03         0.01
        0.02         0.02         0.06         0.06         0.07         0.03         0.09         0.01         0.01
        0.02         0.05         0.14         0.40         0.17         0.60         0.08         0.03         0.01
     86400      9     13
        0.37         0.38         0.25         0.21         0.25         0.09         0.13         0.35         0.73
        0.13         0.62         0.30         0.24         0.09         0.05         0.14         0.91         0.25
        0.31         0.23         0.30         0.20         0.12         0.32         0.49         0.50         0.14
        0.16         0.43         0.62         1.91         0.43         0.25         0.11         0.28         0.38
        0.24         0.65         0.42         1.35         0.72         0.23         0.22         0.52         0.54
        0.14         0.60         0.51         0.55         0.51         0.33         0.12         0.56         0.54
        0.37         0.67         0.32         0.46         0.30         0.14         0.17         0.10         0.45
        0.34         0.23         0.33         0.21         0.08         0.05         0.13         0.52         0.29
        0.24         0.27         0.63         1.01         0.19         0.09         0.21         0.40         0.54
        0.37         0.66         0.82         0.40         0.53         0.42         0.11         0.18         0.49
        0.63         0.86         0.97         0.50         0.11         0.27         0.20         0.05         0.13
        0.66         0.31         0.64         1.00         0.58         0.28         0.32         0.04         0.07
        0.34         0.19         0.55         0.75         0.91         0.92         0.62         0.05         0.05
    172800      9     13
        1.11         0.51         0.56         0.59         0.44         0.34         0.62         0.87         0.65
        0.83         0.29         0.49         0.65         0.33         0.43         0.73         0.74         0.50
        0.66         0.19         0.37         0.47         0.22         0.57         0.85         0.79         0.46
        0.17         1.03         0.92         1.69         0.87         0.71         1.42         0.54         0.72
        0.16         0.66         0.56         1.31         1.43         0.44         0.53         1.35         1.22
        0.64         0.51         0.57         0.82         0.91         0.31         0.28         1.09         1.12
        0.35         0.73         0.29         0.28         0.21         0.25         0.62         0.59         1.29
        0.80         0.38         0.33         0.40         0.19         0.08         0.13         0.33         0.88
        0.57         0.29         0.85         0.64         0.14         0.06         0.10         0.42         0.50
        0.60         0.67         0.63         0.12         0.09         0.08         0.15         0.30         0.48
        0.30         0.46         0.59         0.36         0.07         0.39         0.25         0.38         0.54
        0.24         0.46         0.69         1.11         0.35         0.47         0.57         0.40         0.30
        0.31         0.63         0.98         0.92         0.74         1.36         0.59         0.27         0.48
    259200      9     13
        2.13         1.80         1.57         1.31         1.03         1.00         1.27         1.04         1.14
        1.65         1.49         1.12         1.09         1.06         0.81         0.73         0.86         0.88
        0.86         1.51         1.19         1.19         0.80         0.58         0.76         1.02         0.49
        0.65         1.97         1.72         1.76         0.85         0.38         1.05         0.83         1.05
        0.62         0.94         0.87         1.58         1.07         0.56         0.84         1.20         1.15
        0.25         0.33         0.88         1.27         1.74         0.53         0.85         1.61         1.41
        0.37         0.72         0.70         1.91         1.37         0.64         1.42         1.22         2.12
        0.50         0.33         1.13         1.07         1.35         0.77         0.73         0.75         1.50
        0.37         0.79         1.30         0.92         0.69         0.39         0.61         0.85         1.25
        0.26         0.48         0.78         0.95         0.57         0.89         1.08         1.00         0.97
        0.28         0.50         0.47         0.47         0.42         0.43         0.45         1.10         1.17
        0.17         0.52         0.78         1.53         0.66         0.54         0.75         0.68         0.46
        0.27         0.50         0.90         1.01         1.18         1.61         0.52         0.50         0.38
    345600      9     13
        0.52         0.72         0.90         0.68         0.62         0.85         1.34         1.26         1.73
        0.92         1.34         0.83         0.62         0.81         0.77         0.96         0.83         1.09
        1.27         1.17         0.65         0.90         0.70         0.69         1.18         1.25         0.79
        1.08         1.43         0.86         1.30         0.84         0.49         0.52         0.97         1.49
        0.77         1.08         1.12         1.34         1.17         0.48         1.07         1.37         1.58
        1.10         0.87         0.88         0.91         1.17         0.57         1.19         1.34         1.36
        0.97         1.25         0.95         0.89         0.95         0.69         0.82         0.86         1.08
        1.37         1.63         1.09         0.62         0.87         0.81         0.69         0.75         0.81
        1.17         0.96         1.22         1.00         0.99         0.59         0.62         0.79         0.79
        0.81         0.70         0.97         1.24         0.56         1.02         0.93         0.60         0.78
        0.47         0.41         0.59         0.91         0.70         0.49         0.60         0.55         0.87
        0.80         0.76         0.77         1.11         0.96         0.62         0.44         0.66         0.47
        0.87         1.09         1.28         1.50         1.26         1.55         0.45         0.29         0.37
    432000      9     13
        1.24         1.77         1.42         1.33         0.97         0.80         0.59         0.45         0.42
        1.94         1.32         1.34         0.79         1.45         1.03         0.58         0.66         0.41
        1.41         1.55         1.80         1.74         1.35         0.71         0.77         0.71         0.30
        0.91         1.30         1.61         1.62         0.61         0.81         1.07         0.68         0.77
        0.40         0.79         0.84         1.72         1.68         0.57         1.23         1.06         0.64
        0.86         0.84         0.87         1.04         1.66         0.42         1.15         1.42         1.47
        0.93         0.89         0.63         0.94         1.01         0.56         1.15         1.30         1.38
        0.50         0.37         1.04         0.60         0.94         0.67         0.80         0.62         0.86
        0.83         0.57         0.89         0.75         0.61         0.35         0.75         0.84         1.05
        0.62         0.52         0.93         0.88         0.57         1.14         0.61         0.97         0.84
        0.51         0.55         1.13         0.64         0.44         0.36         0.14         0.47         0.50
        0.04         0.36         0.66         1.17         0.66         0.45         0.47         0.34         0.34
        0.24         0.34         1.22         1.48         0.96         1.17         0.61         0.48         0.36
    518400      9     13
        1.36         0.66         0.46         0.81         0.71         0.73         1.14         0.87         0.64
        1.19         0.80         0.30         0.81         0.79         0.75         1.11         0.84         0.40
        0.66         0.85         0.71         0.70         0.24         0.70         0.66         0.63         0.64
        0.75         1.13         0.91         0.65         0.19         0.47         0.88         0.97         0.42
        0.35         0.92         0.72         0.97         0.36         0.28         0.95         0.54         1.12
        0.39         0.68         0.67         0.69         0.68         0.52         0.81         0.71         1.11
        0.34         0.84         0.52         0.98         0.83         0.76         0.95         1.11         0.88
        0.42         0.38         1.14         0.25         1.03         0.91         0.96         1.11         1.09
        0.53         0.47         0.78         0.84         1.23         0.73         1.45         1.02         1.58
        0.78         0.60         0.74         0.77         0.79         1.69         0.45         1.08         1.96
        1.39         1.18         0.88         0.62         0.32         1.26         0.96         1.20         0.75
        1.54         1.20         1.14         0.73         0.64         0.59         0.75         0.66         0.50
        1.77         1.34         1.01         0.98         0.83         1.69         0.39         0.83         0.76
    604800      9     13
        1.39         1.00         1.09         0.40         0.56         0.34         0.54         0.65         1.10
        0.97         0.75         0.65         0.61         0.62         0.94         1.11         0.74         0.74
        0.83         0.73         0.46         0.42         0.29         0.92         0.64         0.61         0.83
        0.23         0.93         0.75         1.27         0.68         0.32         0.73         0.61         0.80
        0.40         0.61         0.61         1.11         0.70         0.51         0.88         0.59         0.76
        0.79         0.97         0.77         1.05         0.68         0.70         0.73         0.55         0.92
        0.78         0.81         0.96         1.16         1.09         0.60         0.46         1.03         1.02
        0.81         0.72         1.15         0.47         0.73         0.77         0.45         0.67         0.75
        0.79         0.44         0.73         1.01         0.64         0.95         0.73         1.12         1.12
        1.02         0.63         1.03         1.16         0.70         1.18         0.51         1.28         1.05
        1.33         1.20         1.17         0.84         0.77         0.45         1.01         0.96         0.72
        1.47         1.35         1.63         1.29         0.79         0.55         0.50         0.53         0.73
        1.95         1.42         1.27         1.12         0.94         1.35         0.67         0.87         1.09
    691200      9     13
        0.92         0.90         1.27         0.69         0.85         0.75         0.99         0.80         0.47
        1.29         1.32         0.67         1.13         0.85         0.77         0.92         0.81         0.23
        0.78         0.92         0.81         0.76         0.31         0.77         0.82         0.55         0.25
        0.75         1.04         1.27         1.54         0.78         0.82         0.64         0.25         0.63
        0.81         0.96         0.73         0.81         0.54         0.68         1.00         0.90         0.85
        0.64         0.72         0.65         0.58         0.74         0.69         0.70         0.80         1.02
        0.50         0.77         0.61         0.56         0.54         0.74         0.81         1.03         0.81
        0.46         0.82         0.77         0.38         0.39         0.30         0.36         0.70         0.77
        0.55         0.62         0.41         0.41         0.36         0.77         0.79         0.46         0.58
        0.68         0.60         0.48         0.39         0.60         0.66         0.94         0.73         0.71
        0.55         1.03         1.01         0.45         0.54         0.38         0.61         0.39         0.76
        0.91         1.24         1.14         1.02         0.40         0.53         0.29         0.28         0.60
        1.02         0.94         1.42         0.91         0.97         1.33         0.28         0.30         0.30
    777600      9     13
        0.58         0.43         0.34         0.65         0.50         0.38         0.28         0.38         0.44
        0.73         0.64         0.39         0.33         0.70         0.45         0.47         0.67         0.41
        0.44         0.16         0.54         0.28         0.46         0.29         0.70         0.39         0.37
        0.27         0.70         0.97         0.97         0.59         0.41         0.21         0.22         0.67
        0.40         0.50         0.32         0.61         0.51         0.25         0.17         0.24         0.44
        0.41         0.50         0.33         0.22         0.66         0.41         0.40         0.72         0.31
        0.40         0.63         0.37         0.88         0.37         0.17         0.30         0.65         0.55
        0.20         0.27         0.35         0.29         0.29         0.22         0.16         0.32         0.32
        0.28         0.21         0.28         0.44         0.16         0.23         0.54         0.34         0.27
        0.39         0.40         0.42         0.49         0.20         0.17         0.10         0.21         0.45
        0.78         0.30         0.53         0.23         0.16         0.11         0.12         0.29         0.25
        0.43         0.59         0.53         0.29         0.31         0.24         0.27         0.07         0.16
        0.43         0.75         0.56         0.35         0.42         1.18         0.47         0.25         0.42
    864000      9     13
        0.31         0.37         0.22         0.40         0.37         0.14         0.08         0.17         0.12
        0.54         0.40         0.27         0.21         0.21         0.09         0.10         0.21         0.14
        0.31         0.41         0.33         0.24         0.06         0.10         0.27         0.29         0.05
        0.29         0.47         0.49         0.85         0.33         0.31         0.08         0.18         0.38
        0.21         0.42         0.30         0.79         0.93         0.25         0.04         0.22         0.48
        0.53         0.26         0.18         0.45         0.64         0.16         0.09         0.16         0.40
        0.16         0.57         0.15         0.14         0.29         0.10         0.12         0.10         0.13
        0.27         0.23         0.28         0.23         0.21         0.14         0.07         0.18         0.17
        0.24         0.40         0.51         0.62         0.14         0.12         0.20         0.22         0.19
        0.19         0.20         0.21         0.31         0.18         0.10         0.25         0.28         0.24
        0.11         0.28         0.32         0.12         0.07         0.11         0.05         0.06         0.22
        0.56         0.28         0.43         0.45         0.16         0.15         0.10         0.04         0.05
        0.25         0.38         0.55         0.39         0.25         0.92         0.20         0.06         0.01
    950400      9     13
        0.18         0.35         0.55         0.44         0.21         0.62         0.40         0.54         0.64
        0.21         0.42         0.49         0.42         0.29         0.29         0.21         0.70         0.24
        0.38         0.39         0.45         0.40         0.79         0.27         0.38         0.66         0.41
        0.45         0.57         0.56         1.24         0.51         0.44         0.52         0.52         0.84
        0.23         0.41         0.43         0.67         1.25         0.38         0.21         0.26         0.26
        0.46         0.79         0.50         0.90         0.81         0.22         0.36         0.19         0.30
        0.30         0.65         0.54         0.30         0.35         0.21         0.08         0.20         0.30
        0.60         0.45         0.39         0.32         0.24         0.09         0.04         0.05         0.08
        0.59         0.62         0.58         0.14         0.11         0.02         0.02         0.02         0.04
        0.43         0.64         0.45         0.17         0.11         0.01         0.03         0.06         0.04
        0.62         0.34         0.29         0.25         0.06         0.05         0.02         0.04         0.07
        0.15         0.38         0.33         0.44         0.15         0.10         0.12         0.11         0.03
        0.07         0.28         0.61         0.42         0.24         0.66         0.28         0.03         0.03
   1036800      9     13
        0.12         0.27         0.25         0.15         0.25         0.70         0.54         0.67         1.34
        0.23         0.35         0.35         0.36         0.59         0.65         0.40         0.90         1.26
        0.53         0.33         0.60         0.30         0.75         0.37         0.44         0.96         1.04
        0.30         0.54         0.66         1.04         1.57         0.43         0.77         1.00         0.82
        0.15         0.41         0.33         0.93         1.67         0.51         0.07         0.37         0.50
        0.18         0.37         0.36         0.52         1.17         0.34         0.09         0.30         0.69
        0.26         0.28         0.23         0.76         0.54         0.10         0.09         0.24         0.83
        0.07         0.07         0.62         0.47         0.38         0.10         0.09         0.24         0.40
        0.06         0.39         0.30         0.37         0.38         0.09         0.07         0.12         0.40
        0.09         0.43         0.44         0.54         0.25         0.03         0.05         0.12         0.35
        0.01         0.34         0.14         0.27         0.12         0.19         0.06         0.10         0.23
        0.04         0.28         0.35         0.37         0.13         0.28         0.20         0.05         0.16
        0.01         0.12         0.13         0.31         0.26         0.59         0.09         0.02         0.04
   1123200      9     13
        2.45         3.50         6.64         2.23         1.11         1.66         1.37         1.12         1.33
        2.40         2.73         3.39         2.81         2.04         1.89         1.44         1.22         0.90
        2.21         2.61         2.69         2.63         1.82         3.08         3.06         1.93         1.25
        1.72         2.90         1.86         7.92         3.64         2.55         2.33         2.61         1.69
        1.46         2.12         2.97         3.29         2.87         2.04         2.17         2.45         2.56
        1.74         1.97         2.02         2.76         2.86         1.69         2.37         2.45         2.49
        1.63         1.82         1.78         1.81         2.25         1.30         1.89         2.03         2.28
        1.16         1.46         1.30         1.85         1.71         1.06         1.61         1.94         2.08
        1.10         1.35         1.47         1.31         0.87         0.85         1.34         1.67         1.72
        0.88         1.62         1.76         1.89         0.73         0.81         2.04         1.50         1.57
        1.73         1.64         1.80         1.01         0.65         0.97         0.74         0.96         1.32
        1.39         1.02         1.20         1.64         1.13         0.81         0.83         0.87         1.10
        1.05         0.78         0.84         1.43         1.13         1.71         0.60         0.38         0.76
   1209600      9     13
        1.99         1.13         1.17         1.34         0.87         0.65         0.97         0.61         0.71
        1.86         1.14         1.05         1.18         1.04         0.93         1.70         0.93         0.85
        0.53         0.64         1.01         1.11         1.41         1.34         1.41         0.89         1.24
        1.10         1.49         1.42         1.78         1.09         1.04         1.56         2.03         1.58
        1.19         1.52         0.75         1.60         1.41         0.94         1.91         2.41         1.80
        1.65         1.30         0.61         1.06         1.31         1.07         2.17         3.01         2.40
        0.66         0.76         0.46         0.93         1.36         1.24         1.79         1.91         2.48
        0.82         0.97         0.78         0.86         1.19         1.05         1.25         1.82         1.73
        0.92         1.12         1.07         0.86         0.79         0.45         1.16         1.34         1.69
        1.35         1.07         1.22         0.93         0.92         0.62         0.82         1.16         1.05
        1.19         1.04         1.21         1.10         0.93         0.76         0.66         0.68         1.11
        1.03         1.19         1.38         1.36         1.31         0.97         0.80         0.71         0.86
        1.28         1.17         1.28         1.30         0.91         1.43         0.56         0.30         0.52