         0      9     13
        1.23         1.73         1.35         1.34         1.22         1.35         1.15         1.29         1.15
        1.22         1.61         1.08         1.37         1.60         1.29         1.30         1.31         1.45
        0.65         0.61         0.99         1.32         0.90         0.81         1.13         0.99         0.81
        0.56         0.87         1.92         3.93         1.83         0.63         0.79         0.80         1.54
        0.29         0.64         0.87         2.86         2.34         0.67         0.84         1.30         1.39
        0.06         0.11         0.45         1.01         0.85         0.51         0.80         1.11         1.31
        0.07         0.16         0.15         0.32         0.37         0.47         0.58         0.49         0.73
        0.13         0.03         0.09         0.04         0.12         0.05         0.07         0.24         0.40
        0.09         0.31         0.19         0.14         0.09         0.05         0.15         0.22         0.18
        0.31         0.33         0.31         0.27         0.10         0.09         0.06         0.05         0.13
        0.22         0.20         0.22         0.16         0.09         0.13         0.06         0.01         0.03
        0.33         0.20         0.21         0.28         0.11         0.14         0.07         0.03         0.11
        0.85         0.28         0.18         0.17         0.14         0.78         0.14         0.12         0.56
     86400      9     13
        1.05         1.07         0.75         0.81         0.63         0.58         0.42         0.25         0.10
        0.79         0.88         0.52         0.47         0.48         0.50         0.39         0.46         0.20
        0.43         0.40         0.46         0.54         0.48         0.66         0.38         0.26         0.24
        0.20         0.85         0.95         1.48         0.44         0.25         0.69         0.17         0.17
        0.44         0.78         0.27         0.95         0.95         0.17         0.20         0.22         0.26
        0.08         0.47         0.43         1.18         0.91         0.16         0.19         0.45         0.32
        0.33         0.53         0.33         0.25         0.35         0.09         0.29         0.27         0.10
        0.48         0.10         0.37         0.27         0.27         0.05         0.05         0.06         0.10
        0.36         0.17         0.74         0.26         0.09         0.04         0.08         0.09         0.08
        0.17         0.22         0.32         0.15         0.10         0.34         0.09         0.21         0.28
        0.80         0.49         0.67         0.15         0.04         0.13         0.15         0.41         0.18
        0.30         0.40         0.53         0.30         0.11         0.16         0.10         0.33         0.17
        0.46         0.25         0.24         0.21         0.26         0.88         0.11         0.05         0.03
    172800      9     13
        0.06         0.06         0.03         0.06         0.09         0.04         0.04         0.04         0.05
        0.07         0.08         0.05         0.06         0.03         0.05         0.03         0.10         0.04
        0.06         0.05         0.07         0.08         0.06         0.06         0.09         0.12         0.04
        0.10         0.18         0.12         0.35         0.13         0.10         0.12         0.02         0.19
        0.12         0.32         0.26         0.31         0.19         0.12         0.03         0.03         0.05
        0.04         0.04         0.07         0.06         0.13         0.11         0.03         0.03         0.05
        0.11         0.23         0.20         0.06         0.10         0.07         0.04         0.04         0.07
        0.19         0.05         0.09         0.11         0.07         0.06         0.08         0.09         0.05
        0.07         0.10         0.21         0.13         0.09         0.05         0.03         0.04         0.04
        0.06         0.06         0.04         0.04         0.09         0.03         0.02         0.07         0.05
        0.02         0.11         0.11         0.11         0.05         0.03         0.06         0.04         0.06
        0.10         0.20         0.15         0.09         0.12         0.08         0.14         0.13         0.03
        0.37         0.42         0.18         0.22         0.10         0.70         0.15         0.09         0.08
    259200      9     13
        0.16         0.34         0.66         0.70         0.36         0.36         0.55         0.54         0.42
        0.18         0.24         0.32         0.39         0.37         0.26         0.34         0.57         0.71
        0.26         0.33         0.41         0.27         0.40         0.18         0.41         0.66         0.47
        0.40         0.54         0.27         0.87         0.45         0.19         0.40         0.32         0.37
        0.27         0.33         0.21         0.30         0.58         0.15         0.32         0.38         0.62
        0.28         0.25         0.16         0.31         0.54         0.14         0.29         0.81         0.52
        0.19         0.04         0.05         0.08         0.12         0.09         0.32         0.40         0.66
        0.02         0.01         0.04         0.04         0.05         0.03         0.36         0.39         0.47
        0.01         0.08         0.11         0.05         0.05         0.02         0.37         0.14         0.31
        0.08         0.02         0.01         0.02         0.05         0.01         0.09         0.29         0.31
        0.00         0.01         0.06         0.12         0.05         0.04         0.28         0.28         0.40
        0.02         0.18         0.71         0.58         0.10         0.05         0.08         0.11         0.10
        0.16         0.38         0.51         0.45         0.28         0.51         0.06         0.04         0.03
    345600      9     13
        0.67         1.00         0.65         0.73         0.54         0.72         0.71         0.62         0.76
        0.87         1.04         0.77         0.95         0.75         0.81         0.73         1.05         1.21
        0.88         0.71         0.61         0.50         1.15         0.91         1.10         1.30         1.14
        0.91         0.68         0.81         1.21         0.98         0.66         1.06         1.13         0.98
        0.44         0.80         0.53         0.81         1.30         0.57         0.93         0.80         0.77
        0.39         0.60         0.63         0.73         1.10         0.42         0.61         0.72         1.20
        0.59         0.77         0.34         0.86         0.49         0.13         0.27         0.45         0.57
        0.50         0.36         0.34         0.28         0.22         0.09         0.18         0.23         0.33
        0.31         0.31         0.36         0.27         0.16         0.06         0.12         0.16         0.27
        0.46         0.50         0.38         0.49         0.14         0.07         0.23         0.45         0.34
        0.45         0.21         0.32         0.34         0.14         0.17         0.22         0.35         0.43
        0.07         0.24         0.40         0.72         0.24         0.30         0.23         0.52         0.36
        0.18         0.37         0.90         1.05         0.70         0.91         0.20         0.15         0.10
    432000      9     13
        0.82         0.80         0.79         0.65         0.73         0.75         0.66         0.43         0.64
        0.59         0.43         0.42         0.66         0.70         0.48         0.44         0.63         0.64
        0.80         0.57         0.77         0.73         0.67         0.50         0.43         0.68         0.58
        0.28         1.02         1.04         1.23         0.67         0.46         0.69         0.63         0.83
        0.43         1.30         1.12         0.69         1.02         0.41         0.28         0.52         0.49
        0.33         0.95         0.56         0.82         1.11         0.29         0.47         0.45         0.85
        0.76         1.05         0.52         0.55         0.79         0.15         0.16         0.33         0.63
        0.91         0.59         0.82         0.75         0.51         0.23         0.42         0.41         0.89
        0.39         1.05         1.05         0.89         0.43         0.27         0.11         0.21         0.33
        0.30         0.31         0.43         0.26         0.13         0.03         0.07         0.45         0.30
        0.11         0.12         0.37         0.21         0.19         0.08         0.05         0.05         0.09
        0.07         0.46         0.74         1.16         0.50         0.33         0.15         0.03         0.01
        0.33         0.58         0.56         1.30         0.89         0.99         0.24         0.04         0.41
    518400      9     13
        0.40         0.64         0.83         1.01         1.50         1.92         1.44         1.68         2.04
        0.79         1.10         0.86         1.27         1.49         1.41         1.44         1.68         1.88
        0.70         0.73         1.12         1.10         1.34         0.91         1.30         1.77         2.10
        0.79         0.85         1.36         1.68         1.87         0.82         1.03         1.60         1.68
        0.48         0.94         0.82         0.80         1.38         0.94         0.63         1.05         1.27
        0.77         0.59         0.58         0.85         1.49         0.87         0.58         0.64         0.97
        0.44         0.57         0.50         0.59         0.83         0.58         0.54         0.50         0.70
        0.36         0.44         0.71         0.44         0.45         0.34         0.39         0.39         0.57
        0.52         0.60         0.51         0.50         0.52         0.28         0.21         0.25         0.30
        0.44         0.25         0.69         0.79         0.35         0.17         0.19         0.23         0.26
        0.10         0.33         0.96         0.60         0.28         0.32         0.17         0.09         0.16
        0.08         0.44         0.97         1.02         0.66         0.29         0.33         0.11         0.14
        0.10         0.45         0.61         1.09         0.98         0.99         0.40         0.17         0.13
    604800      9     13
        2.67         2.71         2.68         3.32         3.37         2.99         3.01         2.70         2.69
        2.63         3.41         3.32         3.49         3.35         3.37         2.91         2.70         2.81
        2.73         3.40         4.45         3.97         3.85         3.44         4.29         3.01         3.68
        2.02         2.40         2.73         3.19         4.02         3.99         3.14         3.66         4.29
        1.07         1.15         1.27         1.44         2.13         2.11         1.86         2.20         2.45
        0.74         0.77         0.82         1.05         1.32         1.66         1.76         1.65         1.60
        0.58         0.76         0.67         0.88         1.10         1.20         1.28         1.26         1.30
        0.53         0.51         0.86         0.82         0.82         1.07         1.00         1.08         1.05
        0.47         0.73         0.73         0.86         1.10         0.89         0.82         0.79         0.75
        0.77         0.87         0.80         0.92         0.88         0.72         0.73         0.60         0.46
        0.76         0.96         1.03         1.09         0.65         0.52         0.47         0.42         0.31
        1.26         0.95         0.99         1.04         1.32         0.75         0.83         0.50         0.50
        0.70         0.61         0.60         0.96         1.11         1.33         0.59         0.33         0.34
    691200      9     13
        1.53         0.41         0.52         0.43         0.33         0.37         0.77         0.80         0.91
        0.92         0.49         0.93         0.25         0.29         0.80         0.78         1.11         0.57
        0.55         0.16         0.40         0.46         0.40         0.69         0.89         0.61         0.76
        0.23         0.28         0.52         1.14         1.06         0.88         0.29         0.27         0.71
        0.28         0.31         0.31         0.91         1.06         0.85         0.39         0.42         0.75
        0.29         0.48         0.55         0.53         0.86         0.95         0.51         0.59         0.80
        0.43         0.57         0.48         0.55         0.92         0.81         0.76         0.79         1.33
        0.40         0.27         0.65         0.72         1.16         1.44         1.56         1.51         1.78
        0.41         0.98         1.09         1.32         1.16         1.36         1.39         0.98         0.89
        1.01         1.17         0.86         1.02         0.79         0.82         0.79         0.72         0.70
        0.95         0.81         0.77         0.70         0.68         0.54         0.54         0.56         0.47
        0.84         0.73         0.89         0.98         0.92         0.66         0.40         0.19         0.39
        0.83         0.67         0.75         0.64         0.84         1.26         0.55         0.25         0.43
    777600      9     13
        1.17         0.85         0.59         0.83         0.76         0.42         0.58         0.61         0.76
        0.59         0.53         0.61         0.50         0.60         0.72         0.67         0.74         0.61
        0.51         0.32         0.48         0.49         0.56         0.43         0.64         0.83         0.55
        0.43         0.42         0.72         0.98         1.18         0.62         0.54         0.51         1.82
        0.38         0.76         0.39         0.65         1.02         0.43         0.48         0.76         1.15
        0.33         0.52         0.49         0.63         0.53         0.39         0.51         0.68         0.46
        0.36         0.60         0.49         0.58         0.49         0.26         0.47         0.74         0.61
        0.69         0.26         0.48         0.30         0.23         0.17         0.46         0.73         0.64
        0.23         0.36         0.46         0.51         0.25         0.16         0.34         0.37         0.72
        0.25         0.58         0.28         0.16         0.18         0.17         0.25         0.24         0.33
        0.07         0.09         0.23         0.32         0.18         0.25         0.24         0.12         0.15
        0.21         0.33         0.34         0.43         0.44         0.31         0.15         0.10         0.17
        0.44         0.69         0.79         1.12         0.71         1.18         0.61         0.08         0.14
    864000      9     13
        1.05         1.28         1.70         1.60         1.39         1.02         1.27         1.25         1.59
        1.40         1.34         1.50         1.36         1.37         1.06         0.89         1.54         1.58
        0.95         1.58         1.58         1.41         1.31         0.97         1.25         1.48         1.59
        0.75         1.41         1.64         3.67         2.94         1.12         1.06         1.02         2.12
        1.16         1.58         1.16         1.65         2.30         1.08         0.87         1.09         1.93
        1.27         1.35         1.31         1.30         1.48         0.90         1.11         0.94         1.05
        0.95         1.31         0.88         1.18         0.88         0.65         1.10         0.71         1.13
        0.71         0.94         1.27         0.93         0.90         0.59         0.91         0.79         0.50
        0.56         0.62         0.70         0.92         0.50         0.47         0.72         0.61         0.83
        0.90         1.04         0.90         0.52         0.38         0.29         0.55         0.78         0.78
        0.57         0.57         0.80         0.71         0.33         0.39         0.55         0.49         0.39
        0.79         0.92         1.11         1.17         0.64         0.57         0.49         0.26         0.21
        0.61         0.75         1.04         0.65         0.73         1.07         0.72         0.27         0.50
    950400      9     13
        0.82         1.23         1.18         1.24         1.04         0.79         0.94         1.34         2.47
        0.57         0.41         0.79         0.75         0.66         0.53         0.61         1.63         1.61
        0.49         0.42         0.82         0.85         0.37         1.00         1.00         1.11         1.23
        0.34         1.53         1.42         1.23         1.84         0.87         0.38         0.43         2.11
        0.20         0.45         0.56         0.48         1.40         0.36         0.31         0.63         1.01
        0.39         0.43         0.13         0.32         0.92         0.34         0.33         0.65         0.68
        0.34         0.29         0.17         0.20         0.48         0.34         0.56         0.46         0.54
        0.41         0.31         0.27         0.17         0.18         0.17         0.37         0.41         0.32
        0.44         0.61         0.38         0.20         0.14         0.13         0.24         0.30         0.35
        0.65         0.65         0.59         0.54         0.30         0.19         0.15         0.17         0.21
        0.95         0.72         0.52         0.52         0.34         0.32         0.38         0.20         0.13
        0.89         0.95         0.93         0.79         0.49         0.33         0.38         0.16         0.12
        0.94         0.87         1.00         0.94         0.85         1.33         0.68         0.37         0.38
   1036800      9     13
        0.41         0.19         0.45         0.62         0.74         0.70         0.48         0.59         0.71
        0.84         0.35         0.37         0.50         0.62         0.36         0.54         0.44         0.59
        0.61         0.59         0.46         0.76         0.32         0.39         0.70         0.92         0.78
        0.82         0.99         0.66         1.30         0.58         0.37         1.06         0.81         0.93
        0.60         0.51         0.53         1.00         0.82         0.52         0.46         0.46         0.61
        0.48         0.65         0.76         0.52         0.64         0.14         0.27         0.60         0.82
        0.43         1.30         0.44         1.27         0.64         0.25         0.49         0.45         0.87
        0.65         0.53         0.57         0.32         0.69         0.25         0.39         0.41         0.79
        0.40         0.36         0.20         0.35         0.19         0.20         0.80         0.88         1.07
        0.26         0.38         0.30         0.62         0.51         0.98         0.71         0.50         0.56
        0.13         0.23         0.65         0.47         0.20         0.44         0.42         0.54         0.43
        0.71         0.49         0.54         0.90         0.55         0.18         0.10         0.07         0.23
        0.58         0.28         0.17         0.29         1.14         1.22         0.32         0.11         0.07
   1123200      9     13
        1.03         1.51         1.03         0.63         0.35         0.11         0.28         0.27         0.30
        0.64         0.25         0.23         0.31         0.30         0.36         0.10         0.27         0.22
        0.62         0.35         0.27         0.29         0.13         0.13         0.23         0.37         0.14
        0.37         1.03         0.56         1.54         0.21         0.22         0.84         0.11         0.34
        0.72         0.57         0.82         0.80         1.19         0.23         0.41         0.48         0.42
        0.56         0.29         0.79         0.75         1.09         0.18         0.20         0.71         0.68
        0.36         0.69         1.03         0.80         0.62         0.11         0.29         0.59         0.64
        0.74         0.54         0.89         0.57         0.58         0.27         0.37         0.43         0.46
        0.33         0.50         0.80         0.61         0.50         0.38         0.68         0.61         0.70
        0.80         1.06         1.45         1.48         0.38         0.11         0.62         0.44         0.36
        0.46         1.15         1.44         0.99         0.30         0.28         0.17         0.12         0.31
        0.18         0.97         0.65         0.80         0.44         0.50         0.21         0.28         0.25
        0.36         0.86         0.97         0.82         0.47         0.98         0.32         0.16         0.51
   1209600      9     13
        0.08         0.19         0.53         0.18         0.16         0.10         0.20         0.40         0.70
        0.05         0.06         0.08         0.06         0.13         0.11         0.21         0.17         0.29
        0.03         0.03         0.06         0.12         0.05         0.13         0.41         0.37         0.19
        0.02         0.06         0.08         0.79         0.34         0.20         0.66         0.52         0.56
        0.08         0.13         0.10         0.62         1.17         0.15         0.09         0.53         1.09
        0.06         0.10         0.08         0.09         0.44         0.19         0.02         0.42         1.33
        0.06         0.14         0.05         0.04         0.09         0.07         0.03         0.47         0.77
        0.08         0.02         0.15         0.09         0.08         0.02         0.01         0.15         0.64
        0.03         0.08         0.14         0.16         0.10         0.02         0.02         0.32         0.39
        0.29         0.21         0.19         0.07         0.09         0.04         0.28         0.08         0.27
        0.34         0.27         0.11         0.17         0.09         0.08         0.03         0.13         0.24
        0.08         0.07         0.28         0.56         0.29         0.27         0.16         0.04         0.07
        0.13         0.32         0.31         0.63         0.29         1.42         0.40         0.08         0.32