         0      9     13
        0.22         0.56         0.41         0.13         0.27         0.11         0.06         0.14         0.12
        0.19         0.18         0.14         0.30         0.11         0.12         0.08         0.16         0.12
        0.23         0.05         0.47         0.19         0.14         0.24         0.15         0.33         0.40
        0.07         0.16         0.34         0.09         0.41         0.63         0.15         0.66         1.09
        0.13         0.07         0.59         0.25         0.23         0.50         0.28         0.54         0.56
        0.11         0.16         0.18         0.33         0.15         0.23         0.79         0.37         0.74
        0.27         0.20         0.17         0.12         0.39         0.38         0.61         0.74         1.30
        0.13         0.06         0.34         0.21         0.28         0.30         0.43         0.37         0.18
        0.13         0.52         0.17         0.21         0.21         0.26         0.21         0.29         0.51
        0.20         0.09         0.14         0.11         0.37         0.04         0.21         0.35         0.38
        0.20         0.26         0.76         0.63         0.19         0.20         0.14         0.38         0.60
        0.09         0.39         0.26         0.38         0.40         0.58         0.19         0.51         0.16
        0.52         0.46         0.29         0.40         0.50         0.12         0.17         0.26         0.36
     86400      9     13
        0.85         0.37         0.25         0.44         0.42         0.37         0.44         0.29         0.46
        0.35         0.58         0.11         0.27         0.16         0.15         0.25         0.23         0.73
        0.43         0.27         0.21         0.11         0.56         0.32         0.30         0.70         0.89
        0.12         0.25         0.47         0.18         0.75         0.19         0.30         0.27         0.63
        0.60         0.27         0.64         0.28         0.32         0.39         0.57         0.76         0.36
        0.38         0.38         0.50         0.43         0.50         0.34         0.57         0.66         0.98
        0.37         0.39         0.27         0.21         0.87         0.23         0.40         0.62         0.56
        0.54         0.66         0.32         0.43         0.19         0.22         0.41         1.07         0.69
        0.50         1.04         0.30         0.18         0.19         0.13         0.43         0.44         0.37
        0.43         0.48         0.45         0.25         0.47         0.08         0.10         0.30         0.36
        0.52         0.38         0.97         0.36         0.36         0.17         0.11         0.26         0.37
        0.69         0.89         0.58         0.90         0.13         0.81         0.30         0.39         0.49
        0.54         1.21         0.56         0.30         0.84         0.14         0.11         0.33         0.35
    172800      9     13
        1.09         0.96         0.52         0.47         0.68         0.12         0.11         0.47         0.33
        0.35         0.61         0.28         0.51         0.38         0.13         0.10         0.27         0.19
        0.38         0.25         0.45         0.25         0.44         0.08         0.17         0.19         0.54
        0.15         0.19         0.68         0.19         0.43         0.31         0.09         0.20         1.23
        0.16         0.12         0.44         0.32         0.35         0.32         0.25         0.17         0.46
        0.31         0.46         0.32         0.91         0.61         0.36         0.71         0.57         0.41
        0.28         0.69         0.17         0.46         0.60         0.21         0.75         0.38         0.43
        0.56         0.47         0.30         0.46         0.42         0.48         0.75         0.35         0.47
        0.38         0.32         0.45         0.75         0.32         0.11         0.45         0.59         0.25
        0.28         0.53         0.64         0.61         0.44         0.35         0.50         0.42         0.30
        0.60         0.37         0.63         0.47         0.23         0.33         0.13         0.52         0.71
        0.56         0.58         0.32         0.53         0.37         0.73         0.27         0.22         0.33
        0.78         0.39         0.45         0.37         1.12         0.32         0.42         0.63         0.66
    259200      9     13
        0.50         0.38         0.37         0.21         0.18         0.15         0.08         0.10         0.09
        0.27         0.31         0.35         0.24         0.16         0.17         0.17         0.22         0.46
        0.27         0.28         0.19         0.13         0.29         0.18         0.06         0.07         0.38
        0.34         0.23         0.34         0.07         0.46         0.11         0.20         0.14         0.26
        0.36         0.27         0.17         0.40         0.41         0.14         0.09         0.19         0.24
        0.32         0.45         0.17         0.26         0.32         0.16         0.15         0.39         0.45
        0.21         0.36         0.23         0.25         0.38         0.18         0.25         0.28         0.65
        0.28         0.23         0.20         0.30         0.21         0.20         0.50         0.66         0.63
        0.42         0.30         0.22         0.36         0.24         0.30         0.47         0.31         0.29
        0.26         0.52         0.51         0.51         0.38         0.15         0.28         0.20         0.18
        0.54         0.93         0.88         0.46         0.09         0.24         0.14         0.41         0.17
        0.31         0.50         0.76         0.34         0.49         0.44         0.14         0.30         0.07
        0.17         0.15         0.47         0.51         0.88         0.22         0.19         0.27         0.14
    345600      9     13
        0.11         0.15         0.31         0.14         0.17         0.39         0.10         0.16         0.21
        0.27         0.09         0.26         0.19         0.20         0.19         0.14         0.38         0.57
        0.43         0.24         0.23         0.16         0.43         0.43         0.17         0.26         0.76
        0.12         0.28         0.42         0.17         0.79         0.29         0.12         0.18         0.40
        0.24         0.08         0.23         0.47         0.51         0.34         0.17         0.16         0.26
        0.12         0.35         0.12         0.51         0.63         0.27         0.20         0.24         0.16
        0.32         0.29         0.19         0.29         0.91         0.42         0.50         0.45         0.40
        0.33         0.20         0.19         0.40         0.31         0.14         0.30         0.68         0.59
        0.36         0.33         0.30         0.53         0.17         0.26         0.30         0.31         0.57
        0.10         0.43         0.53         0.34         0.65         0.20         0.15         0.32         0.36
        0.32         0.25         0.32         0.59         0.33         0.35         0.39         0.12         0.17
        0.27         0.17         0.42         0.59         1.02         0.11         0.51         0.22         0.36
        0.28         0.72         0.43         0.53         0.94         0.45         0.38         0.58         0.25
    432000      9     13
        0.53         0.49         0.35         0.25         0.53         0.41         0.25         0.25         0.36
        0.54         0.25         0.18         0.21         0.14         0.26         0.35         0.40         0.40
        0.48         0.41         0.35         0.25         0.23         0.30         0.41         0.11         0.39
        0.19         0.14         0.53         0.24         0.38         0.62         0.06         0.44         0.52
        0.17         0.08         0.62         0.69         0.37         0.40         0.15         0.83         0.46
        0.33         0.35         0.70         0.52         0.32         0.58         0.53         1.11         0.92
        0.29         0.23         0.41         0.54         0.36         0.72         0.37         0.62         0.87
        0.13         0.28         0.35         0.31         0.29         0.63         0.39         0.56         0.79
        0.30         0.35         0.61         0.54         0.29         0.56         0.61         0.41         0.61
        0.63         0.43         0.23         0.30         0.57         0.86         0.72         0.51         0.87
        0.27         0.32         0.64         0.54         0.49         0.40         1.16         0.77         0.94
        0.77         1.07         0.61         0.63         0.65         0.93         1.00         0.35         0.61
        0.75         0.70         0.59         0.95         0.51         1.15         0.62         0.74         0.69
    518400      9     13
        0.21         0.30         0.47         0.32         0.75         0.18         0.33         0.36         0.26
        0.09         0.26         0.19         0.28         0.44         0.10         0.13         0.46         0.22
        0.51         0.38         0.24         0.18         0.11         0.37         0.22         0.18         0.18
        0.29         0.42         0.49         0.30         0.47         0.70         0.27         0.30         0.42
        0.24         0.44         0.69         0.27         0.56         0.56         0.27         0.16         0.66
        0.12         0.47         0.76         0.50         0.40         0.84         0.12         0.17         0.62
        0.82         0.38         0.40         0.41         0.38         0.50         0.39         0.13         0.41
        0.61         0.49         0.70         0.69         0.60         0.29         0.96         0.15         0.27
        0.46         0.58         1.09         0.47         0.42         0.50         0.72         0.50         0.12
        0.19         0.74         0.72         0.57         0.29         0.27         0.67         0.55         0.28
        0.43         0.70         0.54         0.38         0.24         0.95         0.79         0.32         0.34
        0.46         0.59         0.50         0.38         0.57         0.76         0.84         0.45         0.66
        0.13         0.43         1.21         0.75         0.68         0.84         0.34         0.98         0.77
    604800      9     13
        0.84         0.52         0.57         0.65         0.98         0.17         0.31         0.18         0.58
        0.48         0.64         0.65         0.55         0.27         0.20         0.35         0.32         0.24
        0.79         0.26         0.45         0.20         0.44         0.20         0.56         0.25         0.82
        0.39         0.32         0.60         0.37         0.73         0.53         0.23         0.58         0.67
        0.28         0.25         0.46         0.09         0.25         0.29         0.23         0.33         0.57
        0.13         0.24         0.72         0.59         0.36         0.26         0.14         0.21         0.21
        0.49         0.36         0.30         0.41         0.28         0.24         0.45         0.21         0.30
        0.49         0.40         0.19         0.22         0.16         0.07         0.15         0.36         0.17
        0.35         0.17         0.80         0.41         0.21         0.09         0.07         0.18         0.41
        0.28         0.39         0.50         0.36         0.63         0.11         0.12         0.23         0.40
        0.70         0.47         0.56         0.40         0.19         0.28         0.43         0.34         0.28
        0.38         0.32         0.32         0.58         0.35         0.50         0.33         0.54         0.21
        0.64         0.53         0.43         0.47         0.29         0.87         0.40         0.32         0.32
    691200      9     13
        0.13         0.06         0.10         0.07         0.23         0.04         0.10         0.11         0.22
        0.34         0.37         0.11         0.11         0.06         0.04         0.07         0.08         0.13
        0.36         0.24         0.11         0.05         0.10         0.10         0.19         0.06         0.09
        0.64         0.44         0.37         0.09         0.62         0.51         0.04         0.03         0.35
        0.25         0.16         0.66         0.07         0.32         0.34         0.07         0.10         0.40
        0.19         0.14         0.59         0.08         0.15         0.59         0.07         0.21         0.04
        0.13         0.12         0.15         0.03         0.05         0.39         0.31         0.19         0.46
        0.13         0.10         0.21         0.10         0.03         0.19         0.55         0.14         0.06
        0.05         0.13         0.35         0.05         0.07         0.23         0.04         0.09         0.09
        0.34         0.20         0.31         0.07         0.15         0.18         0.08         0.08         0.03
        0.28         0.47         0.19         0.11         0.05         0.21         0.18         0.06         0.02
        0.40         0.38         0.29         0.30         0.30         0.22         0.24         0.28         0.05
        0.50         0.37         0.11         0.25         0.20         0.88         0.09         0.06         0.07
    777600      9     13
        0.99         0.84         0.55         0.73         1.10         1.34         1.65         1.86         1.77
        0.81         0.71         0.65         0.69         0.95         1.09         1.55         1.60         1.40
        0.42         0.38         0.48         0.64         0.64         0.92         1.29         1.83         1.38
        0.70         0.92         0.64         0.75         0.90         0.80         1.16         1.36         1.35
        0.29         0.36         0.37         0.84         0.86         0.67         1.18         1.10         1.29
        0.10         0.36         0.42         0.61         0.72         0.70         0.89         1.35         1.06
        0.25         0.20         0.10         0.21         0.47         0.35         0.34         0.32         0.59
        0.32         0.29         0.24         0.09         0.12         0.11         0.11         0.51         0.42
        0.60         0.37         0.58         0.37         0.09         0.05         0.15         0.48         0.39
        0.62         0.62         0.33         0.27         0.16         0.08         0.21         0.35         0.46
        0.88         0.90         0.85         0.30         0.13         0.23         0.13         0.20         0.35
        0.59         0.81         0.73         1.03         0.40         0.33         0.21         0.46         0.32
        0.90         0.72         0.81         0.89         0.70         1.23         0.15         0.21         0.24
    864000      9     13
        0.31         0.29         0.57         0.10         0.42         0.23         0.44         0.48         0.84
        0.26         0.36         0.13         0.14         0.36         0.20         0.29         0.29         0.50
        0.21         0.31         0.16         0.26         0.19         0.51         0.19         0.36         0.23
        0.23         0.30         0.12         0.54         0.11         0.09         0.30         0.53         0.14
        0.15         0.25         0.21         0.33         0.13         0.14         0.24         0.33         0.20
        0.10         0.33         0.14         0.29         0.14         0.12         0.16         0.13         0.11
        0.23         0.37         0.13         0.35         0.27         0.07         0.21         0.11         0.15
        0.35         0.44         0.25         0.19         0.13         0.38         0.15         0.14         0.14
        0.18         0.14         0.13         0.38         0.17         0.20         0.40         0.11         0.07
        0.10         0.28         0.37         0.15         0.72         0.74         0.26         0.35         0.13
        0.23         0.31         0.62         0.16         0.23         0.19         1.17         0.28         0.44
        0.35         0.27         0.31         0.19         0.10         0.24         0.21         0.21         0.14
        0.16         0.13         0.23         0.75         0.44         0.60         0.05         0.77         0.25
    950400      9     13
        0.06         0.31         0.16         0.37         0.42         0.63         0.60         0.32         0.40
        0.06         0.08         0.21         0.37         0.93         0.30         0.59         0.47         0.26
        0.04         0.08         0.50         0.65         0.33         0.17         0.76         0.28         0.09
        0.08         0.21         0.58         0.72         0.83         0.15         0.50         0.28         0.17
        0.04         0.21         0.15         0.59         0.19         0.45         0.59         0.34         0.22
        0.03         0.25         0.33         0.62         0.83         0.27         0.23         0.30         0.35
        0.28         0.17         0.67         0.55         0.59         0.42         0.15         0.81         0.29
        0.12         0.34         0.50         0.99         0.10         0.21         0.59         0.72         0.46
        0.31         0.20         0.32         0.70         0.92         0.32         0.55         0.83         0.65
        0.34         0.07         0.20         0.67         0.26         0.87         0.60         1.06         0.85
        0.41         0.49         0.52         0.78         0.52         0.89         0.55         0.82         0.80
        0.59         0.52         0.43         0.23         0.22         0.50         1.19         0.64         0.96
        0.21         0.32         0.48         0.59         1.06         0.68         0.62         0.49         0.83
   1036800      9     13
        1.91         0.59         0.45         0.44         0.35         0.96         1.11         0.36         0.63
        1.52         0.88         0.63         0.72         0.52         0.63         0.82         0.24         0.32
        1.60         0.91         0.61         0.96         0.57         1.13         0.76         0.48         0.13
        1.63         1.78         1.20         0.65         1.20         1.23         1.32         0.79         1.55
        1.51         1.67         1.16         1.22         1.05         1.47         1.38         1.57         2.40
        0.94         1.40         1.04         1.17         1.03         1.26         1.28         1.27         1.30
        1.67         1.75         0.93         1.86         0.91         1.10         1.10         1.26         1.55
        1.62         1.05         1.31         1.28         0.95         1.03         0.86         1.28         1.61
        0.94         1.77         1.49         1.29         1.00         0.98         1.67         1.72         1.26
        1.51         1.12         1.32         1.57         1.97         0.90         1.51         1.43         1.60
        1.28         1.72         1.91         1.28         0.92         1.96         2.01         1.50         1.49
        1.50         2.00         2.69         1.41         1.21         1.23         1.75         1.54         1.23
        1.33         1.50         2.41         1.86         1.17         1.27         1.08         1.43         1.34
   1123200      9     13
        1.37         0.98         0.94         0.90         0.44         0.42         0.67         0.52         1.10
        1.67         0.93         0.51         0.48         0.27         0.34         0.75         0.43         1.07
        1.61         2.22         0.74         0.97         0.54         0.27         0.66         0.49         0.58
        1.00         1.18         1.58         1.24         1.57         0.58         1.04         0.78         0.83
        0.95         0.72         0.79         1.09         1.02         1.00         0.94         0.80         0.71
        0.81         0.92         0.48         0.72         1.62         1.00         1.67         1.14         1.32
        0.98         0.73         0.43         0.58         0.54         1.42         1.76         1.22         1.43
        1.94         0.54         0.30         0.45         0.68         1.21         0.94         0.94         1.01
        3.06         1.16         0.79         0.60         0.38         0.94         0.93         1.11         0.70
        3.48         2.89         1.16         0.76         0.35         1.08         0.92         1.12         1.06
        2.20         2.08         2.63         0.95         0.49         0.94         0.53         0.68         0.73
        2.33         2.04         1.66         2.29         1.25         0.90         0.80         1.00         0.65
        1.81         0.88         0.79         1.05         1.45         1.47         1.57         1.23         0.51
   1209600      9     13
        1.24         1.75         0.51         0.84         0.27         0.12         0.15         0.55         0.97
        1.24         1.23         0.78         0.56         0.41         0.07         0.18         0.17         0.64
        1.03         1.25         0.26         0.42         1.41         0.08         0.28         0.24         0.35
        0.45         1.07         0.61         0.63         0.43         0.22         0.62         0.58         0.31
        0.58         0.97         1.01         0.53         0.69         0.23         0.75         0.46         0.49
        0.84         0.93         0.73         0.79         0.47         0.56         0.74         1.09         0.69
        0.73         1.17         1.23         0.52         0.12         0.65         0.93         1.38         1.26
        1.26         1.26         0.71         0.81         0.54         0.68         0.79         1.09         1.21
        1.28         0.81         0.47         0.37         0.49         0.53         0.57         0.55         0.99
        1.55         1.08         0.82         0.43         0.23         0.39         0.50         0.74         0.68
        1.94         1.46         0.65         0.57         0.64         0.43         0.73         0.79         0.53
        1.53         1.27         0.79         0.58         0.57         0.12         0.56         0.94         0.56
        1.50         0.81         0.54         0.66         1.00         0.46         0.90         1.01         0.43