         0      9     13
        0.10         0.03         0.19         0.03         0.06         0.12         0.07         0.06         0.05
        0.16         0.07         0.07         0.06         0.05         0.11         0.07         0.06         0.02
        0.07         0.05         0.24         0.08         0.08         0.20         0.04         0.05         0.10
        0.07         0.12         0.12         0.09         0.08         0.19         0.10         0.04         0.14
        0.13         0.16         0.16         0.08         0.05         0.34         0.16         0.08         0.14
        0.22         0.15         0.17         0.19         0.23         0.20         0.15         0.33         0.20
        0.28         0.26         0.17         0.14         0.39         0.16         0.11         0.18         0.31
        0.34         0.35         0.17         0.42         0.29         0.16         0.25         0.15         0.14
        0.19         0.35         0.17         0.43         0.12         0.18         0.34         0.18         0.08
        0.30         0.30         0.52         0.62         0.59         0.18         0.09         0.23         0.12
        0.39         0.26         0.87         0.36         0.14         0.74         0.09         0.19         0.11
        0.55         0.41         0.30         0.27         0.31         0.55         0.24         0.16         0.17
        0.40         0.37         1.15         0.38         0.75         0.21         0.46         0.30         0.74
     86400      9     13
        0.11         0.19         0.15         0.09         0.23         0.09         0.29         0.12         0.29
        0.22         0.10         0.33         0.22         0.42         0.24         0.25         0.09         0.09
        0.08         0.04         0.63         0.22         0.25         0.38         0.19         0.08         0.36
        0.09         0.09         0.75         0.42         0.55         0.49         0.48         0.50         0.49
        0.14         0.24         0.30         0.56         0.63         0.83         0.48         0.44         0.63
        0.25         0.43         0.40         0.41         0.71         0.39         0.72         0.67         0.70
        0.36         0.31         0.48         0.14         0.40         0.28         0.70         0.57         0.97
        0.38         0.31         0.32         0.24         0.09         0.38         0.31         0.46         0.45
        0.36         0.67         0.21         0.45         0.20         0.71         0.30         0.25         0.24
        0.43         0.49         0.52         0.28         0.75         0.27         0.38         0.23         0.20
        0.45         0.45         0.44         0.84         0.50         0.30         0.71         0.33         0.68
        0.64         0.82         0.47         0.38         0.82         0.47         0.59         0.48         0.35
        0.64         0.38         0.49         0.67         1.08         0.24         0.92         0.94         0.15
    172800      9     13
        0.25         0.42         0.29         0.57         0.36         0.29         0.41         0.56         0.59
        0.15         0.30         0.49         0.28         0.35         0.30         0.37         0.52         0.09
        0.24         0.29         0.30         0.39         0.05         0.12         0.20         0.29         0.05
        0.15         0.72         0.46         1.21         0.40         0.40         0.56         0.14         0.25
        0.07         0.29         0.44         0.64         0.33         0.27         0.46         0.62         0.70
        0.31         0.44         0.52         0.45         0.29         0.35         0.33         0.60         0.74
        0.20         0.29         0.28         0.18         0.26         0.44         0.43         0.44         0.69
        0.06         0.16         0.65         0.04         0.25         0.22         0.42         0.43         0.73
        0.16         0.17         0.33         0.63         0.14         0.39         0.30         0.39         0.58
        0.37         0.87         0.39         0.33         0.52         0.27         0.23         0.27         0.41
        0.48         0.76         0.47         0.21         0.30         0.17         0.30         0.26         0.21
        0.27         0.43         0.46         0.33         0.08         0.20         0.16         0.25         0.16
        0.22         0.33         0.28         0.21         0.41         0.56         0.07         0.30         0.25
    259200      9     13
        0.08         0.10         0.19         0.26         0.29         0.13         0.18         0.07         0.32
        0.09         0.10         0.27         0.13         0.17         0.13         0.58         0.35         0.17
        0.10         0.12         0.16         0.25         0.41         0.51         0.87         0.42         0.08
        0.05         0.39         0.43         0.51         0.33         0.38         0.40         0.16         0.27
        0.17         0.13         0.43         0.33         0.69         0.23         0.49         0.38         0.31
        0.08         0.22         0.16         0.22         0.34         0.40         0.60         0.87         0.61
        0.33         0.36         0.22         0.14         0.07         0.44         0.37         0.55         0.87
        0.38         0.12         0.24         0.06         0.21         0.42         0.25         0.47         0.31
        0.10         0.22         0.25         0.51         0.21         0.29         0.39         0.43         0.41
        0.32         0.39         0.37         0.53         0.75         0.19         0.57         0.21         0.45
        0.17         0.39         0.35         0.56         0.40         0.14         0.25         0.22         0.46
        0.47         0.44         0.30         0.20         0.10         0.25         0.24         0.22         0.72
        0.52         0.72         0.52         0.47         0.67         0.38         0.39         0.66         0.39
    345600      9     13
        0.43         0.43         0.39         0.09         0.25         0.12         0.25         0.16         0.10
        0.28         0.25         0.10         0.37         0.13         0.13         0.26         0.23         0.18
        0.16         0.13         0.27         0.11         0.04         0.60         0.17         0.11         0.17
        0.09         0.22         0.14         0.50         0.10         0.14         0.30         0.17         0.43
        0.11         0.14         0.14         0.31         0.15         0.34         0.40         0.11         0.22
        0.13         0.11         0.29         0.18         0.16         0.31         0.30         0.17         0.31
        0.24         0.28         0.26         0.23         0.25         0.28         0.39         0.20         0.13
        0.13         0.13         0.17         0.16         0.37         0.57         0.65         0.62         0.55
        0.30         0.07         0.10         0.21         0.38         0.61         0.50         0.53         0.38
        0.16         0.11         0.17         0.40         0.35         0.22         0.51         0.53         0.52
        0.66         0.28         0.22         0.19         0.08         0.21         0.47         0.54         0.70
        0.68         0.40         0.45         0.38         0.13         0.17         0.11         0.54         1.12
        0.39         0.46         0.56         0.36         0.33         0.17         0.48         1.07         0.66
    432000      9     13
        0.64         1.07         1.09         0.78         0.68         0.59         0.77         0.63         0.44
        0.67         1.01         0.63         1.06         0.56         0.54         0.60         0.61         0.11
        0.62         0.63         0.78         1.09         0.25         0.63         0.55         0.26         0.21
        0.65         0.53         1.16         0.94         0.35         0.12         0.44         0.34         0.32
        0.64         0.47         0.55         0.94         0.79         0.32         0.36         0.32         0.76
        0.59         0.57         0.50         0.54         0.40         0.19         0.16         0.23         0.99
        0.04         0.40         0.19         0.27         0.21         0.32         0.27         0.50         0.69
        0.05         0.22         0.43         0.10         0.26         0.23         0.16         0.36         0.87
        0.19         0.26         0.35         0.33         0.34         0.42         0.27         0.14         0.36
        0.35         0.39         0.56         0.16         0.62         0.65         0.26         0.15         0.31
        0.35         0.53         0.51         0.23         0.08         0.13         0.44         0.20         0.34
        0.44         0.64         1.19         0.30         0.08         0.09         0.09         0.20         0.49
        0.37         0.63         0.89         0.57         0.30         0.46         0.12         0.51         0.38
    518400      9     13
        0.17         0.47         0.58         0.58         0.45         0.14         0.19         0.27         0.11
        0.34         0.28         0.54         0.75         0.52         0.23         0.21         0.10         0.06
        0.09         0.16         0.44         0.62         0.40         0.19         0.26         0.41         0.21
        0.06         0.54         0.74         0.82         0.41         0.27         0.40         0.19         0.37
        0.17         0.08         0.37         0.63         0.81         0.31         0.26         0.39         0.35
        0.12         0.12         0.21         0.29         0.54         0.21         0.44         0.49         0.52
        0.04         0.42         0.11         0.62         0.68         0.32         0.54         0.76         0.48
        0.07         0.10         0.42         0.19         0.29         0.38         0.54         0.68         0.59
        0.28         0.32         0.35         0.49         0.19         0.23         0.86         0.60         0.47
        0.35         0.26         0.29         0.38         0.64         0.51         0.46         0.21         0.67
        0.37         0.16         0.42         0.64         0.37         0.19         0.27         0.25         0.31
        0.41         0.36         0.81         0.88         0.50         0.41         0.20         0.12         0.28
        0.51         0.75         0.87         1.47         0.83         0.68         0.09         0.17         0.42
    604800      9     13
        0.03         0.04         0.10         0.07         0.07         0.05         0.06         0.05         0.03
        0.09         0.06         0.12         0.07         0.08         0.05         0.05         0.13         0.05
        0.05         0.05         0.11         0.06         0.04         0.06         0.15         0.09         0.04
        0.02         0.08         0.15         0.55         0.40         0.16         0.08         0.02         0.31
        0.07         0.12         0.12         0.38         0.70         0.05         0.02         0.12         0.38
        0.03         0.07         0.10         0.08         0.37         0.04         0.02         0.09         0.30
        0.08         0.05         0.02         0.10         0.05         0.06         0.04         0.03         0.07
        0.03         0.00         0.03         0.02         0.04         0.02         0.03         0.06         0.04
        0.02         0.08         0.05         0.04         0.05         0.02         0.12         0.06         0.04
        0.10         0.02         0.02         0.04         0.07         0.04         0.03         0.05         0.05
        0.02         0.07         0.14         0.17         0.08         0.07         0.16         0.02         0.14
        0.03         0.11         0.35         0.53         0.32         0.31         0.12         0.07         0.13
        0.07         0.22         0.41         0.31         0.24         0.53         0.13         0.04         0.10
    691200      9     13
        0.08         0.14         0.15         0.09         0.18         0.12         0.09         0.21         0.23
        0.10         0.10         0.13         0.12         0.20         0.13         0.11         0.21         0.04
        0.03         0.03         0.14         0.06         0.03         0.03         0.22         0.18         0.04
        0.01         0.11         0.19         0.81         0.27         0.12         0.03         0.03         0.22
        0.02         0.02         0.08         0.29         0.79         0.08         0.06         0.14         0.17
        0.02         0.01         0.08         0.05         0.32         0.05         0.04         0.06         0.18
        0.04         0.03         0.04         0.02         0.04         0.08         0.04         0.03         0.13
        0.04         0.00         0.03         0.01         0.02         0.00         0.01         0.01         0.03
        0.01         0.05         0.02         0.03         0.01         0.01         0.07         0.23         0.35
        0.05         0.02         0.03         0.03         0.07         0.22         0.03         0.10         0.21
        0.01         0.08         0.06         0.09         0.08         0.10         0.10         0.09         0.04
        0.02         0.05         0.33         0.36         0.08         0.27         0.11         0.06         0.06
        0.28         0.22         0.31         0.23         0.25         0.34         0.11         0.03         0.02
    777600      9     13
        0.08         0.05         0.17         0.76         0.27         0.13         0.17         0.20         0.30
        0.12         0.05         0.25         0.56         0.51         0.32         0.20         0.17         0.06
        0.13         0.12         0.46         0.23         0.31         0.38         0.27         0.13         0.11
        0.05         0.25         0.79         0.62         0.34         0.25         0.15         0.12         0.42
        0.04         0.44         0.46         0.77         0.82         0.17         0.04         0.33         0.43
        0.20         0.22         0.21         0.58         0.76         0.55         0.50         0.54         0.94
        0.25         0.65         0.05         0.60         0.30         0.13         0.54         0.85         0.99
        0.22         0.18         0.45         0.05         0.05         0.17         0.43         0.41         0.50
        0.16         0.17         0.07         0.20         0.16         0.20         0.21         0.54         0.37
        0.12         0.24         0.30         0.19         0.29         0.31         0.12         0.39         0.49
        0.01         0.32         0.19         0.38         0.23         0.15         0.36         0.29         0.38
        0.03         0.28         0.33         0.33         0.17         0.11         0.21         0.16         0.29
        0.11         0.42         0.36         0.32         0.16         0.25         0.08         0.05         0.03
    864000      9     13
        0.66         0.77         0.76         0.52         0.64         0.51         0.88         0.33         0.61
        0.45         0.54         0.53         0.40         0.60         0.23         0.24         0.46         0.23
        0.39         0.48         0.56         0.16         0.08         0.28         0.15         0.20         0.18
        0.24         0.64         0.77         0.60         0.46         0.30         0.39         0.40         0.42
        0.31         0.54         0.59         0.48         0.92         0.43         0.55         0.45         0.70
        0.43         0.51         0.59         0.39         0.50         0.42         0.65         0.48         0.76
        0.27         0.30         0.31         0.22         0.34         0.60         0.52         0.38         0.55
        0.19         0.27         0.22         0.08         0.24         0.31         0.12         0.36         0.28
        0.40         0.38         0.13         0.38         0.19         0.50         0.32         0.60         0.40
        0.27         0.50         0.52         0.32         0.44         0.07         0.53         0.26         0.38
        0.35         0.45         0.57         0.34         0.37         0.12         0.33         0.43         0.44
        0.53         0.45         0.14         0.45         0.35         0.30         0.36         0.48         0.55
        0.66         0.36         0.54         0.25         0.54         0.36         0.36         0.50         0.50
    950400      9     13
        0.82         0.85         1.04         0.58         0.55         0.41         0.63         0.64         0.90
        0.95         0.76         0.42         0.42         0.69         0.59         0.84         0.99         0.38
        0.53         0.63         0.67         0.60         0.65         0.53         0.45         0.64         0.26
        0.82         0.76         0.54         0.73         0.47         0.32         0.62         0.66         0.50
        0.27         0.27         0.51         0.71         0.47         0.46         0.65         0.43         0.52
        0.62         1.25         0.59         0.50         0.80         0.41         0.34         0.46         0.80
        0.57         0.55         0.69         0.79         0.66         0.39         0.45         0.67         0.44
        0.45         0.50         0.94         0.74         0.72         0.28         0.66         0.89         0.53
        0.19         0.39         0.39         0.62         0.48         0.39         0.46         0.79         0.77
        0.30         0.26         0.59         0.37         0.22         0.29         0.71         0.96         0.70
        0.29         0.48         0.56         0.19         0.47         0.36         0.75         0.41         0.30
        0.25         0.32         0.47         0.46         0.32         0.33         0.47         0.32         0.51
        0.25         0.68         0.64         0.78         0.55         0.40         0.62         0.33         0.82
   1036800      9     13
        0.70         0.66         0.59         0.35         0.46         0.34         0.42         0.30         0.35
        0.35         0.39         0.18         0.49         0.88         0.17         0.32         0.21         0.04
        0.15         0.09         0.52         0.63         0.38         0.26         0.45         0.19         0.09
        0.12         0.34         0.52         0.68         0.30         0.28         0.19         0.21         0.38
        0.12         0.12         0.36         0.38         0.49         0.18         0.30         0.35         0.32
        0.08         0.06         0.26         0.29         0.29         0.43         0.37         0.46         0.39
        0.09         0.12         0.11         0.22         0.12         0.14         0.43         0.36         0.43
        0.20         0.23         0.41         0.05         0.16         0.24         0.18         0.36         0.52
        0.10         0.06         0.12         0.22         0.04         0.46         0.19         0.47         0.63
        0.12         0.17         0.11         0.11         0.36         0.17         0.34         0.50         0.44
        0.06         0.14         0.13         0.07         0.32         0.07         0.34         0.25         0.30
        0.10         0.11         0.22         0.21         0.06         0.16         0.15         0.02         0.23
        0.29         0.32         0.40         0.31         0.36         0.28         0.13         0.32         0.04
   1123200      9     13
        0.77         1.53         1.62         1.61         1.61         1.09         0.99         0.90         1.32
        1.13         0.80         0.53         0.96         1.08         0.88         0.98         1.19         1.13
        0.60         0.89         1.11         0.77         0.44         0.43         0.51         0.99         0.52
        0.29         0.91         0.38         0.65         0.38         0.22         0.45         0.44         0.73
        0.26         0.62         0.67         0.70         0.65         0.15         0.42         0.59         1.05
        0.58         0.59         0.58         0.70         0.36         0.20         0.50         0.44         0.62
        0.59         0.69         0.28         0.54         0.26         0.33         0.43         0.59         0.48
        1.02         0.43         0.41         0.09         0.50         0.12         0.49         0.51         1.10
        0.31         0.28         0.05         0.08         0.17         0.29         0.53         0.43         0.47
        0.06         0.05         0.08         0.04         0.16         0.09         0.55         0.87         0.78
        0.07         0.26         0.10         0.05         0.07         0.04         0.15         0.33         0.33
        0.08         0.05         0.09         0.20         0.12         0.05         0.14         0.18         0.48
        0.06         0.72         0.61         0.49         0.22         0.34         0.11         0.13         0.47
   1209600      9     13
        0.66         0.62         0.56         1.01         0.66         0.75         0.89         0.91         0.89
        0.53         0.70         0.30         0.55         0.50         0.44         0.63         0.73         0.64
        0.33         0.45         0.75         0.61         0.28         0.34         0.35         0.84         0.64
        0.18         0.55         0.87         1.09         0.55         0.46         0.69         0.54         0.44
        0.37         0.63         0.45         0.36         0.41         0.44         0.76         0.91         0.94
        0.50         0.43         0.66         0.68         0.27         0.29         0.80         0.87         1.06
        0.51         0.52         0.27         0.59         0.43         0.39         0.53         0.48         0.94
        0.47         0.27         0.58         0.14         0.60         0.18         0.25         0.54         0.71
        0.46         0.67         0.41         0.48         0.20         0.48         0.30         0.50         0.48
        0.55         0.49         0.58         0.50         0.25         0.69         0.37         0.70         0.34
        0.60         0.87         0.64         0.36         0.11         0.13         0.43         0.32         0.25
        0.74         0.82         0.31         0.26         0.07         0.16         0.28         0.15         0.41
        0.47         0.39         0.69         0.33         0.24         0.70         0.24         0.41         0.50