         0      9     13
        1.21         1.00         0.93         0.99         0.70         0.84         0.57         0.71         0.71
        1.39         1.61         1.98         1.19         0.81         0.61         0.61         0.58         0.57
        1.21         1.36         1.35         1.19         0.63         0.38         0.41         0.31         0.57
        1.34         1.87         1.54         1.11         1.10         0.73         0.66         0.66         0.79
        1.01         1.86         1.94         2.65         1.95         1.16         1.03         1.26         1.30
        1.17         2.00         1.58         1.63         2.06         1.43         0.58         0.88         0.93
        1.41         1.20         1.48         1.68         1.38         0.82         1.50         0.78         1.23
        1.34         0.99         1.25         1.29         1.09         1.27         1.50         1.96         0.98
        0.72         0.83         1.39         1.40         0.77         0.91         1.39         1.59         1.73
        0.72         1.11         1.24         1.10         1.20         0.62         2.23         1.62         1.25
        0.53         0.79         0.99         0.55         0.31         0.35         0.32         0.62         0.74
        0.19         0.61         1.07         1.10         0.84         0.59         0.48         0.75         0.23
        0.19         0.16         0.48         0.62         0.82         1.24         0.35         0.29         0.38
     86400      9     13
        0.94         1.13         1.15         1.20         0.75         0.47         0.42         0.78         1.01
        0.60         1.57         0.70         0.80         0.67         0.65         0.58         0.91         0.86
        0.77         0.82         0.86         0.42         1.11         0.34         0.69         0.46         1.42
        0.31         0.83         1.02         0.24         0.90         0.57         0.42         0.66         0.78
        0.56         0.54         1.01         0.33         0.64         0.33         0.60         0.83         0.72
        0.68         1.03         0.71         0.43         0.29         0.38         0.65         0.60         0.79
        0.28         0.57         1.03         0.72         0.68         0.79         0.35         0.35         0.73
        0.45         0.81         0.35         0.32         0.53         0.61         1.16         0.99         0.79
        0.64         0.34         1.13         0.66         0.30         0.42         0.45         0.56         0.71
        0.82         0.76         0.47         0.56         0.67         1.31         1.21         0.54         0.83
        0.91         0.61         0.75         0.35         0.27         0.36         0.41         0.86         0.27
        0.22         0.93         0.56         0.40         0.23         0.22         0.31         0.71         0.42
        0.32         0.47         0.47         0.48         0.36         1.16         0.27         0.24         0.22
    172800      9     13
        0.31         0.60         0.58         0.34         0.30         0.21         0.46         0.20         0.25
        0.84         0.65         0.28         0.39         0.23         0.19         0.35         0.46         0.15
        0.29         0.53         0.54         0.23         0.21         0.25         0.48         0.11         0.13
        0.36         0.54         0.27         0.48         0.35         0.28         0.34         0.25         0.53
        0.07         0.57         0.22         0.36         0.89         0.28         0.37         0.38         0.68
        0.20         0.16         0.26         0.38         0.53         0.20         0.45         0.57         0.55
        0.20         0.34         0.09         0.28         0.21         0.23         0.46         0.32         0.36
        0.36         0.27         0.33         0.14         0.05         0.16         0.09         0.28         0.68
        0.18         0.20         0.52         0.19         0.10         0.20         0.23         0.21         0.32
        0.35         0.25         0.16         0.05         0.15         0.22         0.34         0.13         0.24
        0.91         0.32         0.31         0.24         0.26         0.11         0.27         0.14         0.32
        0.20         0.32         0.19         0.22         0.11         0.26         0.42         0.19         0.23
        0.49         0.42         0.39         0.18         0.16         0.88         0.10         0.32         0.61
    259200      9     13
        0.25         0.54         0.26         0.52         0.24         0.19         0.64         0.33         0.37
        0.45         0.28         0.18         0.24         0.09         0.17         0.21         0.23         0.16
        0.30         0.33         0.18         0.19         0.22         0.18         0.19         0.30         0.09
        0.06         0.20         0.30         0.65         0.19         0.16         0.21         0.38         0.27
        0.07         0.28         0.28         0.63         0.64         0.16         0.27         0.36         0.45
        0.08         0.14         0.34         0.59         0.65         0.28         0.33         0.43         0.39
        0.21         0.59         0.12         0.57         0.35         0.29         0.67         0.24         0.33
        0.20         0.24         0.29         0.16         0.20         0.10         0.18         0.26         0.53
        0.13         0.17         0.42         0.43         0.06         0.24         0.15         0.22         0.28
        0.17         0.22         0.36         0.42         0.11         0.11         0.14         0.06         0.22
        0.39         0.62         0.40         0.19         0.08         0.11         0.18         0.23         0.32
        0.14         0.26         0.32         0.62         0.30         0.56         0.19         0.20         0.11
        0.15         0.43         0.12         0.32         0.14         0.86         0.04         0.14         0.50
    345600      9     13
        0.05         0.10         0.06         0.17         0.35         0.27         0.17         0.13         0.07
        0.13         0.15         0.11         0.18         0.24         0.12         0.08         0.12         0.07
        0.17         0.16         0.33         0.26         0.11         0.08         0.18         0.17         0.09
        0.06         0.10         0.25         0.37         0.14         0.12         0.13         0.07         0.13
        0.12         0.24         0.16         0.40         0.44         0.23         0.11         0.16         0.17
        0.17         0.17         0.17         0.25         0.33         0.28         0.08         0.12         0.26
        0.18         0.53         0.12         0.20         0.15         0.12         0.23         0.23         0.31
        0.21         0.11         0.15         0.20         0.08         0.10         0.18         0.20         0.23
        0.14         0.17         0.38         0.41         0.11         0.09         0.29         0.36         0.26
        0.19         0.16         0.16         0.14         0.25         0.13         0.13         0.08         0.16
        0.05         0.40         0.37         0.35         0.14         0.25         0.14         0.30         0.14
        0.12         0.15         0.29         0.37         0.35         0.13         0.25         0.36         0.22
        0.47         0.40         0.28         0.29         0.35         1.05         0.17         0.15         0.23
    432000      9     13
        0.03         0.14         0.16         0.45         0.24         0.17         0.33         0.22         0.26
        0.16         0.15         0.12         0.26         0.19         0.24         0.11         0.17         0.34
        0.22         0.19         0.22         0.04         0.07         0.10         0.23         0.30         0.31
        0.03         0.15         0.16         0.51         0.23         0.18         0.14         0.54         0.46
        0.08         0.18         0.22         0.29         0.33         0.16         0.23         0.45         0.54
        0.09         0.21         0.17         0.21         0.14         0.13         0.19         0.48         0.65
        0.12         0.13         0.11         0.24         0.15         0.12         0.28         0.49         0.33
        0.17         0.12         0.14         0.16         0.17         0.09         0.05         0.29         0.47
        0.30         0.23         0.09         0.14         0.04         0.06         0.18         0.24         0.54
        0.20         0.28         0.08         0.09         0.13         0.23         0.08         0.06         0.31
        0.33         0.41         0.21         0.15         0.14         0.15         0.12         0.09         0.15
        0.32         0.18         0.34         0.16         0.09         0.09         0.15         0.10         0.07
        0.04         0.28         0.29         0.12         0.14         0.44         0.14         0.08         0.11
    518400      9     13
        0.51         0.22         0.54         0.20         0.30         0.24         0.15         0.15         0.40
        0.17         0.20         0.21         0.29         0.34         0.17         0.06         0.23         0.39
        0.17         0.07         0.35         0.20         0.22         0.12         0.12         0.54         0.44
        0.06         0.25         0.33         0.51         0.16         0.15         0.27         0.33         0.43
        0.08         0.14         0.05         0.58         0.67         0.14         0.43         0.63         0.70
        0.03         0.07         0.10         0.10         0.30         0.14         0.17         0.57         0.75
        0.23         0.13         0.11         0.04         0.20         0.08         0.25         0.59         0.69
        0.16         0.09         0.10         0.11         0.08         0.05         0.26         0.52         0.36
        0.09         0.17         0.17         0.16         0.06         0.08         0.15         0.26         0.12
        0.10         0.19         0.51         0.41         0.12         0.02         0.08         0.24         0.16
        0.51         0.39         0.34         0.33         0.13         0.13         0.12         0.12         0.10
        0.09         0.09         0.36         0.67         0.13         0.26         0.21         0.15         0.06
        0.02         0.08         0.40         0.39         0.31         0.66         0.12         0.19         0.13
    604800      9     13
        0.62         0.31         0.65         0.66         0.43         0.42         0.28         0.84         0.56
        0.26         0.20         0.21         0.21         0.22         0.25         0.41         0.38         0.78
        0.18         0.24         0.08         0.09         0.22         0.19         0.30         0.49         0.42
        0.07         0.21         0.25         0.35         0.30         0.19         0.37         0.32         0.31
        0.04         0.09         0.15         0.40         0.50         0.18         0.43         0.41         0.22
        0.02         0.06         0.10         0.10         0.27         0.10         0.31         0.49         0.51
        0.05         0.06         0.10         0.08         0.24         0.04         0.41         0.22         0.49
        0.04         0.09         0.09         0.10         0.04         0.02         0.03         0.15         0.27
        0.20         0.17         0.28         0.12         0.05         0.02         0.01         0.08         0.19
        0.19         0.30         0.26         0.13         0.08         0.01         0.03         0.09         0.15
        0.03         0.16         0.11         0.12         0.04         0.07         0.06         0.19         0.04
        0.06         0.04         0.32         0.28         0.16         0.10         0.09         0.17         0.28
        0.12         0.19         0.37         0.40         0.24         0.52         0.20         0.31         0.08
    691200      9     13
        1.16         1.02         0.86         0.97         1.35         1.81         2.19         1.04         1.41
        1.04         1.63         1.32         1.10         1.68         2.57         2.13         1.52         1.68
        1.03         1.05         1.43         1.31         1.33         0.94         1.18         1.77         1.17
        0.74         1.53         1.10         1.42         0.75         1.10         1.66         1.29         1.00
        0.81         1.22         1.00         1.18         1.25         0.84         1.13         0.87         1.86
        0.49         1.02         0.80         1.07         1.45         0.64         0.77         1.08         1.70
        0.72         1.00         0.83         0.87         0.85         0.44         1.15         0.77         1.31
        0.49         0.61         0.44         0.53         0.66         0.57         0.84         1.02         0.79
        0.48         0.40         0.49         0.36         0.25         0.29         0.49         0.54         0.63
        0.46         0.18         0.13         0.05         0.05         0.20         0.28         0.46         0.25
        0.42         0.23         0.11         0.11         0.14         0.15         0.14         0.31         0.67
        0.41         0.18         0.43         0.56         0.16         0.17         0.23         0.19         0.16
        0.14         0.67         0.54         0.45         0.35         0.86         0.21         0.10         0.05
    777600      9     13
        1.13         0.82         0.87         1.06         0.68         0.87         1.27         1.10         0.76
        1.63         1.73         1.44         2.07         1.62         1.08         0.49         0.31         0.44
        1.57         1.60         1.38         2.03         1.60         0.83         0.62         0.74         0.52
        0.94         1.96         1.37         2.08         1.40         0.79         0.67         0.79         0.54
        0.98         1.92         1.67         3.00         1.99         1.31         1.66         0.84         0.84
        0.78         1.57         1.37         1.80         2.48         1.13         1.83         1.07         0.93
        1.35         1.69         1.12         1.50         2.24         0.92         1.26         1.02         1.45
        1.59         1.33         1.11         1.12         0.73         0.62         1.35         1.06         0.83
        0.94         0.92         1.03         1.42         0.50         0.30         0.86         0.81         0.53
        0.95         1.00         1.21         1.50         0.54         0.37         1.29         0.52         0.59
        0.43         0.54         1.48         0.85         0.33         0.40         0.41         1.17         0.75
        0.08         0.93         1.10         0.75         0.29         0.40         0.37         0.54         0.41
        0.43         1.08         1.32         1.07         0.68         0.92         0.21         0.13         0.31
    864000      9     13
        0.07         0.06         0.28         0.12         0.12         0.11         0.07         0.30         0.12
        0.11         0.19         0.10         0.37         0.20         0.08         0.15         0.10         0.08
        0.09         0.09         0.25         0.24         0.16         0.13         0.09         0.23         0.11
        0.27         0.44         0.36         0.26         0.23         0.50         0.22         0.11         0.20
        0.37         0.43         0.52         0.37         0.93         0.52         0.36         0.35         0.73
        0.46         0.71         0.35         0.72         0.59         0.36         0.68         0.52         0.21
        0.48         0.85         0.44         0.34         0.57         0.44         0.23         0.33         0.31
        0.91         0.89         0.61         0.56         0.43         0.43         0.32         0.28         0.17
        1.17         0.82         1.06         0.69         0.32         0.32         0.25         0.78         0.22
        0.82         0.58         0.62         0.97         0.28         0.14         0.58         0.29         0.52
        0.51         0.66         1.13         0.83         0.34         0.49         0.65         0.68         0.56
        0.38         0.86         1.06         0.94         0.72         0.98         0.56         1.29         0.59
        0.56         0.82         0.81         1.25         0.90         1.69         0.57         0.49         0.53
    950400      9     13
        0.24         0.36         0.37         0.47         0.58         0.79         0.85         0.98         1.16
        0.24         0.28         0.28         0.33         0.44         0.54         0.58         0.71         0.87
        0.17         0.20         0.31         0.33         0.36         0.42         0.51         0.68         0.66
        0.10         0.17         0.28         0.68         0.54         0.40         0.42         0.40         0.47
        0.08         0.16         0.14         0.37         0.40         0.29         0.14         0.28         0.47
        0.03         0.13         0.12         0.10         0.24         0.15         0.07         0.09         0.33
        0.19         0.14         0.07         0.11         0.11         0.04         0.02         0.03         0.06
        0.23         0.31         0.21         0.18         0.09         0.04         0.02         0.02         0.03
        0.20         0.40         0.96         0.38         0.08         0.09         0.03         0.05         0.04
        0.53         0.38         0.18         0.30         0.19         0.02         0.05         0.11         0.03
        0.18         0.38         0.34         0.39         0.12         0.23         0.10         0.14         0.13
        0.30         0.32         0.68         0.83         0.56         0.47         0.21         0.13         0.19
        0.23         0.43         0.51         1.12         0.45         1.12         0.25         0.11         0.15
   1036800      9     13
        2.33         2.38         2.12         2.10         2.72         2.60         2.26         2.23         2.49
        2.18         2.35         1.95         1.97         3.21         3.84         3.44         2.84         1.97
        1.44         1.63         1.52         1.88         1.68         1.72         1.94         1.39         1.45
        0.93         1.30         1.40         1.51         1.75         1.75         1.13         1.03         1.33
        0.77         0.95         0.96         1.29         1.77         1.18         0.73         0.78         1.14
        0.52         0.67         0.59         0.56         0.93         0.88         0.88         0.64         0.67
        0.37         0.49         0.39         0.38         0.41         0.48         0.65         0.54         0.58
        0.26         0.22         0.37         0.25         0.44         0.42         0.37         0.30         0.21
        0.17         0.25         0.41         0.29         0.37         0.19         0.40         0.16         0.17
        0.47         0.22         0.14         0.43         0.47         0.08         0.21         0.17         0.21
        0.11         0.36         0.37         0.44         0.30         0.26         0.19         0.16         0.15
        0.33         0.32         0.57         0.76         0.87         0.55         0.49         0.06         0.05
        0.31         0.61         0.79         0.87         0.92         1.06         0.44         0.24         0.32
   1123200      9     13
        1.10         1.11         0.69         0.45         0.68         0.74         0.65         0.56         0.53
        1.33         1.24         0.92         0.42         0.58         0.72         0.78         0.45         0.17
        0.86         0.69         0.75         0.72         0.62         0.59         0.62         0.35         0.49
        0.95         0.79         0.85         1.42         0.85         1.16         0.60         0.74         0.81
        0.70         0.72         0.93         1.08         1.21         0.88         0.71         0.91         0.66
        0.51         0.71         1.03         0.97         1.33         1.06         1.03         0.65         1.31
        0.60         0.75         0.75         1.11         1.45         0.74         1.07         0.93         1.60
        1.11         0.75         1.53         0.81         0.72         0.69         0.87         1.40         0.85
        0.69         1.00         0.98         0.88         0.30         0.40         0.68         0.58         0.66
        1.26         0.61         0.78         0.48         0.46         0.32         0.27         0.29         0.24
        0.78         0.54         0.27         0.38         0.35         0.22         0.21         0.20         0.16
        0.32         0.37         0.81         0.66         0.53         0.69         0.66         0.20         0.14
        0.40         0.22         0.41         0.86         1.00         0.90         0.24         0.11         0.11
   1209600      9     13
        0.73         0.35         0.29         0.28         0.69         0.35         0.56         0.46         0.42
        0.40         0.38         0.34         0.23         0.19         0.47         0.90         0.62         0.17
        0.38         0.24         0.17         0.71         0.12         0.29         0.71         0.54         0.32
        0.44         0.58         0.49         0.90         0.96         0.99         0.51         0.37         0.65
        0.38         0.39         0.44         1.30         1.43         0.37         1.07         0.48         0.75
        0.28         0.43         0.55         0.89         0.96         0.87         1.37         0.83         0.92
        0.52         0.43         0.49         0.45         0.88         0.88         0.70         0.92         1.17
        0.38         0.17         0.61         0.15         0.63         0.20         0.87         1.15         0.71
        0.30         0.49         0.73         0.81         0.36         0.60         0.14         0.37         0.90
        0.91         1.17         0.53         0.35         0.39         0.20         0.12         0.13         0.60
        0.60         0.76         1.17         0.71         0.39         0.36         0.10         0.19         0.22
        0.71         1.20         1.23         0.98         0.61         0.60         0.51         0.05         0.11
        0.51         1.17         0.78         0.92         0.91         1.61         0.91         0.15         0.04