         0      9     13
        0.57         0.92         0.43         0.31         0.16         0.10         0.25         0.16         0.20
        0.72         1.17         0.17         0.52         0.11         0.60         0.44         0.20         0.06
        0.52         1.06         0.37         0.20         0.08         0.07         0.40         0.05         0.34
        0.15         0.75         0.44         0.40         0.18         0.06         0.25         0.04         0.18
        0.10         0.25         0.12         0.49         0.22         0.39         0.36         0.19         0.41
        0.08         0.09         0.08         0.11         0.05         0.12         0.16         0.25         0.69
        0.11         0.04         0.12         0.12         0.07         0.10         0.24         0.32         0.49
        0.06         0.04         0.12         0.05         0.11         0.09         0.22         0.42         0.56
        0.07         0.09         0.14         0.11         0.11         0.19         0.45         0.23         0.57
        0.29         0.30         0.15         0.14         0.47         0.79         0.27         0.25         0.45
        0.56         0.24         0.39         0.08         0.06         0.08         0.17         0.16         0.17
        0.59         0.14         0.49         0.25         0.03         0.14         0.12         0.17         0.48
        0.11         0.27         0.23         0.07         0.12         0.90         0.07         0.31         0.23
     86400      9     13
        1.03         0.71         0.17         0.23         0.14         0.27         0.26         0.12         0.50
        0.46         0.24         0.18         0.25         0.29         0.46         0.33         0.30         0.33
        0.34         0.59         0.35         0.35         0.21         0.40         0.28         0.50         0.18
        0.16         0.43         0.48         0.75         0.28         0.38         0.47         0.45         0.27
        0.14         0.31         0.30         0.35         0.45         0.32         0.43         0.35         0.19
        0.44         0.29         0.60         0.34         0.34         0.40         0.55         0.30         0.34
        0.36         0.37         0.56         0.36         0.38         0.35         0.47         0.21         0.23
        0.44         0.33         0.30         0.27         0.39         0.36         0.27         0.45         0.31
        0.29         0.27         0.45         0.35         0.50         0.24         0.15         0.22         0.49
        0.29         0.34         0.32         0.07         0.34         0.16         0.20         0.32         0.29
        0.26         0.13         0.06         0.22         0.24         0.28         0.54         0.61         0.15
        0.02         0.06         0.20         0.35         0.57         0.18         0.46         0.52         0.26
        0.14         0.05         0.16         0.48         0.54         0.29         0.30         0.55         0.29
    172800      9     13
        0.37         1.10         0.24         0.19         0.22         0.07         0.26         0.28         0.15
        0.30         0.21         0.12         0.13         0.20         0.19         0.25         0.32         0.06
        0.28         0.21         0.13         0.14         0.05         0.32         0.34         0.22         0.27
        0.05         0.58         0.18         0.57         0.17         0.26         0.31         0.20         0.26
        0.10         0.26         0.13         0.30         0.12         0.29         0.57         0.60         0.39
        0.03         0.20         0.37         0.21         0.09         0.21         0.35         0.30         0.73
        0.11         0.13         0.10         0.12         0.13         0.26         0.20         0.35         0.40
        0.04         0.04         0.25         0.05         0.11         0.15         0.10         0.27         0.49
        0.08         0.19         0.20         0.19         0.07         0.27         0.11         0.09         0.37
        0.05         0.03         0.04         0.04         0.45         0.19         0.27         0.13         0.53
        0.08         0.10         0.18         0.22         0.05         0.34         0.25         0.38         0.88
        0.07         0.07         0.18         0.30         0.49         0.36         0.61         0.05         0.58
        0.21         0.03         0.08         0.47         0.69         0.17         0.39         0.31         0.29
    259200      9     13
        0.46         0.37         0.39         0.14         0.36         0.24         0.28         0.21         0.22
        0.45         0.44         0.46         0.30         0.24         0.33         0.23         0.25         0.36
        0.62         0.38         0.32         0.29         0.17         0.39         0.65         0.26         0.36
        0.18         0.52         0.24         0.43         0.32         0.18         0.13         0.23         0.15
        0.21         0.28         0.32         0.23         0.41         0.41         0.17         0.13         0.16
        0.19         0.26         0.32         0.08         0.30         0.10         0.13         0.23         0.25
        0.32         0.07         0.25         0.04         0.22         0.10         0.20         0.19         0.32
        0.08         0.10         0.20         0.15         0.13         0.07         0.17         0.28         0.15
        0.24         0.18         0.13         0.40         0.31         0.12         0.05         0.16         0.18
        0.12         0.13         0.16         0.24         0.97         0.15         0.05         0.11         0.23
        0.10         0.16         0.35         0.54         0.17         0.13         0.08         0.14         0.08
        0.20         0.17         0.28         0.15         0.25         0.09         0.41         0.21         0.05
        0.33         0.29         0.12         0.27         0.46         0.28         0.12         0.07         0.04
    345600      9     13
        0.31         0.49         0.36         0.15         0.19         0.24         0.11         0.38         0.44
        0.62         0.22         0.21         0.28         0.26         0.28         0.23         0.28         0.63
        0.54         0.22         0.22         0.14         0.52         0.79         0.20         0.40         0.39
        0.29         0.20         0.65         0.43         0.54         0.10         0.32         0.29         0.25
        0.31         0.18         0.40         0.49         0.34         0.60         0.12         0.43         0.24
        0.17         0.16         0.18         0.64         0.52         0.20         0.63         0.25         0.54
        0.22         0.28         0.32         0.32         0.58         0.21         0.32         0.55         0.17
        0.15         0.51         0.26         0.50         0.40         0.48         0.69         0.24         0.46
        0.47         0.30         0.22         0.34         0.11         0.64         0.55         0.30         0.41
        0.25         0.41         0.40         0.22         0.53         0.21         0.19         0.44         0.34
        0.11         0.51         0.51         0.42         0.26         0.47         0.29         0.34         0.38
        0.11         0.14         0.18         0.20         0.19         0.07         0.30         0.16         0.17
        0.13         0.32         0.45         0.31         0.59         0.17         0.22         0.47         0.15
    432000      9     13
        0.12         0.21         0.31         0.33         0.32         0.35         0.14         0.11         0.39
        0.05         0.16         0.25         0.44         0.55         0.22         0.08         0.18         0.26
        0.07         0.30         0.30         0.27         0.83         0.16         0.15         0.44         0.34
        0.07         0.21         0.32         0.18         0.47         0.20         0.12         0.55         0.59
        0.17         0.08         0.20         0.30         0.50         0.33         0.24         0.43         0.42
        0.03         0.03         0.12         0.57         0.49         0.27         0.28         0.42         0.68
        0.14         0.22         0.24         0.35         0.35         0.13         0.36         0.43         0.39
        0.07         0.16         0.37         0.32         0.17         0.21         0.48         0.49         0.40
        0.16         0.26         0.28         0.63         0.31         0.25         0.34         0.33         0.28
        0.10         0.28         0.57         0.32         0.08         0.09         0.26         0.41         0.17
        0.04         0.26         0.46         0.39         0.14         0.15         0.09         0.51         0.29
        0.10         0.31         0.92         0.46         0.32         0.35         0.18         0.35         0.38
        0.05         0.11         0.48         0.27         0.36         0.19         0.15         0.30         0.24
    518400      9     13
        0.31         0.55         0.39         0.46         0.23         0.20         0.22         0.38         0.28
        0.42         0.31         0.17         0.14         0.49         0.20         0.24         0.18         0.07
        0.41         0.39         0.44         0.19         0.48         0.07         0.10         0.09         0.23
        0.26         0.37         0.17         0.30         0.40         0.11         0.30         0.16         0.36
        0.06         0.33         0.25         0.28         0.31         0.38         0.25         0.44         0.47
        0.12         0.21         0.30         0.32         0.51         0.27         0.50         0.40         0.24
        0.17         0.19         0.45         0.39         0.37         0.14         0.28         0.34         0.35
        0.16         0.38         0.43         0.21         0.17         0.30         0.46         0.29         0.35
        0.30         0.42         0.12         0.34         0.07         0.45         0.36         0.42         0.53
        0.29         0.52         0.66         0.23         0.16         0.17         0.36         0.46         0.25
        0.32         0.48         0.71         0.23         0.10         0.08         0.14         0.13         0.14
        0.28         0.69         0.28         0.15         0.07         0.08         0.14         0.09         0.30
        0.13         0.29         0.69         0.23         0.22         0.04         0.06         0.16         0.08
    604800      9     13
        1.31         1.37         0.79         0.98         0.58         0.79         0.84         0.47         0.25
        0.83         1.01         0.93         0.59         0.61         0.57         0.55         0.35         0.34
        0.95         1.04         0.97         0.74         0.65         0.32         0.56         0.69         0.24
        0.92         0.54         0.80         0.91         0.75         0.48         0.56         0.73         0.47
        0.77         1.13         0.61         1.03         0.47         0.67         0.58         0.69         0.83
        0.66         1.09         0.37         0.65         0.65         0.43         0.76         0.68         1.00
        0.86         1.01         0.62         0.76         0.47         0.24         0.75         0.72         1.11
        0.81         1.20         0.59         0.51         0.19         0.46         1.01         0.87         1.14
        0.64         0.73         0.79         0.60         0.12         0.27         0.82         0.96         0.59
        0.58         0.51         0.91         0.57         0.39         0.10         0.47         0.56         0.83
        0.50         0.39         0.79         0.39         0.10         0.10         0.16         0.47         0.85
        0.60         0.71         0.52         0.84         0.11         0.41         0.12         0.73         0.74
        1.04         0.78         0.31         0.40         0.58         0.20         0.19         0.56         1.32
    691200      9     13
        0.73         0.72         0.67         0.70         0.45         0.78         0.51         0.51         0.56
        0.66         0.86         0.33         0.59         0.59         0.72         0.79         0.32         0.43
        0.83         0.44         0.36         0.21         0.35         0.32         0.47         0.61         0.59
        0.52         0.32         0.53         0.09         0.69         0.30         0.34         0.73         0.66
        0.39         0.20         0.16         0.05         0.20         0.67         0.90         0.71         1.07
        0.46         0.20         0.11         0.45         0.26         0.38         0.96         1.39         0.71
        0.52         0.27         0.13         0.37         0.23         0.32         0.60         0.96         1.17
        0.47         0.32         0.12         0.18         0.31         0.97         0.60         0.66         0.73
        0.28         0.14         0.14         0.31         0.30         0.65         0.66         0.55         0.67
        0.53         0.50         0.21         0.33         0.17         0.74         0.19         0.44         0.52
        1.04         1.04         0.98         0.48         0.23         0.46         0.16         0.45         0.48
        0.96         0.39         0.37         0.70         0.43         0.32         0.25         0.64         0.73
        0.94         1.65         0.52         0.39         0.95         0.32         0.28         0.48         0.80
    777600      9     13
        0.96         1.11         0.78         0.60         0.18         0.49         0.77         0.44         0.49
        0.80         0.96         0.64         0.69         0.09         0.17         0.49         0.88         0.92
        0.75         0.70         0.44         0.62         0.87         0.14         0.18         0.41         0.52
        0.78         0.46         0.81         0.20         0.33         0.25         0.47         0.61         0.51
        0.49         0.33         0.51         0.55         0.18         0.28         0.40         0.42         0.45
        0.61         0.48         0.29         0.64         0.47         0.40         0.54         0.67         0.69
        0.68         1.15         0.69         0.85         0.27         0.40         0.83         0.68         0.57
        1.17         0.91         0.53         0.48         0.26         0.62         0.52         0.80         0.57
        1.13         0.81         0.73         0.50         0.31         0.73         0.88         0.54         0.87
        0.89         0.86         1.05         1.35         0.72         0.91         1.15         0.75         0.72
        1.12         1.74         1.24         0.80         0.35         0.42         0.49         0.69         0.59
        0.91         1.41         1.10         1.20         0.36         0.87         0.50         1.00         1.22
        1.03         0.91         1.37         0.63         1.21         0.68         0.42         1.00         1.32
    864000      9     13
        1.53         0.75         0.63         0.43         0.52         0.67         0.33         0.23         0.72
        0.62         0.74         0.13         0.41         0.40         0.27         0.68         0.38         1.01
        0.36         0.35         0.49         0.28         0.97         0.32         0.36         0.36         0.95
        0.84         0.32         0.60         0.27         0.75         0.50         0.47         0.25         0.73
        0.98         0.23         0.40         0.43         0.30         0.52         0.41         0.21         0.19
        0.70         1.13         0.39         0.90         0.69         0.51         0.57         0.31         0.38
        0.44         0.94         0.79         1.08         0.92         0.54         0.88         0.32         0.63
        0.53         0.60         0.66         1.36         0.36         0.76         1.86         1.63         1.25
        0.67         0.70         0.33         0.60         0.27         0.32         1.64         1.77         1.76
        0.48         0.56         0.58         0.53         0.80         0.31         0.84         1.17         1.32
        0.69         0.69         0.97         0.82         0.39         0.94         0.87         0.73         0.89
        0.92         0.62         0.59         0.32         0.32         0.20         0.50         0.88         0.73
        1.08         0.67         0.36         0.38         0.81         0.15         0.31         0.80         0.44
    950400      9     13
        1.36         0.78         0.55         0.41         0.77         1.05         0.53         0.48         1.12
        0.50         1.39         0.42         0.79         0.67         0.81         0.86         0.22         0.58
        0.89         0.65         0.94         0.50         0.55         0.64         1.01         0.74         1.08
        1.06         0.27         1.07         0.32         0.86         0.47         0.41         0.88         1.37
        0.77         0.45         0.76         0.86         0.41         0.49         0.63         0.76         0.93
        0.28         0.89         0.60         1.07         1.26         0.73         0.65         0.63         0.75
        0.30         0.39         0.75         0.83         1.35         0.78         0.93         0.46         1.09
        0.26         0.39         0.59         0.81         0.86         1.03         1.02         1.11         1.11
        0.96         1.02         1.33         1.40         0.85         0.93         1.02         1.04         1.14
        0.78         0.89         0.69         0.92         1.04         0.96         0.24         0.47         1.43
        1.07         0.72         0.76         1.10         1.49         1.07         1.51         0.79         0.63
        0.99         0.85         0.49         0.40         0.49         1.26         1.60         1.05         0.82
        0.33         0.64         0.63         0.86         0.99         1.69         1.35         1.02         2.02
   1036800      9     13
        0.83         0.43         0.34         0.29         0.18         0.22         0.22         0.19         0.55
        0.35         0.50         0.12         0.22         0.28         0.20         0.20         0.22         0.16
        0.45         0.43         0.58         0.15         1.05         0.36         0.31         0.25         0.19
        0.23         0.50         1.00         0.38         0.92         0.63         0.55         0.25         0.90
        0.30         0.40         1.16         0.30         0.46         0.71         0.25         0.53         0.81
        0.57         0.16         0.42         0.53         0.68         0.52         0.49         0.31         0.38
        0.71         0.81         0.47         0.16         0.84         0.39         0.55         0.52         0.64
        1.15         0.24         1.07         1.10         0.59         0.49         0.69         0.39         0.53
        1.05         0.78         1.17         0.92         0.72         0.67         0.91         0.24         0.33
        1.40         1.01         1.45         0.63         0.67         0.44         0.67         1.06         0.24
        1.24         2.08         1.79         0.76         0.70         0.40         0.85         1.16         1.24
        0.63         1.11         1.37         1.79         1.16         1.47         1.45         0.56         1.20
        0.49         0.53         1.77         1.53         0.76         1.44         0.84         1.18         1.12
   1123200      9     13
        0.84         0.71         0.95         0.57         0.95         0.76         0.51         0.60         0.57
        1.17         0.68         0.45         0.84         1.06         1.36         0.76         0.85         0.39
        0.31         0.28         0.77         0.69         0.68         0.80         0.90         0.40         1.30
        0.12         0.45         0.55         0.38         0.90         0.65         0.31         1.07         0.90
        0.47         0.34         0.46         0.33         0.78         0.34         0.46         1.03         0.65
        0.33         0.76         0.48         0.17         0.52         0.69         0.25         0.29         0.37
        0.52         1.02         0.51         0.33         0.63         0.76         0.33         0.48         1.36
        0.42         0.38         0.58         0.37         0.42         0.41         0.41         0.45         0.56
        0.37         0.84         0.35         0.61         0.40         0.35         0.30         0.32         0.46
        0.62         0.59         0.74         0.61         0.58         0.15         0.49         0.22         0.97
        0.45         0.49         0.52         0.55         0.62         0.22         0.33         0.14         1.09
        0.64         0.49         0.31         0.65         0.48         0.35         0.25         0.46         0.39
        0.54         0.43         0.90         0.65         0.56         0.49         0.23         0.35         0.30
   1209600      9     13
        0.96         0.78         0.76         0.82         0.43         0.61         0.73         0.51         0.74
        0.53         0.95         0.64         0.44         0.46         0.57         0.49         0.63         0.50
        0.39         0.45         0.76         0.47         0.38         0.50         0.89         0.69         0.40
        0.22         0.45         0.95         0.76         0.93         0.84         0.71         0.34         0.36
        0.23         0.49         0.99         0.69         0.99         0.57         0.70         0.71         0.80
        0.34         0.38         0.44         0.59         0.73         0.83         0.78         0.45         0.74
        0.31         0.21         0.55         0.51         0.43         0.85         0.96         0.99         0.60
        0.47         0.43         0.34         0.76         0.40         0.71         0.65         0.52         0.84
        0.43         0.29         1.06         0.82         0.46         0.47         0.77         0.90         0.72
        0.42         0.43         0.37         0.69         0.30         0.11         0.47         0.44         0.81
        0.15         0.35         0.28         0.31         0.07         0.22         0.63         0.48         0.43
        0.86         0.51         0.48         0.51         0.54         0.48         0.42         0.34         0.70
        0.28         0.35         0.20         0.35         0.32         0.65         0.28         0.29         0.42