         0      9     13
        0.16         0.27         0.65         0.47         0.67         0.69         0.71         0.66         0.61
        0.15         0.24         0.24         0.25         0.36         0.21         0.24         0.52         0.50
        0.04         0.08         0.04         0.18         0.33         0.22         0.14         0.15         0.22
        0.00         0.05         0.00         0.15         0.21         0.30         0.14         0.26         0.33
        0.03         0.03         0.02         0.12         0.21         0.33         0.10         0.44         0.99
        0.02         0.01         0.09         0.27         0.26         0.39         0.23         0.26         0.72
        0.04         0.01         0.06         0.20         0.20         0.35         0.30         0.07         0.41
        0.10         0.01         0.09         0.13         0.42         0.30         0.31         0.25         0.27
        0.03         0.09         0.06         0.13         0.30         0.37         0.14         0.16         0.15
        0.03         0.04         0.02         0.06         0.09         0.20         0.22         0.25         0.28
        0.02         0.12         0.02         0.08         0.16         0.43         0.24         0.21         0.22
        0.04         0.02         0.01         0.01         0.11         0.03         0.18         0.10         0.27
        0.04         0.04         0.01         0.02         0.43         0.27         0.04         0.17         0.01
     86400      9     13
        0.39         0.55         0.58         1.28         0.62         0.47         0.29         0.07         0.07
        1.02         0.90         0.68         0.93         0.78         0.49         0.47         0.13         0.16
        0.92         0.86         0.79         0.63         0.55         0.26         0.27         0.31         0.30
        0.62         0.74         0.27         0.11         0.51         0.46         0.31         0.29         1.16
        0.96         0.97         0.28         0.23         0.35         0.40         0.39         0.71         0.47
        0.47         0.57         0.20         0.20         0.32         0.35         0.46         0.58         0.38
        0.63         0.41         0.20         0.26         0.23         0.35         0.70         0.50         0.34
        0.97         0.29         0.34         0.47         0.16         0.33         0.29         0.36         0.38
        0.77         0.91         0.74         0.63         0.27         0.26         0.37         0.34         0.52
        0.53         0.57         0.83         0.46         0.52         0.39         0.48         0.51         0.42
        0.61         0.54         0.93         0.81         0.29         0.44         0.26         0.84         0.51
        0.57         0.60         0.39         0.86         0.59         0.87         0.37         1.03         0.82
        0.65         0.83         0.71         0.58         0.88         0.85         0.34         0.55         0.74
    172800      9     13
        0.34         0.19         0.12         0.25         0.43         0.19         0.06         0.06         0.03
        0.46         0.16         0.33         0.23         0.24         0.32         0.17         0.13         0.19
        0.26         0.11         0.27         0.24         0.21         0.30         0.25         0.25         0.64
        0.37         0.16         0.25         0.16         0.37         0.68         0.31         0.13         0.55
        0.19         0.13         0.45         0.14         0.49         0.35         0.04         0.21         0.44
        0.34         0.58         0.25         0.09         0.14         0.11         0.02         0.03         0.13
        0.51         0.34         0.23         0.05         0.19         0.07         0.05         0.07         0.02
        0.25         0.44         0.14         0.27         0.08         0.07         0.10         0.02         0.01
        0.18         0.38         0.08         0.33         0.12         0.23         0.08         0.03         0.04
        0.40         0.23         0.39         0.15         0.25         0.12         0.15         0.10         0.05
        0.27         0.32         0.38         0.76         0.39         0.43         0.24         0.10         0.05
        0.19         0.44         0.53         0.21         0.55         0.63         0.51         0.09         0.06
        0.29         0.22         0.34         0.49         0.65         0.23         0.29         0.16         0.03
    259200      9     13
        0.75         0.36         0.30         0.46         0.58         0.43         0.41         0.25         0.30
        0.63         0.40         0.62         0.30         0.29         0.39         0.32         0.24         0.11
        0.31         0.49         0.59         0.34         0.31         0.22         0.09         0.10         0.19
        0.31         0.54         0.73         0.39         0.55         0.30         0.31         0.21         0.26
        0.60         0.42         0.40         0.44         0.44         0.32         0.31         0.33         0.24
        0.58         0.48         0.49         0.24         0.36         0.19         0.44         0.46         0.64
        0.43         0.30         0.34         0.30         0.33         0.42         0.47         0.75         0.49
        0.45         0.40         0.42         0.33         0.31         0.10         0.68         0.77         0.43
        0.34         0.47         0.25         0.49         0.18         0.39         0.29         0.63         0.49
        0.26         0.39         0.49         0.26         0.55         0.11         0.36         0.46         0.60
        0.28         0.36         0.35         0.66         0.22         0.28         0.46         0.33         0.38
        0.33         0.28         0.52         0.57         0.47         0.34         0.69         0.35         0.33
        0.31         0.40         0.72         0.50         0.92         0.23         0.76         0.65         0.50
    345600      9     13
        0.50         0.59         0.73         0.33         0.47         0.42         0.43         0.35         0.59
        0.42         0.58         0.33         0.16         0.37         0.41         0.36         0.28         0.34
        0.73         0.85         0.53         0.28         0.32         0.86         0.13         0.23         0.52
        0.36         0.44         0.73         0.36         0.74         0.45         0.44         0.57         0.61
        0.53         0.17         0.44         0.71         0.61         0.76         0.61         0.55         0.72
        0.50         0.27         0.59         0.56         0.83         0.89         0.72         0.52         1.01
        0.33         0.42         0.57         0.66         0.97         0.92         0.47         1.32         1.25
        0.57         0.51         0.80         0.94         1.11         0.52         0.85         1.16         1.85
        0.94         0.94         0.84         1.25         0.48         0.81         0.73         1.26         1.47
        0.96         1.02         0.93         0.66         1.04         0.69         0.25         0.90         0.95
        1.05         1.12         0.90         0.56         0.57         0.54         0.86         0.61         0.94
        0.67         1.04         0.81         1.02         0.74         0.41         0.72         0.73         0.89
        0.73         0.85         1.14         0.61         1.17         0.68         0.67         0.57         0.34
    432000      9     13
        0.51         0.76         0.82         0.23         0.76         1.15         1.05         0.76         0.76
        0.80         0.84         0.72         0.46         0.70         0.94         0.80         0.84         0.62
        0.61         0.72         0.89         0.71         0.36         0.75         0.81         0.75         0.72
        0.49         0.98         1.37         1.44         0.59         0.74         0.92         0.66         0.54
        1.02         0.80         0.80         0.64         0.82         0.60         0.87         0.70         1.04
        1.11         1.74         1.31         0.70         0.97         0.84         0.86         0.75         0.97
        1.28         0.84         1.30         0.84         0.89         0.72         0.58         1.23         1.01
        1.50         0.96         1.28         0.41         0.51         1.25         0.56         0.69         1.00
        1.41         1.19         1.42         1.13         0.38         1.27         0.80         0.54         0.98
        1.48         1.68         1.31         0.89         1.08         0.76         0.95         0.74         0.87
        1.56         1.37         1.27         0.93         0.64         0.77         0.87         0.42         0.75
        1.14         1.57         1.62         1.47         0.47         1.43         0.45         0.66         1.38
        1.31         1.63         1.36         1.12         0.98         1.15         1.05         1.18         1.09
    518400      9     13
        0.61         0.68         0.38         0.23         0.71         0.10         0.54         0.22         0.23
        0.65         0.75         0.51         0.40         0.42         0.34         0.69         0.20         0.22
        0.45         0.50         0.34         0.50         0.12         0.52         0.31         0.43         0.28
        0.60         0.94         0.53         0.72         0.42         0.31         0.31         0.22         0.52
        0.37         0.63         0.47         0.55         0.26         0.50         0.57         0.44         0.41
        0.47         0.43         0.31         0.34         0.09         0.32         0.43         0.52         0.48
        0.68         0.25         0.49         0.14         0.32         0.23         0.47         0.36         0.58
        0.58         0.43         0.47         0.13         0.16         0.11         0.24         0.40         0.25
        0.26         0.31         0.24         0.38         0.24         0.50         0.48         0.37         0.18
        0.67         0.49         0.30         0.51         0.39         0.72         0.13         0.17         0.24
        0.94         0.30         0.34         0.39         0.23         0.23         0.53         0.31         0.26
        0.44         0.27         0.67         0.54         0.11         0.40         0.19         0.18         0.37
        0.17         0.25         0.71         0.29         0.43         0.41         0.28         1.12         0.51
    604800      9     13
        0.15         0.19         0.31         0.21         0.42         0.05         0.36         0.08         0.40
        0.32         0.41         0.48         0.39         0.34         0.36         0.54         0.31         0.14
        0.11         0.23         0.29         0.34         0.38         0.30         0.30         0.25         0.13
        0.06         0.51         0.56         1.22         0.49         0.35         0.37         0.06         0.14
        0.13         0.31         0.46         0.33         0.71         0.57         0.37         0.10         0.15
        0.28         0.23         0.22         0.24         0.34         0.38         0.22         0.14         0.19
        0.26         0.30         0.62         0.18         0.11         0.24         0.10         0.12         0.09
        0.13         0.24         0.30         0.14         0.19         0.36         0.09         0.05         0.21
        0.14         0.08         0.07         0.31         0.20         0.31         0.24         0.33         0.28
        0.21         0.11         0.23         0.57         0.50         0.41         0.21         0.16         0.28
        0.37         0.12         0.09         0.15         0.13         0.31         0.56         0.26         0.10
        0.26         0.38         0.24         0.30         0.13         0.12         0.59         0.29         0.30
        0.37         0.19         0.16         0.31         0.50         0.28         0.55         0.52         0.16
    691200      9     13
        0.06         0.22         0.42         0.43         0.27         0.12         0.37         0.31         0.23
        0.20         0.42         0.44         0.43         0.41         0.18         0.63         0.54         0.10
        0.35         0.73         0.50         0.36         0.06         0.39         0.49         0.71         0.13
        0.29         0.66         0.49         1.02         0.25         0.33         0.42         0.42         0.56
        0.15         0.23         0.35         0.27         0.71         0.24         0.56         0.52         0.43
        0.06         0.40         0.20         0.20         0.27         0.21         0.47         0.37         0.48
        0.28         0.68         0.32         0.27         0.35         0.27         0.29         0.49         0.51
        0.43         0.51         0.49         0.13         0.25         0.13         0.27         0.45         0.23
        0.35         0.70         0.51         0.40         0.23         0.52         0.25         0.18         0.23
        0.35         0.55         0.43         0.25         0.43         0.24         0.38         0.11         0.19
        0.24         0.53         0.32         0.14         0.16         0.27         0.08         0.09         0.33
        0.31         0.75         0.63         0.28         0.12         0.35         0.07         0.12         0.91
        0.71         0.69         0.42         0.26         0.39         0.37         0.08         0.16         0.34
    777600      9     13
        0.31         0.68         0.25         0.45         0.32         0.26         0.43         0.36         0.30
        0.45         0.39         0.22         0.27         0.33         0.28         0.17         0.55         0.37
        0.24         0.15         0.26         0.22         0.16         0.48         0.34         0.56         0.27
        0.11         0.49         0.55         0.76         0.30         0.26         0.29         0.40         0.45
        0.18         0.16         0.30         0.29         0.42         0.22         0.27         0.67         0.38
        0.11         0.21         0.25         0.35         0.45         0.31         0.25         0.57         0.25
        0.16         0.21         0.18         0.24         0.24         0.18         0.42         0.31         0.34
        0.28         0.10         0.43         0.13         0.13         0.08         0.37         0.32         0.22
        0.15         0.15         0.36         0.18         0.08         0.14         0.21         0.12         0.17
        0.12         0.13         0.28         0.31         0.47         0.26         0.25         0.21         0.17
        0.28         0.33         0.37         0.16         0.18         0.19         0.27         0.20         0.28
        0.26         0.24         0.17         0.26         0.17         0.09         0.10         0.24         0.18
        0.29         0.68         0.24         0.33         0.39         0.69         0.10         0.19         0.31
    864000      9     13
        0.49         0.92         0.63         0.23         0.21         0.13         0.07         0.09         0.13
        0.33         0.42         0.29         0.31         0.13         0.18         0.22         0.21         0.07
        0.10         0.08         0.39         0.11         0.11         0.09         0.44         0.43         0.12
        0.02         0.12         0.29         0.67         0.39         0.20         0.22         0.19         0.50
        0.41         0.24         0.49         0.99         1.19         0.25         0.16         0.36         0.62
        0.25         0.50         0.61         0.76         1.02         0.34         0.68         1.03         0.59
        0.51         0.70         0.25         0.47         0.34         0.26         0.66         0.82         0.80
        0.38         0.19         0.45         0.07         0.26         0.48         0.52         0.93         0.65
        0.34         0.11         0.30         0.34         0.16         0.28         0.35         0.37         0.80
        0.24         0.25         0.24         0.49         0.57         0.23         0.20         0.20         0.40
        0.61         0.43         0.29         0.31         0.37         0.26         0.52         0.47         0.50
        0.09         0.42         1.06         1.18         0.65         0.24         0.39         0.25         0.12
        0.37         1.06         0.97         1.10         0.60         0.69         0.15         0.23         0.28
    950400      9     13
        0.20         0.09         0.19         0.14         0.33         0.11         0.25         0.16         0.21
        0.27         0.15         0.29         0.21         0.13         0.14         0.26         0.21         0.08
        0.30         0.21         0.25         0.13         0.07         0.18         0.34         0.30         0.14
        0.12         0.89         0.37         0.72         0.33         0.39         0.25         0.34         0.52
        0.11         0.16         0.41         0.54         1.17         0.30         0.43         0.36         0.31
        0.14         0.20         0.41         0.60         0.67         0.35         0.29         0.28         0.71
        0.09         0.23         0.14         0.42         0.21         0.20         0.32         0.60         0.65
        0.15         0.02         0.44         0.04         0.41         0.21         0.35         0.55         0.58
        0.08         0.12         0.08         0.28         0.20         0.49         0.31         0.31         0.51
        0.18         0.33         0.39         0.45         0.60         0.12         0.27         0.26         0.33
        0.27         0.65         0.82         0.41         0.17         0.16         0.33         0.17         0.32
        0.61         0.75         0.83         0.75         0.30         0.33         0.14         0.01         0.17
        0.66         0.76         0.69         0.65         0.60         0.60         0.11         0.07         0.13
   1036800      9     13
        0.21         0.07         0.09         0.13         0.22         0.11         0.19         0.14         0.19
        0.12         0.12         0.16         0.29         0.31         0.15         0.24         0.28         0.12
        0.13         0.12         0.30         0.22         0.19         0.09         0.46         0.32         0.16
        0.19         0.28         0.14         0.75         0.28         0.32         0.17         0.26         0.37
        0.23         0.14         0.14         0.12         0.44         0.18         0.23         0.27         0.22
        0.10         0.10         0.10         0.11         0.21         0.18         0.27         0.31         0.50
        0.27         0.43         0.06         0.09         0.09         0.09         0.20         0.16         0.28
        0.29         0.13         0.29         0.06         0.19         0.07         0.14         0.43         0.29
        0.22         0.19         0.06         0.13         0.14         0.20         0.17         0.10         0.27
        0.19         0.13         0.07         0.41         0.38         0.09         0.21         0.16         0.09
        0.28         0.36         0.47         0.39         0.17         0.14         0.10         0.08         0.08
        0.63         0.63         0.83         0.85         0.15         0.24         0.19         0.03         0.16
        0.52         0.57         0.70         0.80         0.61         0.69         0.19         0.19         0.13
   1123200      9     13
        0.25         0.78         0.64         0.41         0.37         0.34         0.32         0.51         0.76
        0.36         0.65         0.27         0.27         0.14         0.11         0.30         0.64         0.62
        0.14         0.15         0.15         0.18         0.06         0.09         0.24         0.34         0.07
        0.05         0.27         0.55         0.57         0.49         0.17         0.24         0.06         0.44
        0.15         0.28         0.56         0.75         1.31         0.25         0.12         0.33         0.95
        0.31         0.49         0.40         0.30         0.86         0.20         0.18         0.40         1.04
        0.16         0.39         0.15         0.45         0.46         0.21         0.29         0.61         0.59
        0.18         0.06         0.53         0.14         0.12         0.11         0.32         0.60         0.48
        0.12         0.14         0.32         0.24         0.02         0.02         0.34         0.46         0.34
        0.33         0.40         0.14         0.23         0.10         0.07         0.22         0.11         0.24
        0.11         0.23         0.42         0.19         0.05         0.05         0.07         0.09         0.16
        0.09         0.27         0.48         0.29         0.17         0.18         0.09         0.08         0.10
        0.08         0.09         0.20         0.28         0.15         0.59         0.26         0.04         0.04
   1209600      9     13
        0.52         0.48         0.50         0.36         0.36         0.10         0.40         0.18         0.53
        0.41         0.54         0.33         0.18         0.29         0.27         0.37         0.16         0.05
        0.39         0.40         0.51         0.36         0.17         0.07         0.28         0.20         0.18
        0.14         0.71         0.73         0.60         0.31         0.30         0.39         0.25         0.41
        0.26         0.26         0.39         0.73         0.56         0.26         0.27         0.42         0.65
        0.55         0.33         0.34         0.21         0.45         0.38         0.18         0.68         0.86
        0.25         0.41         0.34         0.60         0.57         0.25         0.37         0.96         1.08
        0.34         0.45         0.49         0.18         0.31         0.23         0.36         0.93         0.68
        0.32         0.44         0.59         0.33         0.08         0.22         0.49         0.94         1.18
        0.51         0.71         0.69         0.40         0.28         0.57         0.38         0.88         0.60
        0.59         0.94         0.84         0.24         0.10         0.10         0.22         0.40         0.51
        0.51         0.81         0.66         0.76         0.36         0.25         0.21         0.09         0.26
        0.37         0.61         0.70         0.73         0.38         0.92         0.13         0.26         0.11