         0      9     13
        1.12         0.82         1.33         0.27         0.65         0.08         0.93         0.36         0.79
        1.09         0.54         0.77         0.66         0.79         0.36         0.33         0.84         0.61
        0.68         0.52         0.54         0.79         0.43         0.69         0.66         0.60         0.39
        0.41         1.24         1.11         1.33         0.57         0.47         0.74         0.78         0.75
        0.69         1.09         1.02         0.74         0.43         0.60         0.66         0.70         0.69
        0.93         1.22         0.95         0.77         0.66         0.52         0.44         0.88         1.03
        0.59         0.85         0.38         1.03         0.67         0.52         1.09         0.58         1.32
        0.62         0.39         0.46         0.59         0.38         0.32         0.62         1.25         1.75
        0.66         0.60         0.91         0.50         0.27         0.19         0.62         1.05         1.19
        0.41         0.78         0.64         0.66         0.22         1.52         1.06         1.09         1.01
        0.57         1.11         1.13         0.43         0.30         0.37         0.60         1.03         1.09
        0.81         1.40         1.13         0.73         0.39         0.14         0.35         1.23         1.09
        1.05         0.91         0.85         1.29         0.73         1.15         0.84         0.55         0.95
     86400      9     13
        0.72         0.42         0.42         0.44         1.03         0.44         1.31         0.65         0.40
        0.46         0.05         0.12         0.20         0.23         0.24         0.40         0.68         0.76
        0.23         0.16         0.40         0.11         0.08         0.32         0.56         0.93         0.37
        0.09         0.66         0.26         0.79         0.16         0.47         0.93         0.23         0.60
        0.35         0.57         0.26         0.60         0.39         0.21         0.59         0.45         0.64
        0.16         0.19         0.29         0.41         0.43         0.17         0.27         0.53         0.71
        0.49         0.35         0.21         0.48         0.32         0.27         0.42         0.54         0.82
        0.35         0.17         0.25         0.10         0.32         0.27         0.15         0.51         0.20
        0.49         0.40         0.73         0.56         0.16         0.16         0.28         0.27         0.39
        0.38         0.22         0.23         0.55         0.46         1.17         0.57         0.30         0.33
        0.78         0.33         0.43         0.63         0.52         0.23         0.18         0.32         0.33
        0.66         1.13         0.78         0.57         0.25         0.30         0.48         0.35         0.88
        0.69         0.62         0.69         0.87         0.67         1.21         0.34         0.47         0.57
    172800      9     13
        0.79         0.24         0.66         0.38         0.38         0.29         0.33         0.19         0.17
        0.23         0.47         0.51         0.55         0.45         0.93         0.14         0.22         0.11
        0.19         0.46         0.48         0.44         0.49         0.49         0.23         0.26         0.27
        0.39         0.24         0.64         0.60         0.65         1.04         0.43         0.36         0.72
        0.14         0.18         0.48         0.56         0.38         0.30         0.35         0.34         0.83
        0.35         0.38         0.77         0.73         0.22         0.40         0.48         0.23         0.39
        0.21         0.38         0.33         0.25         0.15         0.08         0.46         0.78         0.56
        0.27         0.25         0.31         0.25         0.29         0.11         0.28         0.68         0.28
        0.64         0.26         1.13         0.40         0.20         0.21         0.26         0.69         0.14
        0.68         0.56         0.40         0.19         0.11         1.53         0.25         0.12         0.12
        0.47         0.29         0.43         0.18         0.12         0.13         0.12         1.05         0.38
        0.45         0.54         0.39         0.96         0.18         0.23         0.21         0.34         0.21
        0.91         0.77         0.39         1.07         0.73         1.11         0.21         0.35         0.40
    259200      9     13
        0.29         0.43         0.39         0.16         0.21         0.39         0.83         0.84         1.20
        0.16         0.04         0.09         0.09         0.12         0.22         0.88         0.96         1.00
        0.05         0.05         0.06         0.13         0.10         0.14         0.43         0.42         0.47
        0.05         0.16         0.13         0.39         0.21         0.28         0.10         0.73         0.29
        0.09         0.09         0.29         0.44         0.18         0.15         0.29         0.13         0.29
        0.07         0.44         0.30         0.36         0.51         0.33         0.32         0.63         0.37
        0.20         0.20         0.17         0.49         0.31         0.07         0.41         0.60         0.77
        0.49         0.28         0.19         0.53         0.28         0.25         0.63         0.55         0.58
        0.53         0.25         1.28         0.46         0.36         0.09         0.22         0.56         0.62
        0.51         0.39         0.61         0.43         0.33         0.35         0.46         0.67         0.35
        0.48         0.84         0.36         0.33         0.18         0.24         0.32         0.43         0.41
        0.70         1.23         0.74         1.07         0.43         0.93         0.37         0.59         0.39
        0.87         0.65         0.70         1.09         0.62         1.23         0.35         0.14         0.12
    345600      9     13
        2.27         0.69         0.72         1.60         0.29         0.38         0.10         0.23         0.50
        1.18         0.79         0.55         0.81         0.61         0.33         0.26         0.50         0.71
        1.43         1.21         0.89         0.87         1.13         0.33         0.36         0.33         1.01
        1.56         0.59         1.01         0.39         0.71         0.31         0.96         0.81         0.32
        1.07         0.48         0.83         0.87         1.55         0.43         0.42         0.39         0.29
        0.53         0.78         0.72         0.82         1.00         0.44         0.72         0.58         1.07
        1.43         1.26         0.99         0.57         0.44         0.45         0.95         0.93         0.95
        1.28         0.87         0.88         0.55         0.84         1.50         1.04         0.90         0.78
        0.94         0.64         0.50         0.93         0.99         1.50         1.29         0.91         1.38
        0.60         0.51         0.99         0.83         1.14         0.99         1.32         0.88         1.24
        1.28         1.09         1.46         0.83         0.86         1.02         1.28         1.04         1.16
        1.35         1.38         0.81         0.68         1.24         1.34         0.90         1.30         1.08
        1.59         0.96         0.49         0.83         2.12         1.12         0.97         1.54         1.28
    432000      9     13
        0.74         0.19         0.72         0.36         0.44         0.48         0.20         0.12         0.43
        0.48         0.65         0.56         0.50         0.37         0.22         0.22         0.47         0.22
        0.51         0.72         0.47         0.49         0.30         0.31         0.50         0.53         0.10
        0.50         0.15         0.82         0.16         0.70         0.19         0.86         0.69         0.71
        0.44         0.61         0.76         0.28         0.46         0.11         0.39         0.26         0.34
        0.60         0.70         0.35         0.55         0.67         0.23         0.23         0.13         0.43
        0.48         0.67         0.29         0.57         0.29         0.23         0.30         0.14         0.38
        0.69         0.61         0.31         0.24         0.22         0.42         0.20         0.40         0.32
        0.74         0.74         0.32         0.22         0.13         0.30         0.34         0.23         0.16
        0.75         0.80         0.93         0.09         0.20         0.71         0.46         0.29         0.33
        0.99         1.83         0.99         0.28         0.19         0.21         0.50         0.77         0.45
        1.03         0.74         0.39         0.53         0.24         0.36         0.28         1.33         0.79
        1.67         1.16         1.08         0.31         0.94         0.46         0.27         0.80         0.89
    518400      9     13
        0.47         0.16         0.39         0.53         0.18         0.27         0.26         0.05         0.11
        0.28         0.65         0.28         0.25         0.22         0.17         0.15         0.03         0.07
        0.21         0.63         0.61         0.68         0.60         0.18         0.17         0.19         0.20
        0.15         0.32         0.90         0.27         0.97         0.18         0.17         0.16         0.27
        0.22         0.10         0.43         0.26         0.47         0.35         0.15         0.22         0.19
        0.05         0.30         0.13         0.33         0.54         0.29         0.36         0.31         0.18
        0.06         0.20         0.19         0.28         0.27         0.18         0.28         0.14         0.12
        0.19         0.58         0.17         0.32         0.35         0.23         0.19         0.21         0.17
        0.44         0.38         0.19         0.15         0.30         0.32         0.38         0.29         0.12
        0.65         0.37         0.29         0.14         0.13         0.78         0.31         0.42         0.25
        0.50         1.00         0.81         0.20         0.22         0.31         0.43         0.57         0.46
        0.97         0.74         0.43         0.09         0.22         0.30         0.35         0.88         0.50
        0.70         0.52         0.65         0.16         0.31         0.24         0.39         0.53         0.40
    604800      9     13
        0.02         0.02         0.04         0.02         0.01         0.02         0.01         0.00         0.00
        0.02         0.04         0.01         0.04         0.02         0.01         0.00         0.00         0.00
        0.04         0.01         0.05         0.02         0.02         0.04         0.01         0.00         0.00
        0.06         0.04         0.07         0.01         0.14         0.01         0.02         0.00         0.06
        0.08         0.05         0.12         0.03         0.05         0.03         0.01         0.02         0.01
        0.04         0.04         0.07         0.07         0.06         0.01         0.03         0.01         0.02
        0.04         0.03         0.02         0.04         0.04         0.05         0.02         0.03         0.16
        0.04         0.04         0.06         0.02         0.03         0.01         0.02         0.16         0.21
        0.05         0.05         0.02         0.02         0.01         0.02         0.04         0.13         0.20
        0.06         0.02         0.03         0.05         0.04         0.01         0.02         0.04         0.16
        0.06         0.09         0.17         0.12         0.07         0.04         0.03         0.05         0.15
        0.06         0.18         0.08         0.09         0.10         0.04         0.06         0.13         0.19
        0.08         0.09         0.18         0.04         0.23         0.06         0.09         0.11         0.06
    691200      9     13
        0.01         0.00         0.09         0.10         0.13         0.24         0.24         0.05         0.09
        0.02         0.02         0.07         0.12         0.03         0.13         0.17         0.05         0.03
        0.02         0.02         0.10         0.04         0.04         0.08         0.08         0.06         0.10
        0.02         0.04         0.15         0.04         0.25         0.13         0.03         0.18         0.22
        0.14         0.04         0.19         0.03         0.06         0.08         0.05         0.24         0.75
        0.06         0.09         0.12         0.04         0.10         0.05         0.11         0.15         0.63
        0.03         0.17         0.03         0.03         0.17         0.09         0.17         0.23         0.55
        0.05         0.11         0.09         0.10         0.05         0.06         0.09         0.16         0.07
        0.09         0.19         0.05         0.20         0.08         0.14         0.06         0.04         0.06
        0.23         0.15         0.24         0.75         0.11         0.05         0.03         0.06         0.03
        0.17         0.38         0.92         0.26         0.18         0.24         0.04         0.06         0.06
        0.21         0.59         0.61         0.43         0.40         0.25         0.13         0.09         0.07
        0.41         0.39         0.73         0.54         0.43         0.36         0.34         0.18         0.16
    777600      9     13
        0.22         0.35         0.50         0.22         0.57         0.51         0.22         0.18         0.41
        0.58         0.24         0.36         0.44         0.12         0.28         0.08         0.13         0.26
        0.32         0.08         0.49         0.20         0.18         0.43         0.35         0.26         0.59
        0.20         0.14         0.37         0.09         0.60         0.23         0.41         0.25         0.80
        0.09         0.19         0.14         0.23         0.57         0.60         0.35         0.18         0.32
        0.22         0.40         0.17         0.42         0.44         0.28         0.60         0.42         0.41
        0.32         0.48         0.44         0.27         0.27         0.26         0.48         0.49         0.47
        0.24         0.66         0.38         0.80         0.47         0.41         0.72         0.68         0.43
        0.19         0.31         0.84         0.74         0.31         0.39         0.51         0.82         0.29
        0.61         0.64         0.72         1.01         0.23         0.20         0.58         0.45         0.56
        0.80         0.30         0.34         0.25         0.11         0.22         0.40         0.23         0.24
        0.70         0.59         0.56         0.55         0.52         0.22         0.35         0.17         0.36
        0.46         0.67         0.51         0.40         0.65         0.30         0.45         0.63         0.37
    864000      9     13
        0.18         0.35         0.47         0.07         0.44         0.15         0.57         0.17         0.24
        0.29         0.23         0.26         0.32         0.10         0.26         0.34         0.46         0.14
        0.26         0.06         0.30         0.39         0.09         0.59         0.73         0.34         0.24
        0.17         0.34         0.38         0.41         0.36         0.40         1.04         0.15         0.75
        0.10         0.38         0.30         0.32         0.18         0.52         0.69         0.46         0.33
        0.20         0.11         0.67         0.39         0.28         0.82         0.26         0.22         0.46
        0.16         0.31         1.01         0.48         0.19         0.33         0.28         0.28         0.81
        0.20         0.28         0.44         0.28         0.24         0.16         0.45         0.34         0.32
        0.34         0.16         0.12         0.36         0.17         0.45         0.40         0.29         0.27
        0.33         0.13         0.08         0.20         0.32         0.24         0.47         0.20         0.20
        0.18         0.35         0.23         0.06         0.08         0.08         0.27         0.32         0.35
        0.30         0.16         0.21         0.23         0.04         0.25         0.10         0.16         0.35
        0.19         0.20         0.16         0.20         0.16         1.01         0.08         0.12         0.52
    950400      9     13
        0.76         1.30         0.87         0.39         0.61         0.34         0.35         0.41         0.99
        0.46         0.65         0.29         0.46         0.40         0.35         0.40         0.58         0.43
        0.48         0.25         0.20         0.28         0.14         0.25         0.58         0.41         0.26
        0.23         0.28         0.33         0.77         0.29         0.20         0.55         0.43         0.38
        0.08         0.36         0.16         0.69         0.77         0.27         0.58         0.44         1.06
        0.08         0.10         0.10         0.06         0.27         0.17         0.36         0.40         1.23
        0.05         0.04         0.04         0.49         0.16         0.13         0.19         0.42         0.89
        0.03         0.01         0.24         0.03         0.13         0.14         0.15         0.30         0.39
        0.03         0.11         0.04         0.05         0.03         0.08         0.07         0.17         0.27
        0.06         0.02         0.02         0.02         0.09         0.05         0.26         0.14         0.41
        0.02         0.04         0.03         0.03         0.03         0.04         0.10         0.15         0.07
        0.01         0.03         0.08         0.02         0.02         0.04         0.05         0.22         0.08
        0.01         0.11         0.02         0.02         0.03         0.27         0.10         0.20         0.23
   1036800      9     13
        1.11         1.16         1.31         0.58         0.40         0.31         0.59         0.33         0.53
        1.23         1.58         0.86         0.40         0.58         0.33         0.37         0.31         0.17
        0.74         1.32         0.67         0.58         0.38         0.18         0.35         0.36         0.16
        0.36         0.69         0.44         0.75         0.41         0.24         0.22         0.20         0.32
        0.42         0.65         0.53         0.50         1.14         0.30         0.19         0.50         1.13
        0.47         0.33         0.74         0.58         0.53         0.28         0.54         0.66         0.88
        0.15         0.18         0.21         0.44         0.38         0.37         0.44         0.52         1.11
        0.41         0.31         0.44         0.27         0.43         0.24         0.36         0.18         0.25
        0.58         0.31         0.62         0.64         0.27         0.85         0.43         0.73         0.50
        0.85         0.68         0.69         0.50         0.24         0.45         0.16         0.52         0.38
        0.64         0.94         0.51         0.33         0.19         0.28         0.43         0.29         0.46
        0.55         0.75         0.59         0.39         0.42         0.22         0.34         0.23         0.26
        0.54         0.98         0.40         0.35         0.45         0.54         0.22         0.27         0.22
   1123200      9     13
        0.52         0.84         0.69         0.90         0.76         0.78         1.04         0.83         0.60
        0.89         0.57         0.37         0.73         0.89         0.46         0.27         0.85         0.63
        0.53         1.00         0.53         0.62         0.30         0.21         0.28         0.52         0.30
        0.44         0.78         0.68         0.70         0.30         0.53         0.47         0.91         0.63
        0.42         0.34         0.54         0.98         0.30         0.24         0.32         0.94         0.83
        0.05         0.29         0.62         1.00         0.71         0.34         0.43         0.58         1.02
        0.24         0.24         0.39         0.55         0.27         0.50         1.02         0.67         1.10
        0.26         0.31         0.28         0.36         0.14         0.26         0.67         0.58         0.65
        0.22         0.16         0.74         0.38         0.43         0.34         0.23         0.66         0.88
        0.24         0.33         0.62         0.64         0.30         0.09         0.09         0.57         1.05
        0.16         0.54         0.42         0.46         0.39         0.12         0.19         0.13         0.28
        0.08         0.38         0.96         0.78         0.32         0.12         0.16         0.30         0.45
        0.10         0.25         0.81         0.71         0.33         0.26         0.07         0.14         0.27
   1209600      9     13
        1.63         1.01         0.85         1.38         1.05         1.41         0.92         0.77         0.96
        1.86         1.70         0.83         1.45         1.16         0.82         1.23         1.00         0.69
        1.60         1.33         1.46         1.43         1.65         0.66         0.86         0.71         1.03
        1.07         1.34         1.44         1.14         1.34         0.89         1.09         0.58         0.69
        0.99         1.05         1.23         1.15         1.12         1.01         0.90         1.04         0.61
        1.03         1.15         1.74         1.28         1.43         0.85         1.22         0.92         1.09
        1.78         1.21         1.45         1.20         1.35         0.93         1.05         0.93         0.76
        1.19         1.31         1.25         0.94         1.13         1.02         1.24         1.12         0.68
        1.39         1.32         1.15         1.12         1.08         1.25         0.42         0.46         0.56
        2.08         1.98         1.15         0.87         1.10         0.53         0.52         0.63         0.26
        1.01         1.81         1.21         0.93         0.67         0.75         0.47         0.65         0.60
        1.20         1.06         0.89         0.64         0.93         0.59         0.87         0.40         0.64
        0.99         1.38         1.06         0.61         0.57         0.60         0.78         0.51         0.56