         0      9     13
        0.00         0.00         0.00         0.00         0.00         0.00         0.00         0.00         0.00
        0.00         0.00         0.00         0.00         0.00         0.00         0.00         0.00         0.00
        0.00         0.00         0.00         0.00         0.00         0.00         0.00         0.00         0.00
        0.00         0.00         0.00         0.00         0.00         0.00         0.00         0.02         0.01
        0.00         0.00         0.00         0.00         0.00         0.01         0.00         0.00         0.00
        0.01         0.00         0.01         0.00         0.00         0.04         0.00         0.00         0.00
        0.01         0.01         0.00         0.00         0.00         0.15         0.00         0.00         0.01
        0.01         0.00         0.00         0.00         0.00         0.05         0.01         0.01         0.04
        0.00         0.01         0.01         0.01         0.13         0.06         0.01         0.03         0.00
        0.01         0.02         0.01         0.04         0.11         0.01         0.00         0.00         0.04
        0.00         0.04         0.03         0.01         0.22         0.00         0.02         0.00         0.02
        0.00         0.00         0.00         0.00         0.00         0.00         0.00         0.00         0.00
        0.00         0.01         0.00         0.00         0.00         0.01         0.00         0.01         0.02
     86400      9     13
        0.16         0.02         0.12         0.02         0.33         0.21         0.21         0.44         0.28
        0.06         0.30         0.51         0.21         0.25         0.04         0.29         0.17         0.19
        0.00         0.20         0.50         0.43         0.36         0.29         0.22         0.16         0.08
        0.01         0.02         0.16         0.43         0.24         0.18         0.25         0.31         0.55
        0.00         0.00         0.03         0.07         0.20         0.33         0.42         0.75         0.64
        0.00         0.00         0.02         0.09         0.10         0.58         0.56         0.63         0.58
        0.00         0.00         0.00         0.04         0.17         0.63         0.55         0.72         0.35
        0.00         0.00         0.23         0.01         0.15         0.33         0.30         0.45         0.46
        0.00         0.03         0.08         0.33         0.03         0.44         0.14         0.35         0.30
        0.00         0.00         0.02         0.63         0.65         0.03         0.04         0.20         0.14
        0.00         0.01         0.03         0.19         0.35         0.20         0.07         0.04         0.03
        0.00         0.01         0.02         0.06         0.05         0.06         0.25         0.01         0.01
        0.00         0.01         0.01         0.01         0.11         0.04         0.06         0.24         0.01
    172800      9     13
        0.02         0.01         0.02         0.07         0.03         0.06         0.03         0.03         0.16
        0.01         0.02         0.10         0.03         0.12         0.02         0.10         0.13         0.05
        0.01         0.00         0.17         0.07         0.05         0.11         0.19         0.05         0.03
        0.05         0.04         0.07         0.14         0.04         0.17         0.36         0.04         0.27
        0.04         0.11         0.15         0.03         0.02         0.13         0.17         0.17         0.28
        0.02         0.18         0.18         0.10         0.02         0.15         0.20         0.01         0.15
        0.02         0.01         0.05         0.11         0.04         0.06         0.03         0.01         0.02
        0.05         0.00         0.03         0.01         0.00         0.00         0.02         0.04         0.02
        0.04         0.07         0.04         0.03         0.01         0.02         0.07         0.02         0.07
        0.09         0.02         0.00         0.01         0.07         0.02         0.05         0.14         0.11
        0.00         0.01         0.02         0.06         0.01         0.01         0.02         0.02         0.08
        0.00         0.00         0.01         0.03         0.00         0.03         0.09         0.01         0.07
        0.00         0.00         0.01         0.02         0.05         0.07         0.06         0.04         0.03
    259200      9     13
        0.00         0.00         0.00         0.00         0.00         0.01         0.00        -0.00         0.00
       -0.00         0.00         0.00         0.00         0.00         0.00         0.00         0.01         0.01
        0.00         0.00         0.00         0.00         0.00         0.02         0.05         0.02         0.22
       -0.00         0.00         0.00         0.00         0.01         0.01         0.09         0.02         0.13
       -0.00         0.00        -0.00         0.00         0.00         0.00         0.16         0.21         0.03
        0.00         0.00        -0.00         0.00         0.00         0.01         0.04         0.05         0.01
        0.00         0.00         0.00         0.00         0.00         0.00         0.02         0.01         0.01
        0.00         0.00         0.00         0.00         0.00         0.00         0.01         0.01         0.00
        0.00         0.00         0.00         0.00        -0.00         0.00         0.00         0.00         0.02
        0.00         0.00         0.00         0.00         0.00         0.00        -0.00         0.00         0.01
        0.00         0.00         0.00         0.00         0.00         0.00         0.01         0.01         0.04
        0.00         0.00        -0.00         0.00         0.00         0.00         0.14         0.02         0.08
        0.00         0.00         0.00         0.00         0.00         0.01         0.00         0.03         0.11
    345600      9     13
        0.09         0.02         0.58         0.33         0.45         0.16         0.29         0.42         0.50
        0.11         0.08         0.31         0.33         0.47         0.60         0.64         0.70         0.53
        0.02         0.08         0.39         0.21         0.24         0.81         0.43         0.13         0.36
        0.04         0.28         0.50         0.62         0.46         0.46         0.80         0.70         0.77
        0.22         0.25         0.26         0.45         0.32         0.53         0.96         1.05         0.68
        0.08         0.06         0.21         0.08         0.07         0.25         0.27         0.78         0.68
        0.07         0.03         0.04         0.03         0.02         0.10         0.23         1.08         1.25
        0.03         0.10         0.04         0.00         0.14         0.02         0.01         0.23         0.40
        0.03         0.09         0.01         0.01         0.02         0.01         0.01         0.03         0.41
        0.01         0.00         0.07         0.00         0.06         0.00         0.00         0.01         0.09
        0.01         0.01         0.02         0.02         0.01         0.01         0.00         0.00         0.00
        0.00         0.04         0.13         0.24         0.01         0.00         0.03         0.00         0.01
        0.00         0.06         0.18         0.26         0.12         0.01         0.01         0.02         0.01
    432000      9     13
        0.35         0.55         1.26         0.43         0.45         0.38         0.53         0.27         0.48
        0.83         0.43         0.69         0.94         0.43         0.41         0.18         0.41         0.44
        0.52         0.86         1.13         0.52         0.44         0.61         0.17         0.33         0.35
        0.40         1.06         1.04         0.52         0.29         0.36         0.31         0.22         0.52
        1.98         1.38         0.58         0.05         0.05         0.44         0.40         0.83         0.68
        1.10         0.07         0.72         0.12         0.20         0.59         0.53         1.06         0.73
        0.35         0.27         0.39         0.48         0.03         0.44         0.63         0.80         0.62
        0.14         0.18         0.59         0.18         0.03         0.22         0.18         0.24         0.80
        0.21         0.39         0.26         0.09         0.04         0.11         0.16         0.21         0.38
        0.21         0.41         0.13         0.09         0.13         0.18         0.36         0.44         0.22
        0.90         0.42         0.21         0.04         0.03         0.03         0.16         0.10         0.06
        0.95         0.25         0.23         0.17         0.01         0.05         0.16         0.25         0.13
        1.03         0.33         0.22         0.16         0.06         0.09         0.12         0.06         0.34
    518400      9     13
        0.00         0.01         0.02         0.00         0.11         0.10         0.23         0.20         0.21
        0.02         0.01         0.02         0.14         0.13         0.19         0.17         0.36         0.34
        0.01         0.00         0.08         0.06         0.06         0.46         0.20         0.09         0.24
        0.03         0.02         0.14         0.02         0.05         0.52         0.09         0.10         0.07
        0.01         0.01         0.07         0.01         0.02         0.26         0.18         0.09         0.06
        0.00         0.01         0.05         0.00         0.02         0.39         0.23         0.02         0.14
        0.01         0.00         0.05         0.02         0.11         0.46         0.19         0.03         0.02
        0.01         0.00         0.03         0.03         0.40         0.24         0.36         0.06         0.02
        0.01         0.11         0.12         0.10         0.12         0.22         0.17         0.05         0.02
        0.04         0.10         0.09         0.23         0.24         0.08         0.09         0.06         0.01
        0.24         0.13         0.16         0.32         0.23         0.08         0.24         0.23         0.05
        0.30         0.12         0.10         0.10         0.07         0.11         0.36         0.24         0.17
        0.09         0.27         0.13         0.21         0.22         0.11         0.33         0.26         0.08
    604800      9     13
        0.15         0.03         0.06         0.13         0.11         0.24         0.39         0.25         0.66
        0.30         0.12         0.28         0.24         0.14         0.36         0.16         0.31         0.11
        0.23         0.02         0.23         0.39         0.08         0.12         0.24         0.44         0.36
        0.13         0.04         0.27         0.27         0.17         0.31         0.41         0.54         0.36
        0.37         0.14         0.56         0.41         0.33         0.21         0.42         0.61         0.48
        0.13         0.25         0.75         0.28         0.16         0.28         0.48         0.56         0.38
        0.39         0.24         0.41         0.52         0.52         0.33         0.63         0.46         0.33
        0.86         0.46         0.37         0.43         0.33         0.44         0.58         0.32         0.58
        0.81         0.38         0.32         0.10         0.14         0.76         0.78         0.19         0.50
        0.19         0.33         0.33         0.32         1.06         0.73         0.35         0.34         0.55
        0.51         0.62         0.18         0.41         0.23         0.42         0.33         0.27         0.59
        0.36         0.09         0.07         0.39         0.73         0.30         0.44         0.37         0.36
        0.09         0.08         0.09         0.20         0.67         0.40         0.53         0.42         0.36
    691200      9     13
        0.66         0.85         0.79         0.50         0.29         0.41         0.18         0.20         0.45
        1.46         0.63         0.64         0.75         0.53         0.39         0.24         0.12         0.17
        1.26         0.70         0.56         0.42         0.71         0.51         0.43         0.51         0.67
        1.30         0.58         0.74         0.46         0.49         0.14         0.28         0.27         0.35
        0.80         0.99         0.61         0.69         0.21         0.47         0.46         0.52         0.74
        0.98         0.80         0.56         0.62         0.67         0.43         0.80         0.43         0.70
        0.96         0.61         1.69         0.56         0.40         0.49         0.67         0.78         0.71
        1.34         0.56         0.67         0.79         0.50         0.37         1.69         0.68         0.54
        0.99         1.00         0.62         0.85         0.62         1.20         0.81         1.21         0.58
        0.50         0.55         0.52         0.82         1.15         0.71         0.71         0.75         0.51
        0.55         0.98         0.57         0.56         0.38         0.74         0.32         0.59         0.61
        1.19         0.61         1.11         0.40         0.25         0.24         1.06         0.40         0.70
        0.42         0.74         0.66         0.61         1.03         0.61         0.43         0.64         0.68
    777600      9     13
        0.47         0.39         0.21         0.36         0.23         0.29         0.28         0.29         0.11
        0.24         0.29         0.12         0.25         0.16         0.11         0.14         0.16         0.07
        0.06         0.15         0.09         0.11         0.05         0.13         0.24         0.10         0.07
        0.03         0.08         0.28         0.17         0.19         0.12         0.09         0.04         0.19
        0.06         0.05         0.20         0.10         0.08         0.33         0.14         0.06         0.05
        0.05         0.09         0.19         0.04         0.05         0.23         0.07         0.04         0.07
        0.08         0.12         0.11         0.04         0.06         0.13         0.04         0.07         0.11
        0.02         0.03         0.19         0.10         0.10         0.18         0.04         0.04         0.11
        0.08         0.08         0.06         0.12         0.07         0.06         0.04         0.04         0.11
        0.12         0.07         0.13         0.07         0.30         0.10         0.05         0.07         0.10
        0.19         0.07         0.13         0.36         0.18         0.13         0.25         0.10         0.19
        0.13         0.12         0.07         0.08         0.14         0.11         0.26         0.08         0.03
        0.06         0.08         0.11         0.10         0.27         0.17         0.15         0.11         0.06