         0      9     13
        1.56         2.63         2.17         2.39         2.40         0.89         1.71         1.96         1.30
        2.44         2.40         2.09         2.28         1.97         1.84         1.27         1.54         0.88
        2.19         2.27         1.75         1.68         1.50         0.80         0.77         1.07         0.63
        1.12         1.58         1.73         1.60         1.03         0.60         0.93         1.25         0.88
        1.10         1.33         1.38         1.27         1.19         0.87         0.84         2.06         2.18
        1.22         1.51         1.07         0.99         1.09         0.87         1.08         1.16         2.06
        0.65         0.64         1.08         1.20         1.15         0.84         1.06         0.83         1.44
        0.94         0.46         0.60         0.55         0.99         0.91         0.67         1.28         1.11
        0.94         0.68         0.75         1.22         0.53         0.39         0.81         0.84         1.03
        0.59         0.54         0.65         0.55         0.49         0.66         0.54         0.76         1.29
        0.77         0.65         0.85         0.28         0.19         0.29         0.75         1.56         0.74
        0.40         0.58         0.34         0.35         0.16         0.41         0.85         1.22         1.15
        0.79         0.57         1.10         0.89         0.58         1.01         0.48         0.78         0.60
     86400      9     13
        2.46         1.09         0.68         0.62         0.83         1.06         0.98         1.33         1.14
        1.86         1.26         0.76         1.27         0.80         1.09         1.25         0.82         0.65
        2.62         0.91         0.79         1.35         1.51         0.24         0.25         1.06         0.93
        2.24         1.20         1.14         1.13         0.77         0.35         0.75         0.80         0.42
        1.59         0.93         0.71         1.47         0.88         0.57         0.50         0.64         0.50
        1.31         1.27         0.76         1.12         0.86         0.38         0.66         1.19         0.89
        1.15         1.93         1.92         1.80         0.28         0.45         1.27         0.89         1.12
        0.86         1.13         1.04         1.43         0.67         0.73         0.67         0.67         1.12
        1.49         1.17         1.10         1.01         0.53         0.98         0.65         0.89         1.05
        0.85         0.90         2.04         1.40         0.83         1.02         0.66         0.73         1.14
        0.98         0.58         1.36         1.29         0.70         1.09         0.37         0.66         0.63
        0.90         0.78         1.39         0.98         0.80         0.68         0.40         0.74         0.94
        1.00         0.98         1.23         0.66         1.08         0.86         0.85         0.76         0.69
    172800      9     13
        0.34         0.72         0.75         0.12         0.16         0.14         0.09         0.37         0.11
        0.81         1.24         0.70         0.72         0.14         0.09         0.20         0.19         0.27
        1.24         0.34         0.46         0.47         1.02         0.19         0.37         0.56         0.83
        1.34         0.90         0.31         0.19         0.54         0.24         0.28         0.42         0.34
        0.76         0.25         0.20         0.25         0.38         0.15         0.32         0.17         0.22
        0.75         0.39         0.11         0.19         0.04         0.16         0.42         0.08         0.10
        0.56         0.50         0.09         0.07         0.05         0.21         0.09         0.03         0.04
        0.65         0.78         0.17         0.12         0.04         0.10         0.06         0.04         0.02
        1.08         0.97         0.38         0.17         0.01         0.06         0.05         0.10         0.00
        1.56         0.93         0.80         0.59         0.12         0.14         0.17         0.17         0.02
        1.01         1.07         1.31         0.27         0.18         0.24         0.11         0.44         0.27
        1.25         1.54         0.95         0.85         0.78         0.15         0.23         0.52         0.28
        1.41         0.95         1.43         0.50         0.40         0.47         0.11         0.56         0.58
    259200      9     13
        0.06         0.50         0.23         0.08         0.13         0.15         0.01         0.02         0.03
        0.04         0.56         0.05         0.11         0.09         0.10         0.16         0.04         0.02
        0.05         0.01         0.03         0.02         0.29         0.14         0.17         0.09         0.31
        0.04         0.01         0.02         0.01         0.07         0.01         0.06         0.07         0.29
        0.02         0.01         0.00         0.01         0.01         0.01         0.02         0.06         0.03
        0.03         0.00         0.00         0.01         0.00         0.00         0.00         0.00         0.02
        0.31         0.01         0.00         0.00         0.00         0.00         0.00         0.00         0.00
        0.59         0.13         0.03         0.00         0.00         0.00         0.00         0.00         0.00
        0.38         0.13         0.02         0.01         0.00         0.00         0.00         0.00         0.00
        0.15         0.11         0.23         0.05         0.03         0.03         0.00         0.00         0.00
        0.05         0.18         1.15         0.08         0.10         0.01         0.02         0.00         0.00
        0.13         0.30         1.04         0.08         0.05         0.09         0.04         0.04         0.01
        0.07         0.36         0.73         0.47         0.49         0.02         0.01         0.01         0.01
    345600      9     13
        0.00         0.03         0.08         0.05         0.06         0.08         0.01         0.00         0.00
        0.00         0.03         0.02         0.04         0.07         0.04         0.09         0.01         0.00
        0.03         0.00         0.00         0.01         0.07         0.06         0.00         0.04         0.13
        0.01         0.00         0.00         0.01         0.04         0.00         0.00         0.02         0.17
        0.01         0.00         0.00         0.00         0.06         0.00         0.00         0.00         0.00
        0.00         0.00         0.00         0.00         0.00         0.00         0.00         0.00         0.00
        0.02         0.03         0.00         0.00         0.00         0.00         0.00         0.00         0.00
        0.03         0.02         0.01         0.00         0.01         0.00         0.00         0.00         0.00
        0.03         0.02         0.01         0.00         0.00         0.00         0.00         0.00         0.00
        0.03         0.03         0.01         0.05         0.02         0.01         0.00         0.00         0.00
        0.06         0.06         0.08         0.03         0.01         0.01         0.00         0.00         0.00
        0.05         0.04         0.03         0.01         0.03         0.04         0.04         0.01         0.00
        0.20         0.03         0.04         0.01         0.01         0.00         0.00         0.00         0.00
    432000      9     13
        0.01         0.06         0.10         0.05         0.10         0.03         0.00         0.00         0.00
        0.03         0.08         0.08         0.07         0.03         0.01         0.01         0.00         0.01
        0.01         0.01         0.08         0.03         0.04         0.03         0.02         0.03         0.04
        0.00         0.00         0.01         0.00         0.05         0.02         0.01         0.03         0.16
        0.00         0.00         0.00         0.00         0.02         0.00         0.00         0.00         0.00
        0.00         0.00         0.00         0.00         0.01         0.00         0.00         0.00         0.00
        0.00         0.00         0.00         0.00         0.00         0.00         0.00         0.00         0.00
        0.00         0.00         0.00         0.00         0.00         0.00         0.00         0.00         0.00
        0.01         0.00         0.00         0.00         0.00         0.01         0.01         0.00         0.00
        0.00         0.00         0.00         0.02         0.00         0.00         0.00         0.00         0.00
        0.01         0.01         0.05         0.00         0.01         0.00         0.00         0.00         0.00
        0.03         0.02         0.02         0.01         0.01         0.04         0.00         0.00         0.00
        0.03         0.02         0.00         0.00         0.02         0.00         0.00         0.01         0.01
    518400      9     13
        0.03         0.03         0.06         0.05         0.05         0.04         0.00         0.00         0.00
        0.03         0.03         0.05         0.04         0.02         0.03         0.03         0.02         0.00
        0.02         0.02         0.07         0.04         0.04         0.02         0.01         0.01         0.00
        0.01         0.01         0.02         0.00         0.05         0.01         0.03         0.02         0.07
        0.00         0.00         0.00         0.00         0.02         0.00         0.01         0.03         0.01
        0.00         0.00         0.00         0.00         0.02         0.01         0.02         0.00         0.01
        0.00         0.00         0.00         0.00         0.00         0.00         0.00         0.00         0.00
        0.00         0.00         0.00         0.00         0.00         0.00         0.00         0.00         0.00
        0.00         0.00         0.00         0.00         0.00         0.01         0.00         0.00         0.00
        0.00         0.00         0.00         0.04         0.00         0.00         0.00         0.00         0.00
        0.00         0.00         0.03         0.00         0.00         0.00         0.00         0.00         0.00
        0.00         0.01         0.00         0.00         0.00         0.02         0.00         0.01         0.00
        0.01         0.00         0.00         0.00         0.03         0.00         0.00         0.01         0.01
    604800      9     13
        0.05         0.02         0.02         0.01         0.00         0.00         0.00         0.00         0.00
        0.04         0.05         0.01         0.00         0.00         0.00         0.00         0.00         0.00
        0.03         0.03         0.03         0.02         0.02         0.00         0.00         0.00         0.00
        0.04         0.02         0.07         0.02         0.13         0.00         0.00         0.00         0.01
        0.02         0.01         0.01         0.00         0.07         0.00         0.00         0.06         0.00
        0.01         0.00         0.00         0.00         0.02         0.00         0.00         0.00         0.00
        0.00         0.00         0.00         0.00         0.01         0.00         0.00         0.00         0.00
        0.00         0.00         0.00         0.00         0.00         0.00         0.00         0.00         0.00
        0.00         0.00         0.00         0.00         0.00         0.00         0.00         0.00         0.00
        0.00         0.00         0.00         0.00         0.00         0.00         0.00         0.00         0.00
        0.00         0.00         0.01         0.00         0.00         0.00         0.00         0.00         0.00
        0.00         0.00         0.00         0.00         0.00         0.00         0.00         0.00         0.00
        0.00         0.00         0.00         0.00         0.00         0.00         0.00         0.00         0.00
    691200      9     13
        0.00         0.00         0.00         0.00         0.00         0.00         0.00         0.00         0.00
        0.00         0.01         0.00         0.00         0.00         0.00         0.00         0.00         0.00
        0.01         0.01         0.00         0.00         0.00         0.00         0.00         0.00         0.00
        0.02         0.00         0.01         0.00         0.08         0.00         0.00         0.00         0.01
        0.01         0.01         0.05         0.00         0.05         0.00         0.00         0.00         0.00
        0.01         0.01         0.00         0.01         0.03         0.00         0.00         0.00         0.00
        0.00         0.00         0.00         0.00         0.10         0.00         0.00         0.00         0.00
        0.00         0.01         0.00         0.00         0.00         0.00         0.00         0.00         0.00
        0.01         0.00         0.00         0.00         0.00         0.00         0.00         0.00         0.00
        0.00         0.00         0.00         0.00         0.00         0.00         0.00         0.00         0.00
        0.00         0.00         0.00         0.00         0.00         0.00         0.00         0.00         0.00
        0.00         0.00         0.00         0.00         0.00         0.00         0.00         0.00         0.00
        0.00         0.00         0.00         0.00         0.00         0.00         0.00         0.00         0.00
    777600      9     13
        0.01         0.01         0.03         0.01         0.01         0.00         0.00         0.00         0.00
        0.02         0.04         0.00         0.03         0.00         0.00         0.00         0.00         0.00
        0.02         0.01         0.02         0.00         0.01         0.02         0.01         0.00         0.00
        0.02         0.00         0.02         0.00         0.09         0.03         0.00         0.00         0.07
        0.01         0.00         0.03         0.00         0.04         0.01         0.00         0.03         0.00
        0.01         0.00         0.00         0.01         0.03         0.03         0.00         0.00         0.00
        0.01         0.01         0.00         0.01         0.07         0.00         0.00         0.00         0.00
        0.00         0.01         0.03         0.02         0.01         0.00         0.00         0.00         0.00
        0.01         0.02         0.01         0.01         0.00         0.00         0.00         0.00         0.00
        0.00         0.00         0.00         0.00         0.00         0.00         0.00         0.00         0.00
        0.00         0.01         0.05         0.01         0.00         0.00         0.00         0.00         0.00
        0.00         0.01         0.02         0.02         0.03         0.01         0.00         0.00         0.00
        0.00         0.00         0.00         0.00         0.01         0.00         0.00         0.00         0.00