         0      9     13
        0.00         0.00         0.02         0.00         0.01         0.02         0.01         0.02         0.03
        0.00         0.01         0.01         0.02         0.01         0.02         0.01         0.02         0.01
        0.00         0.00         0.02         0.01         0.01         0.05         0.04         0.01         0.02
        0.00         0.00         0.02         0.00         0.05         0.08         0.03         0.01         0.14
        0.00         0.00         0.03         0.00         0.04         0.05         0.01         0.02         0.05
        0.00         0.00         0.03         0.00         0.01         0.04         0.02         0.03         0.04
        0.00         0.01         0.02         0.01         0.03         0.04         0.06         0.05         0.08
        0.01         0.00         0.05         0.05         0.05         0.04         0.13         0.08         0.12
        0.01         0.05         0.01         0.04         0.08         0.11         0.54         0.10         0.05
        0.06         0.06         0.03         0.06         0.07         0.12         0.05         0.02         0.05
        0.06         0.05         0.09         0.12         0.04         0.06         0.02         0.04         0.02
        0.02         0.05         0.09         0.07         0.05         0.07         0.08         0.05         0.01
        0.08         0.02         0.08         0.05         0.14         0.05         0.08         0.04         0.01
     86400      9     13
        0.00        -0.00         0.01         0.01         0.02         0.01         0.01         0.01         0.00
        0.00        -0.00         0.02         0.01         0.01         0.00         0.01         0.01         0.01
        0.00         0.00         0.02         0.01         0.01         0.02         0.02         0.00         0.01
        0.00         0.00         0.01         0.00         0.02         0.03         0.00         0.00         0.04
        0.00         0.01         0.02         0.00         0.00         0.03         0.01         0.00         0.03
        0.00         0.00         0.02         0.00         0.01         0.03         0.00         0.00         0.01
        0.01         0.00         0.02         0.00         0.01         0.01         0.01         0.00         0.01
        0.01         0.00         0.05         0.01         0.01         0.01         0.01         0.00         0.01
        0.00         0.04         0.08         0.02         0.01         0.02         0.00         0.01         0.01
        0.07         0.03         0.01         0.02         0.07         0.01         0.00         0.01         0.03
        0.01         0.02         0.03         0.04         0.04         0.01         0.02         0.00         0.01
        0.01         0.01         0.05         0.05         0.04         0.01         0.05         0.00         0.02
        0.01         0.01         0.04         0.05         0.04         0.03         0.03         0.01         0.04
    172800      9     13
        0.09         0.13         0.36         0.02         0.05         0.02         0.04         0.01         0.01
        0.26         0.27         0.04         0.03         0.02         0.01         0.02         0.01         0.01
        0.22         0.04         0.24         0.05         0.01         0.04         0.02         0.02         0.02
        0.12         0.12         0.20         0.05         0.06         0.05         0.03         0.03         0.11
        0.31         0.12         0.18         0.03         0.02         0.05         0.21         0.14         0.05
        0.15         0.03         0.15         0.61         0.05         0.16         0.11         0.20         0.11
        0.07         0.06         0.03         0.05         0.09         0.09         0.08         0.03         0.03
        0.04         0.03         0.09         0.04         0.11         0.17         0.06         0.02         0.03
        0.14         0.17         0.03         0.09         0.05         0.09         0.12         0.03         0.08
        0.14         0.15         0.08         0.03         0.07         0.03         0.07         0.16         0.07
        0.06         0.09         0.19         0.13         0.10         0.02         0.07         0.02         0.03
        0.21         0.05         0.14         0.04         0.03         0.07         0.16         0.05         0.06
        0.28         0.12         0.05         0.03         0.21         0.04         0.06         0.16         0.07
    259200      9     13
        0.07         0.03         0.01         0.00         0.00         0.00         0.00         0.00         0.00
        0.02         0.03         0.00         0.00         0.00         0.00         0.00         0.00         0.00
        0.07         0.06         0.02         0.00         0.00         0.00         0.00         0.00         0.00
        0.16         0.07         0.03         0.01         0.07         0.00         0.00         0.00         0.00
        0.10         0.02         0.04         0.01         0.01         0.00         0.00         0.01         0.00
        0.03         0.05         0.02         0.01         0.03         0.00         0.01         0.00         0.00
        0.02         0.01         0.02         0.01         0.03         0.01         0.00         0.00         0.01
        0.00         0.01         0.01         0.00         0.00         0.00         0.01         0.01         0.02
        0.02         0.01         0.00         0.00         0.00         0.00         0.00         0.00         0.00
        0.01         0.01         0.00         0.00         0.00         0.00         0.00         0.00         0.00
        0.03         0.02         0.01         0.00         0.00         0.00         0.00         0.00         0.00
        0.03         0.03         0.00         0.00         0.00         0.00         0.00         0.00         0.00
        0.04         0.03         0.01         0.00         0.00         0.00         0.00         0.00         0.00
    345600      9     13
        0.00         0.00         0.00         0.00         0.00         0.00         0.00         0.00         0.00
        0.00         0.00         0.00         0.00         0.00         0.00         0.00         0.00         0.00
        0.00         0.00         0.00         0.00         0.00         0.00         0.00         0.00         0.00
        0.00         0.00         0.00         0.00         0.00         0.00         0.00         0.00         0.00
        0.00         0.00         0.00         0.00         0.00         0.00         0.00         0.00         0.00
        0.00         0.00         0.00         0.00         0.00         0.00         0.00         0.00         0.00
        0.00         0.00         0.00         0.00         0.00         0.00         0.00         0.00         0.00
        0.00         0.00         0.00         0.00         0.00         0.00         0.00         0.00         0.00
        0.00         0.00         0.00         0.00         0.00         0.00         0.00         0.00         0.00
        0.00         0.00         0.00         0.00         0.00         0.00         0.00         0.00         0.00
        0.00         0.00         0.00         0.00         0.00         0.00         0.00         0.00         0.00
        0.00         0.00         0.00         0.00         0.00         0.00         0.00         0.00         0.00
        0.00         0.00         0.00         0.00         0.00         0.00         0.00         0.00         0.00
    432000      9     13
        0.00         0.00         0.00         0.00         0.00         0.00         0.00         0.00         0.00
        0.00         0.00         0.00         0.00         0.00         0.00         0.00         0.00         0.03
        0.00         0.00         0.00         0.00         0.00         0.00         0.00         0.00         0.18
        0.00         0.00         0.00         0.00         0.00         0.00         0.00         0.00         0.02
        0.00         0.00         0.00         0.00         0.00         0.00         0.00         0.00         0.00
        0.00         0.00         0.00         0.00         0.00         0.00         0.00         0.00         0.00
        0.00         0.00         0.00         0.00         0.00         0.00         0.00         0.00         0.00
        0.00         0.00         0.00         0.00         0.00         0.00         0.00         0.00         0.00
        0.00         0.00         0.00         0.00         0.00         0.00         0.00         0.00         0.00
        0.00         0.00         0.00         0.00         0.00         0.00         0.00         0.00         0.00
        0.00         0.00         0.00         0.00         0.00         0.00         0.00         0.00         0.00
        0.00         0.00         0.00         0.00         0.00         0.00         0.00         0.00         0.00
        0.00         0.00         0.00         0.00         0.00         0.00         0.00         0.00         0.00
    518400      9     13
        0.00         0.09         0.01         0.00         0.00         0.02         0.08         0.07         0.00
        0.03         0.01         0.00         0.01         0.01         0.06         0.05         0.09         0.19
        0.00         0.00         0.00         0.00         0.03         0.05         0.00         0.02         0.06
        0.00         0.00         0.00         0.00         0.01         0.02         0.00         0.02         0.00
        0.00         0.00         0.00         0.00         0.00         0.00         0.00         0.00         0.00
        0.00         0.00         0.00         0.00         0.00         0.00         0.00         0.00         0.01
        0.00         0.00         0.00         0.00         0.00         0.00         0.00         0.00         0.00
        0.00         0.01         0.00         0.00         0.00         0.00         0.00         0.01         0.02
        0.00         0.02         0.00         0.00         0.00         0.00         0.00         0.00         0.00
        0.01         0.00         0.00         0.00         0.02         0.00         0.00         0.00         0.00
        0.00         0.01         0.01         0.00         0.00         0.00         0.00         0.00         0.00
        0.00         0.00         0.01         0.00         0.00         0.00         0.00         0.00         0.00
        0.00         0.01         0.01         0.00         0.00         0.00         0.00         0.00         0.00
    604800      9     13
        0.00         0.00         0.00         0.00         0.00         0.02         0.02         0.01         0.03
        0.00         0.00         0.00         0.00         0.01         0.00         0.01         0.00         0.17
        0.00         0.00         0.00         0.00         0.01         0.00         0.04         0.04         0.01
        0.00         0.00         0.00         0.00         0.01         0.00         0.01         0.00         0.01
        0.00         0.00         0.00         0.00         0.00         0.00         0.10         0.20         0.00
        0.00         0.00         0.00         0.00         0.00         0.01         0.02         0.00         0.00
        0.00         0.00         0.00         0.00         0.00         0.00         0.00         0.00         0.00
        0.00         0.00         0.00         0.01         0.02         0.00         0.00         0.00         0.00
        0.00         0.00         0.00         0.02         0.00         0.00         0.00         0.00         0.00
        0.00         0.00         0.00         0.00         0.01         0.00         0.00         0.00         0.00
        0.00         0.00         0.00         0.00         0.00         0.00         0.00         0.00         0.00
        0.00         0.00         0.01         0.00         0.00         0.00         0.00         0.00         0.00
        0.00         0.00         0.00         0.00         0.02         0.00         0.00         0.00         0.00
    691200      9     13
        0.08         0.46         0.50         0.45         0.09         0.01         0.01         0.05         0.04
        0.15         0.10         0.03         0.08         0.03         0.01         0.03         0.05         0.06
        0.34         0.05         0.16         0.00         0.01         0.00         0.01         0.05         0.02
        0.41         0.19         0.28        -0.00         0.01         0.00         0.00         0.00         0.01
        1.43         0.45         0.09         0.00         0.02        -0.00         0.00         0.06         0.02
        0.41         0.30         0.14         0.07         0.23         0.00         0.00         0.00         0.01
        0.17         0.08         0.47         0.00         0.09         0.03         0.00         0.00         0.17
        0.04         0.07         0.15         0.01         0.00         0.00        -0.00         0.00         0.02
        0.01         0.04         0.00         0.01         0.06         0.03         0.00         0.00         0.02
       -0.00         0.00         0.01         0.01         0.01         0.00         0.00         0.00         0.01
        0.00         0.00         0.00         0.12         0.02         0.00         0.00         0.00         0.01
        0.00         0.00         0.02         0.00         0.00         0.00         0.00         0.00         0.01
        0.00         0.00        -0.00         0.00         0.08         0.00         0.00         0.01         0.01
    777600      9     13
        0.00         0.00         0.00         0.00         0.00         0.00         0.01         0.00         0.01
        0.00         0.00         0.00         0.00         0.00         0.00         0.01         0.02         0.02
        0.00         0.00         0.00         0.00         0.00         0.00         0.01         0.02         0.03
        0.00         0.00         0.00         0.00         0.00         0.00         0.02         0.04         0.09
        0.01         0.00         0.03         0.00         0.00         0.00         0.01         0.10         0.27
        0.00         0.01         0.00         0.00         0.00         0.00         0.00         0.09         0.30
        0.00         0.01         0.00         0.04         0.00         0.00         0.00         0.06         0.44
        0.00         0.00         0.01         0.01         0.01         0.04         0.01         0.04         0.20
        0.00         0.01         0.00         0.00         0.00         0.01         0.02         0.01         0.06
        0.00         0.00         0.00         0.00         0.01         0.00         0.00         0.00         0.14
        0.00         0.00         0.00         0.00         0.01         0.00         0.00         0.01         0.02
        0.00         0.00         0.00         0.00         0.01         0.01         0.01         0.01         0.01
        0.00         0.00         0.01         0.00         0.00         0.00         0.00         0.00         0.02