         0      9     13
        2.01         2.44         1.88         1.47         1.35         1.95         2.88         2.66         1.32
        1.50         1.13         1.44         1.67         1.43         2.20         2.71         1.75         0.81
        1.10         1.15         1.24         1.20         1.41         1.62         1.33         1.19         1.05
        0.49         1.43         1.11         2.08         1.54         2.05         2.17         1.11         1.07
        0.37         0.57         0.68         1.87         1.66         1.01         1.62         1.54         1.11
        0.49         0.40         0.75         0.97         0.90         0.62         0.84         1.08         1.31
        0.62         0.61         0.45         0.74         0.56         0.38         0.37         0.31         0.80
        0.67         0.45         0.36         0.24         0.22         0.05         0.10         0.34         0.33
        0.56         0.29         0.15         0.10         0.06         0.02         0.17         0.12         0.28
        0.24         0.12         0.10         0.07         0.02         0.01         0.03         0.05         0.08
        0.10         0.25         0.12         0.05         0.03         0.04         0.03         0.03         0.10
        0.08         0.32         0.19         0.28         0.11         0.06         0.06         0.11         0.22
        0.15         0.14         0.07         0.09         0.06         0.66         0.06         0.09         0.32
     86400      9     13
        2.79         2.06         2.15         0.74         1.07         0.75         0.23         0.49         0.89
        1.83         1.71         0.70         0.95         1.35         0.69         0.53         0.96         0.30
        1.14         1.37         1.06         1.00         0.88         0.46         0.56         0.54         0.70
        0.61         1.61         1.64         1.67         0.61         0.55         0.37         0.47         0.51
        0.41         0.61         0.63         1.13         1.68         0.41         0.64         0.94         0.72
        0.66         0.54         0.29         0.74         0.98         0.48         0.43         0.61         0.81
        0.30         0.42         0.20         0.54         0.35         0.45         0.41         0.84         1.21
        0.10         0.04         0.40         0.07         0.23         0.15         0.27         0.78         0.54
        0.06         0.14         0.24         0.37         0.10         0.42         0.62         0.61         0.52
        0.28         0.16         0.27         0.13         0.54         0.27         0.35         0.82         0.64
        0.29         0.20         0.20         0.28         0.09         0.18         0.19         0.49         0.47
        0.07         0.34         0.40         0.67         0.11         0.43         0.33         0.09         0.31
        0.17         0.19         0.41         0.56         0.40         0.83         0.16         0.22         0.95
    172800      9     13
        0.79         1.16         1.44         0.59         1.08         0.94         0.88         0.41         0.82
        0.85         0.99         0.73         0.82         0.75         1.08         0.85         0.72         0.43
        0.89         0.84         0.78         0.83         0.70         0.48         0.50         0.75         0.81
        0.49         0.79         0.81         1.01         0.56         0.54         0.52         0.70         0.82
        0.21         0.40         0.40         0.95         0.99         0.59         0.56         0.76         1.06
        0.19         0.51         0.81         0.39         0.66         0.56         0.77         0.77         1.16
        0.18         0.21         0.37         0.43         0.62         0.44         0.59         0.90         0.99
        0.40         0.21         0.30         0.41         0.37         0.23         0.52         0.62         1.13
        0.17         0.27         0.12         0.50         0.26         0.33         0.63         1.23         0.99
        0.22         0.18         0.30         0.21         0.25         0.13         0.40         0.72         0.75
        0.25         0.38         0.26         0.05         0.03         0.11         0.19         0.41         0.48
        0.04         0.08         0.16         0.33         0.09         0.06         0.07         0.29         0.55
        0.01         0.12         0.19         0.45         0.18         0.84         0.12         0.21         0.51
    259200      9     13
        1.23         1.17         1.28         0.70         0.71         0.34         0.52         0.52         0.75
        1.35         1.06         0.55         0.75         0.61         0.54         0.50         0.51         0.35
        0.73         1.00         0.66         0.62         0.30         0.43         0.33         0.41         0.24
        0.49         1.26         0.73         0.81         0.70         0.29         0.64         0.42         0.39
        0.67         0.79         0.61         0.64         0.83         0.57         0.61         0.44         0.72
        0.81         0.41         0.82         0.82         0.85         0.48         0.45         0.41         0.95
        0.41         0.34         0.49         0.74         0.45         0.45         0.33         0.48         0.72
        0.37         0.42         1.17         0.24         0.51         0.41         0.82         0.45         0.73
        0.45         0.64         0.32         0.66         0.32         0.27         0.46         0.66         0.64
        0.96         0.50         0.34         0.31         0.74         0.28         0.43         0.61         0.53
        0.41         0.83         0.43         0.18         0.16         0.49         0.65         0.92         0.63
        1.18         0.91         0.51         0.27         0.23         0.60         0.32         0.78         0.71
        0.33         0.32         0.58         0.54         0.61         0.56         0.36         0.58         0.35
    345600      9     13
        0.90         1.21         1.14         0.65         0.68         0.10         0.39         0.46         0.91
        0.75         0.99         0.49         0.94         0.40         0.24         0.45         0.68         0.47
        0.25         0.72         0.89         0.40         0.45         0.30         0.39         0.57         0.34
        0.39         1.04         0.71         0.94         0.21         0.34         0.20         0.26         0.57
        0.30         0.59         0.68         0.58         0.66         0.46         0.41         0.54         0.94
        0.36         0.56         0.72         0.41         0.33         0.21         0.57         0.38         1.06
        0.57         0.36         0.35         0.83         0.26         0.64         0.64         0.65         1.15
        0.31         0.18         0.31         0.24         0.50         0.75         0.54         0.49         1.03
        0.36         0.49         0.51         0.57         0.43         0.62         0.33         0.42         0.54
        0.47         0.23         0.44         0.55         0.40         0.45         0.42         0.74         0.98
        0.75         0.44         0.34         0.24         0.25         0.36         0.80         0.84         0.86
        0.64         0.38         0.28         0.30         0.37         0.44         0.27         0.41         0.58
        0.68         0.38         0.62         0.39         0.43         1.06         0.64         0.56         0.42
    432000      9     13
        0.31         0.54         1.78         0.86         0.10         0.14         0.45         0.36         0.11
        0.17         0.16         0.56         0.52         0.22         0.14         0.20         0.46         0.43
        0.06         0.36         1.10         0.52         0.15         0.23         0.47         0.75         0.24
        0.04         0.10         0.52         0.99         0.49         0.33         0.51         0.44         0.63
        0.25         0.78         0.72         1.13         1.20         0.25         0.51         0.63         0.73
        0.71         0.65         0.70         0.31         0.95         0.37         0.65         0.48         0.35
        0.29         0.61         0.23         0.73         0.73         0.34         0.55         0.29         0.10
        0.19         0.16         0.24         0.34         0.44         0.40         0.61         0.20         0.08
        0.28         0.36         0.80         0.70         0.16         0.21         0.21         0.23         0.13
        0.27         0.10         0.55         0.42         0.28         0.61         0.23         0.08         0.35
        0.17         0.32         0.49         0.40         0.29         0.30         0.11         0.12         0.23
        0.20         0.25         0.37         0.47         0.14         0.26         0.51         0.21         0.06
        0.10         0.39         0.67         0.48         0.22         0.64         0.24         0.24         0.12
    518400      9     13
        0.64         0.60         0.62         0.33         0.45         0.13         0.26         0.32         0.31
        0.53         0.34         0.21         0.27         0.20         0.07         0.14         0.21         0.08
        0.15         0.35         0.24         0.31         0.05         0.21         0.14         0.28         0.07
        0.11         0.51         0.45         0.56         0.42         0.34         0.16         0.50         0.32
        0.19         0.11         0.27         1.16         1.24         0.15         0.24         0.60         0.77
        0.40         0.13         0.28         0.63         0.74         0.22         0.24         0.69         0.98
        0.39         0.20         0.20         0.43         0.16         0.10         0.50         0.33         0.63
        0.19         0.13         0.21         0.12         0.15         0.09         0.22         0.40         0.12
        0.30         0.23         0.58         0.19         0.07         0.07         0.08         0.23         0.31
        0.31         0.37         0.23         0.10         0.22         0.08         0.11         0.07         0.46
        0.25         0.43         0.18         0.12         0.20         0.19         0.11         0.07         0.06
        0.32         0.41         0.27         0.35         0.05         0.22         0.18         0.10         0.07
        0.76         0.21         0.24         0.34         0.09         0.44         0.07         0.07         0.16
    604800      9     13
        0.37         0.52         0.14         0.13         0.16         0.33         0.26         0.15         0.19
        0.29         0.38         0.20         0.17         0.12         0.29         0.19         0.18         0.17
        0.38         0.18         0.26         0.18         0.20         0.12         0.16         0.26         0.35
        0.31         0.44         0.41         0.28         0.26         0.22         0.42         0.44         0.24
        0.08         0.29         0.40         0.32         0.37         0.31         0.31         0.21         0.57
        0.27         0.13         0.34         0.51         0.26         0.23         0.91         0.40         0.61
        0.20         0.12         0.15         0.20         0.14         0.29         0.67         0.61         0.32
        0.12         0.15         0.17         0.09         0.29         0.19         0.41         0.52         0.57
        0.07         0.15         0.20         0.34         0.12         0.18         0.22         0.53         0.69
        0.27         0.19         0.31         0.22         0.16         0.26         0.25         0.24         0.26
        0.33         0.28         0.43         0.33         0.17         0.26         0.39         0.30         0.33
        0.46         0.83         0.71         1.00         0.23         0.26         0.26         0.22         0.22
        0.37         0.32         0.49         0.44         0.12         0.67         0.22         0.27         0.31
    691200      9     13
        0.32         0.29         0.39         0.28         0.64         0.23         0.23         0.14         0.27
        0.27         0.40         0.24         0.42         0.52         0.18         0.13         0.09         0.09
        0.36         0.24         0.38         0.25         0.46         0.38         0.09         0.10         0.26
        0.29         0.41         0.55         0.32         0.58         0.21         0.10         0.08         0.18
        0.39         0.33         0.68         0.39         0.33         0.39         0.18         0.13         0.19
        0.36         0.25         0.75         0.29         0.24         0.20         0.12         0.26         0.42
        0.57         0.42         0.53         0.29         0.25         0.19         0.18         0.31         0.19
        0.34         0.30         0.47         0.70         0.43         0.15         0.30         0.47         0.45
        0.24         0.39         0.30         0.61         0.29         0.53         0.46         0.40         0.67
        0.45         0.46         0.48         0.23         0.49         0.44         0.20         0.43         0.13
        0.26         0.49         0.44         0.41         0.28         0.35         0.53         0.31         0.18
        0.27         0.37         0.40         0.36         0.43         0.13         0.25         0.23         0.11
        0.53         0.51         0.61         0.47         1.05         0.10         0.25         0.72         0.19
    777600      9     13
        0.05         0.03         0.09         0.03         0.13         0.09         0.06         0.06         0.06
        0.03         0.06         0.05         0.06         0.08         0.07         0.05         0.05         0.09
        0.07         0.03         0.08         0.06         0.12         0.09         0.05         0.07         0.17
        0.05         0.06         0.07         0.04         0.14         0.12         0.05         0.04         0.12
        0.06         0.04         0.15         0.09         0.08         0.10         0.04         0.05         0.12
        0.09         0.08         0.15         0.09         0.09         0.11         0.09         0.05         0.10
        0.07         0.09         0.13         0.08         0.10         0.08         0.04         0.13         0.07
        0.07         0.09         0.11         0.07         0.10         0.07         0.06         0.06         0.15
        0.06         0.19         0.09         0.14         0.08         0.13         0.05         0.04         0.07
        0.09         0.31         0.20         0.21         0.13         0.10         0.08         0.08         0.10
        0.08         0.14         0.20         0.14         0.09         0.17         0.09         0.09         0.07
        0.10         0.10         0.20         0.22         0.24         0.09         0.15         0.06         0.07
        0.09         0.10         0.23         0.28         0.27         0.13         0.20         0.10         0.06