         0      9     13
        0.01         0.03         0.16         0.36         0.25         0.37         0.63         0.45         0.58
        0.16         0.16         0.08         0.33         0.14         0.43         0.37         0.60         0.63
        0.26         0.23         0.53         0.39         0.11         0.29         0.30         0.46         0.52
        0.13         0.38         0.65         0.49         0.49         0.34         0.34         0.70         0.58
        0.05         0.36         0.47         0.72         1.20         0.29         0.63         0.65         0.14
        0.01         0.21         0.24         0.66         0.99         0.65         0.24         0.45         0.26
        0.29         0.02         0.32         0.69         0.24         0.49         0.50         0.75         0.32
        0.01         0.02         0.14         0.45         0.19         0.48         0.56         0.73         0.27
        0.01         0.04         0.32         0.16         0.29         0.29         0.38         0.51         0.54
        0.12         0.35         0.19         0.20         0.58         0.12         0.43         0.32         0.23
        0.06         0.02         0.20         0.15         0.32         0.80         0.30         0.15         0.23
        0.23         0.14         0.17         0.32         0.88         0.34         0.57         0.26         0.58
        0.15         0.14         0.05         0.23         0.15         0.20         0.28         0.35         0.71
     86400      9     13
        1.18         0.55         0.34         0.18         0.15         0.42         0.26         0.39         0.78
        0.73         0.46         0.27         0.27         0.19         0.20         0.20         0.18         0.37
        1.04         0.32         0.32         0.05         0.24         0.21         0.20         0.25         0.20
        1.41         1.57         0.39         0.04         0.61         0.21         0.12         0.27         0.32
        1.21         1.86         0.93         1.11         0.50         0.34         0.11         0.20         0.20
        1.59         1.12         1.27         1.12         0.35         0.36         0.32         0.12         0.79
        1.74         1.09         1.39         0.79         1.00         0.73         1.33         0.68         0.24
        0.55         1.84         0.94         1.08         0.94         0.74         0.68         0.51         0.32
        0.33         1.22         0.79         1.26         0.68         0.51         0.23         0.38         0.52
        0.36         0.92         0.98         0.62         1.01         0.45         0.40         0.48         0.43
        0.62         0.72         1.59         0.67         0.48         0.36         0.42         0.51         0.71
        0.87         0.69         1.27         0.73         0.65         0.64         0.38         0.48         0.20
        0.68         0.91         0.67         0.63         0.59         0.49         0.41         0.50         0.41
    172800      9     13
        0.26         0.05         0.07         0.04         0.07         0.07         0.22         0.08         0.25
        0.62         0.58         0.09         0.40         0.12         0.12         0.33         0.33         0.23
        0.85         0.39         0.34         0.13         0.05         0.20         0.42         0.29         0.16
        0.73         0.55         0.49         0.32         1.04         0.34         0.76         0.55         0.38
        0.83         0.47         0.70         1.34         1.27         0.46         1.09         0.88         1.47
        1.16         0.95         0.61         1.22         1.17         0.33         1.12         0.80         0.90
        1.77         1.31         0.87         0.83         1.08         0.69         1.76         0.45         0.73
        1.10         1.04         1.25         1.13         0.48         0.84         0.93         0.82         0.57
        0.79         0.80         0.72         1.04         1.04         1.08         1.62         1.08         0.75
        0.83         0.84         1.36         0.44         0.86         0.72         0.94         1.95         0.72
        0.92         0.85         0.79         0.64         0.48         0.50         0.54         1.36         0.79
        0.66         0.66         0.70         0.44         0.60         0.36         0.21         1.19         1.23
        1.65         0.50         0.50         0.32         1.02         0.41         0.20         0.97         1.27
    259200      9     13
        0.02         0.17         0.10         0.10         0.10         0.35         0.25         0.05         0.33
        0.06         0.20         0.04         0.16         0.06         0.11         0.20         0.14         0.33
        0.84         0.19         0.10         0.04         0.09         0.23         0.39         0.26         0.15
        0.30         0.37         0.57         0.09         0.43         0.06         0.25         0.50         0.24
        0.42         0.36         0.18         0.11         0.49         0.25         0.44         0.59         0.14
        0.10         0.13         0.11         0.79         1.07         0.20         0.49         0.48         0.61
        0.19         0.14         0.06         0.19         1.08         0.26         0.72         0.42         0.28
        0.19         0.34         0.29         0.40         0.55         0.30         0.62         0.55         0.58
        0.43         0.41         0.28         0.40         0.22         0.40         0.46         0.69         0.37
        0.73         0.26         0.81         0.60         0.21         0.54         0.19         0.51         0.19
        0.23         0.44         1.25         0.66         0.39         0.37         0.05         0.07         0.12
        0.30         0.56         0.71         0.89         0.67         0.58         0.16         0.08         0.12
        0.55         0.46         0.71         0.79         1.07         0.31         0.36         0.32         0.07
    345600      9     13
        0.03         0.05         0.14         0.03         0.05         0.04         0.02         0.01         0.02
        0.05         0.17         0.04         0.04         0.01         0.01         0.01         0.01         0.02
        0.05         0.14         0.11         0.02         0.01         0.01         0.01         0.01         0.04
        0.13         0.05         0.10         0.07         0.27         0.05         0.01         0.02         0.02
        0.19         0.08         0.13         0.03         0.04         0.09         0.03         0.03         0.05
        0.10         0.06         0.10         0.05         0.08         0.06         0.03         0.01         0.03
        0.20         0.11         0.05         0.14         0.26         0.05         0.05         0.05         0.02
        0.50         0.16         0.17         0.08         0.24         0.11         0.06         0.06         0.05
        0.16         0.45         0.18         0.19         0.22         0.07         0.05         0.12         0.11
        0.29         0.06         0.20         0.03         0.30         0.01         0.03         0.21         0.30
        0.27         0.13         0.57         0.59         0.08         0.14         0.11         0.38         0.21
        0.62         0.50         0.68         0.26         0.31         0.27         0.47         0.30         0.24
        0.66         0.28         0.19         0.25         0.59         0.05         0.20         0.32         0.22
    432000      9     13
        0.04         0.13         0.52         0.51         0.30         0.09         1.08         0.83         0.16
        0.08         0.39         0.13         0.37         0.23         0.33         0.18         0.20         0.30
        0.17         0.10         0.27         0.33         0.13         0.27         0.13         0.20         0.21
        0.66         0.30         0.27         0.04         1.16         0.30         0.21         0.08         0.41
        0.56         0.21         0.64         0.07         0.27         0.10         0.08         0.26         0.24
        1.00         0.67         0.24         0.38         0.37         0.22         0.22         0.15         0.42
        0.25         0.29         0.12         0.57         0.48         0.13         0.48         0.27         0.18
        0.38         0.93         0.30         0.21         0.60         0.10         0.07         0.29         0.26
        0.29         0.19         0.06         0.22         0.47         0.08         0.02         0.05         0.17
        0.43         0.13         0.07         0.08         0.23         0.25         0.04         0.06         0.17
        0.62         0.38         0.08         0.06         0.01         0.04         0.01         0.22         0.07
        0.55         0.66         0.10         0.02         0.02         0.03         0.02         0.04         0.10
        0.27         0.34         0.29         0.15         0.10         0.08         0.02         0.04         0.04
    518400      9     13
        0.45         0.55         0.67         0.61         1.20         1.32         1.62         1.52         1.56
        0.43         0.46         0.64         1.07         1.53         1.70         1.73         1.67         1.92
        0.49         0.75         0.83         1.33         1.71         1.78         1.90         1.55         1.99
        0.56         0.54         0.76         1.12         1.41         1.36         1.53         1.42         1.49
        0.61         0.58         1.02         0.80         1.12         1.08         1.05         1.06         1.27
        0.54         0.58         0.72         0.79         0.83         0.58         0.68         1.09         1.26
        0.61         0.60         0.84         0.60         0.63         0.63         0.80         0.90         1.05
        0.22         0.31         0.40         0.50         0.54         0.63         0.63         0.77         0.76
        0.19         0.37         0.36         0.57         0.68         0.65         0.80         0.75         0.70
        0.37         0.30         0.28         0.18         0.33         0.06         0.08         0.15         0.22
        0.32         0.14         0.05         0.10         0.18         0.02         0.10         0.03         0.06
        0.06         0.05         0.14         0.18         0.25         0.14         0.26         0.07         0.11
        0.12         0.05         0.06         0.07         0.09         0.22         0.05         0.05         0.08
    604800      9     13
        1.64         1.50         2.26         1.10         1.09         1.59         1.36         0.60         0.61
        1.86         1.40         1.95         1.92         2.60         3.20         2.30         1.26         1.20
        1.63         1.47         1.71         1.60         1.27         1.63         1.84         1.54         2.30
        1.49         1.62         1.53         1.69         1.51         1.48         2.46         1.66         1.77
        1.07         1.45         1.12         1.38         1.09         0.93         1.91         1.48         0.99
        0.72         0.98         0.68         0.80         0.54         0.52         1.81         1.30         1.68
        0.83         0.65         0.54         1.04         0.47         0.68         1.85         1.49         1.23
        0.75         0.53         0.74         0.36         0.51         0.72         0.82         1.55         1.38
        0.74         0.72         0.71         1.23         0.29         0.54         0.59         1.19         0.75
        0.88         1.07         0.77         0.78         0.23         0.54         0.73         0.54         0.49
        0.89         0.57         0.88         0.38         0.18         0.46         0.36         0.45         0.49
        0.89         0.92         1.24         1.22         0.20         0.84         0.34         0.30         0.56
        0.86         0.65         0.74         0.77         0.32         0.81         0.32         0.73         1.20
    691200      9     13
        0.94         0.51         0.58         0.36         0.32         0.90         0.15         0.35         0.90
        0.90         0.98         0.68         0.57         0.97         0.61         0.60         0.36         0.57
        1.19         0.54         1.03         0.20         1.12         0.55         0.38         0.71         1.36
        0.85         0.43         1.26         0.62         0.78         0.26         0.37         0.59         0.48
        0.89         0.49         0.86         0.58         0.67         1.01         1.01         0.78         1.20
        0.88         1.49         1.38         0.65         0.91         0.84         1.01         1.02         0.77
        0.99         1.16         1.57         0.96         1.02         0.70         0.80         0.97         0.95
        1.09         1.09         1.72         0.65         0.54         0.44         0.88         0.78         1.21
        1.08         0.89         0.79         1.03         0.64         0.77         1.44         1.39         1.71
        0.92         0.77         0.87         0.90         1.21         0.87         1.33         1.16         1.40
        1.18         1.47         1.34         0.80         0.42         0.50         1.13         0.47         1.28
        1.77         1.56         1.20         1.44         0.44         0.87         0.46         0.78         0.97
        1.92         1.93         1.48         1.54         0.83         2.09         0.75         0.88         1.09
    777600      9     13
        1.17         1.25         0.96         0.42         0.95         0.86         0.38         0.38         0.30
        0.77         0.75         0.32         1.02         0.86         0.87         1.18         0.91         0.50
        0.85         0.39         0.89         0.29         0.99         1.29         0.29         1.07         1.03
        0.63         0.44         1.42         0.76         0.99         0.74         0.26         0.25         1.17
        1.40         1.41         1.76         1.94         0.68         0.81         1.70         1.60         0.27
        1.01         2.00         1.48         2.17         1.50         1.12         1.38         2.07         0.80
        1.57         1.11         1.64         1.84         1.64         1.64         0.85         1.23         1.16
        1.59         0.93         2.42         1.53         1.51         1.61         1.97         1.50         1.22
        1.02         1.26         1.76         2.40         1.13         1.73         1.32         1.07         1.08
        0.91         1.03         1.16         1.33         2.64         1.31         1.25         1.26         1.07
        0.97         1.42         1.38         1.16         1.33         0.84         2.15         2.13         0.98
        0.94         1.32         1.12         1.35         0.77         1.23         2.02         2.74         2.31
        1.28         0.79         1.12         1.17         1.35         1.69         1.42         1.60         2.41