         0      9     13
        1.15         0.63         0.83         0.60         0.55         0.26         0.56         0.59         0.61
        0.85         0.77         0.66         0.57         0.61         0.59         0.76         0.96         0.37
        0.79         0.98         0.69         0.57         0.26         0.14         0.81         0.66         0.34
        0.75         1.05         1.12         1.72         0.65         0.59         0.63         0.29         0.81
        0.43         0.91         0.68         0.56         0.86         0.43         0.71         0.93         1.12
        0.47         0.62         0.52         0.78         0.70         0.57         0.93         0.71         1.19
        0.35         0.87         0.28         0.60         0.46         0.22         0.61         0.69         0.84
        0.59         0.12         0.49         0.21         0.23         0.08         0.23         0.35         0.73
        0.07         0.25         0.85         0.52         0.10         0.09         0.34         0.33         0.81
        0.38         0.73         0.38         0.23         0.41         0.15         0.09         0.17         0.96
        0.39         0.53         0.59         0.38         0.34         0.25         0.15         0.16         0.35
        0.41         0.64         0.76         0.57         0.40         0.45         0.47         0.06         0.12
        0.20         0.54         0.98         0.85         0.74         1.69         0.99         0.43         0.53
     86400      9     13
        0.92         1.32         1.37         1.70         0.69         1.15         0.93         1.24         1.17
        0.85         1.03         1.10         0.82         0.70         0.90         0.75         0.79         0.42
        0.66         0.70         0.94         0.61         0.64         0.46         0.87         1.06         0.20
        0.38         0.94         1.26         1.60         0.40         0.29         1.09         0.43         0.67
        0.31         0.40         0.69         1.24         1.56         0.46         0.97         1.19         0.98
        0.18         0.33         0.58         0.70         1.02         0.36         0.53         1.33         1.40
        0.58         0.82         0.25         0.59         0.71         0.31         0.97         0.81         1.14
        0.31         0.26         0.55         0.24         0.21         0.31         0.34         0.86         0.74
        0.35         0.32         0.73         0.65         0.14         0.24         0.23         0.67         0.81
        0.27         0.49         0.54         0.71         0.22         0.30         0.21         0.27         0.46
        0.21         0.36         0.57         0.28         0.15         0.19         0.12         0.36         0.82
        0.28         0.23         0.73         0.47         0.27         0.29         0.46         0.02         0.18
        0.33         0.30         0.29         0.59         0.39         1.41         0.34         0.23         0.24
    172800      9     13
        1.86         1.58         1.74         1.07         0.96         0.93         0.82         0.65         0.85
        1.71         1.67         1.62         1.07         1.35         0.92         0.61         0.67         0.43
        1.51         1.52         1.36         1.10         0.58         0.64         0.83         0.58         0.40
        0.66         1.93         1.28         1.92         0.91         0.56         0.65         0.58         0.77
        0.31         0.27         0.50         1.51         2.01         0.55         0.95         1.12         0.91
        0.14         0.11         0.58         0.95         1.12         0.34         0.98         1.12         0.98
        0.15         0.09         0.27         0.79         0.48         0.51         0.68         0.99         1.08
        0.05         0.05         0.27         0.15         0.36         0.35         0.98         0.97         1.09
        0.03         0.12         0.45         0.27         0.15         0.55         1.00         0.75         0.85
        0.15         0.10         0.30         0.31         0.59         0.62         0.49         0.57         0.48
        0.01         0.13         0.32         0.43         0.44         0.32         0.41         0.45         0.31
        0.01         0.14         0.41         0.49         0.29         0.61         0.87         0.21         0.26
        0.11         0.23         0.35         0.66         0.38         1.14         0.26         0.30         0.28
    259200      9     13
        1.14         1.21         0.65         0.41         0.43         0.27         0.48         0.79         0.48
        0.84         0.82         0.45         0.60         0.62         0.55         0.62         0.79         0.20
        0.69         0.93         0.59         0.75         0.29         0.70         0.94         0.72         0.62
        0.34         1.10         0.56         1.14         0.60         0.64         1.22         0.64         0.61
        0.42         0.58         0.57         1.05         1.32         0.45         1.21         1.24         1.10
        0.35         0.57         0.95         0.82         0.82         0.62         0.76         0.87         1.21
        0.80         0.92         0.32         1.06         0.80         0.48         0.81         1.51         0.95
        0.59         0.46         0.99         0.25         0.76         0.57         0.90         1.13         0.53
        0.34         0.33         0.44         0.39         0.39         0.79         0.62         0.46         0.47
        0.34         0.26         0.37         0.37         1.05         0.81         0.48         0.48         0.46
        0.10         0.68         0.45         0.19         0.24         0.22         0.38         0.41         0.39
        0.53         0.31         0.61         0.94         0.46         0.57         0.44         0.08         0.24
        0.30         0.58         0.50         0.59         0.51         1.42         0.20         0.11         0.22
    345600      9     13
        0.51         0.33         0.85         0.69         0.39         0.17         0.29         0.26         0.47
        0.42         0.76         0.32         0.47         0.25         0.23         0.61         0.82         0.13
        0.19         0.55         0.32         0.50         0.11         0.13         0.58         0.40         0.10
        0.08         0.99         1.19         1.59         0.64         0.52         0.39         0.28         0.30
        0.35         0.44         0.71         1.30         1.10         0.25         0.43         0.50         0.42
        0.57         0.62         0.42         0.72         0.78         0.29         0.67         0.56         0.81
        0.33         0.54         0.27         0.69         0.83         0.81         0.68         0.30         0.87
        0.30         0.11         0.62         0.18         0.16         0.16         0.30         0.39         0.63
        0.26         0.35         0.60         0.19         0.07         0.11         0.26         0.33         0.66
        0.47         0.31         0.11         0.24         0.12         0.11         0.20         0.50         0.41
        0.05         0.09         0.35         0.26         0.14         0.08         0.09         0.19         0.24
        0.06         0.31         0.52         0.69         0.33         0.17         0.24         0.04         0.18
        0.18         0.60         0.35         0.52         0.26         1.16         0.40         0.30         0.65
    432000      9     13
        0.13         0.04         0.09         0.06         0.08         0.08         0.06         0.07         0.04
        0.08         0.10         0.07         0.09         0.09         0.05         0.05         0.07         0.05
        0.07         0.05         0.06         0.16         0.09         0.04         0.21         0.04         0.03
        0.04         0.16         0.12         1.14         0.18         0.20         0.06         0.04         0.26
        0.15         0.20         0.09         0.13         0.38         0.15         0.02         0.06         0.06
        0.09         0.12         0.06         0.05         0.13         0.10         0.03         0.05         0.04
        0.08         0.14         0.06         0.10         0.07         0.07         0.05         0.03         0.03
        0.17         0.07         0.25         0.11         0.08         0.10         0.03         0.03         0.03
        0.16         0.18         0.29         0.16         0.09         0.02         0.02         0.02         0.02
        0.28         0.26         0.40         0.13         0.13         0.03         0.05         0.02         0.01
        0.14         0.11         0.22         0.14         0.08         0.04         0.02         0.02         0.03
        0.20         0.46         0.33         0.28         0.16         0.10         0.13         0.01         0.00
        0.08         0.46         0.80         0.25         0.25         1.06         0.13         0.06         0.01
    518400      9     13
        0.02         0.06         0.07         0.08         0.11         0.09         0.06         0.07         0.03
        0.06         0.06         0.05         0.07         0.09         0.07         0.05         0.07         0.05
        0.04         0.02         0.08         0.12         0.06         0.05         0.09         0.07         0.03
        0.03         0.06         0.11         0.57         0.33         0.20         0.03         0.03         0.21
        0.06         0.11         0.08         0.25         0.70         0.13         0.01         0.13         0.38
        0.06         0.08         0.08         0.05         0.08         0.07         0.01         0.01         0.02
        0.10         0.10         0.06         0.03         0.09         0.04         0.01         0.01         0.01
        0.05         0.04         0.10         0.09         0.09         0.04         0.02         0.01         0.01
        0.04         0.11         0.08         0.15         0.08         0.02         0.00         0.01         0.02
        0.07         0.07         0.08         0.06         0.16         0.01         0.06         0.02         0.01
        0.04         0.08         0.11         0.14         0.06         0.08         0.03         0.01         0.03
        0.10         0.50         0.17         0.33         0.27         0.07         0.09         0.01         0.03
        0.23         0.67         0.69         0.50         0.23         0.56         0.12         0.03         0.01
    604800      9     13
        0.48         0.27         0.24         0.37         0.22         0.12         0.13         0.19         0.11
        0.39         0.49         0.43         0.14         0.08         0.05         0.05         0.18         0.12
        0.12         0.02         0.09         0.18         0.06         0.02         0.09         0.10         0.02
        0.03         0.06         0.11         1.03         0.35         0.21         0.05         0.04         0.23
        0.07         0.08         0.09         0.45         0.30         0.11         0.01         0.02         0.21
        0.03         0.07         0.10         0.05         0.04         0.04         0.01         0.02         0.03
        0.07         0.07         0.02         0.01         0.08         0.03         0.01         0.01         0.01
        0.08         0.05         0.09         0.05         0.08         0.05         0.02         0.01         0.01
        0.12         0.12         0.13         0.11         0.07         0.03         0.01         0.01         0.01
        0.08         0.17         0.08         0.10         0.07         0.00         0.01         0.02         0.02
        0.06         0.13         0.10         0.17         0.06         0.08         0.02         0.01         0.01
        0.03         0.28         0.32         0.36         0.27         0.05         0.08         0.00         0.01
        0.13         0.43         0.68         0.32         0.14         0.62         0.11         0.02         0.00
    691200      9     13
        1.25         1.54         1.31         0.89         0.59         0.52         0.37         0.57         0.77
        0.88         0.90         0.47         0.50         0.55         0.44         0.45         0.83         0.50
        0.44         0.17         0.39         0.39         0.22         0.46         0.89         0.66         0.34
        0.10         0.37         0.92         1.07         0.38         0.37         0.36         0.99         0.75
        0.28         0.25         0.52         1.10         1.05         0.24         0.31         0.54         0.76
        0.14         0.32         0.28         0.80         0.56         0.14         0.01         0.80         0.80
        0.16         0.15         0.06         0.11         0.26         0.03         0.03         0.51         0.53
        0.10         0.15         0.25         0.04         0.05         0.02         0.02         0.17         0.77
        0.05         0.16         0.10         0.10         0.05         0.02         0.01         0.04         0.15
        0.05         0.07         0.10         0.21         0.09         0.01         0.02         0.03         0.45
        0.13         0.05         0.06         0.19         0.04         0.03         0.02         0.02         0.07
        0.01         0.07         0.28         0.31         0.24         0.04         0.07         0.00         0.04
        0.07         0.29         0.40         0.28         0.15         0.99         0.12         0.03         0.01
    777600      9     13
        1.39         0.77         0.43         0.35         0.21         0.30         0.29         0.54         0.43
        0.62         0.50         0.44         0.46         0.46         0.44         0.50         0.48         0.18
        0.08         0.33         0.44         0.41         0.16         0.15         0.49         0.35         0.10
        0.16         0.55         0.63         1.44         0.46         0.20         0.07         0.06         0.42
        0.30         0.29         0.27         0.32         0.77         0.16         0.08         0.30         0.79
        0.13         0.13         0.41         0.36         0.38         0.09         0.07         0.33         0.53
        0.07         0.09         0.03         0.18         0.53         0.04         0.04         0.80         0.90
        0.06         0.04         0.22         0.07         0.06         0.03         0.03         0.07         0.57
        0.03         0.12         0.34         0.15         0.16         0.06         0.10         0.31         0.57
        0.58         0.12         0.07         0.20         0.11         0.19         0.12         0.14         0.11
        0.08         0.17         0.62         0.17         0.12         0.07         0.14         0.08         0.10
        0.41         1.05         0.71         0.64         0.13         0.11         0.21         0.08         0.03
        0.63         0.67         0.49         0.47         0.28         0.98         0.21         0.16         0.06