         0      9     13
        1.95         2.13         2.11         2.16         1.78         1.71         1.20         1.65         1.89
        1.59         1.72         1.90         1.93         1.62         1.46         1.26         1.51         1.32
        0.95         1.13         1.19         1.26         1.17         1.04         1.24         1.33         1.15
        0.53         0.66         0.82         1.50         1.17         1.18         0.99         0.99         1.06
        0.38         0.55         0.75         0.88         0.86         0.79         0.60         0.51         0.52
        0.20         0.32         0.40         0.30         0.38         0.46         0.22         0.19         0.33
        0.25         0.43         0.17         0.21         0.40         0.20         0.10         0.11         0.15
        0.64         0.23         0.25         0.20         0.25         0.21         0.08         0.08         0.09
        0.18         0.27         0.24         0.25         0.19         0.15         0.19         0.15         0.17
        0.27         0.27         0.49         0.49         0.21         0.14         0.11         0.10         0.09
        0.28         0.30         0.39         0.30         0.18         0.18         0.10         0.18         0.12
        0.44         0.49         0.64         0.72         0.82         0.37         0.37         0.15         0.19
        0.44         0.51         0.38         0.35         0.36         0.95         0.28         0.16         0.21
     86400      9     13
        2.21         2.37         2.83         2.95         2.83         2.47         1.99         1.84         1.52
        1.86         1.97         1.99         2.00         1.76         1.46         1.23         1.30         0.88
        1.38         1.42         1.47         1.55         1.27         1.04         1.39         0.79         0.67
        1.08         1.14         1.40         2.01         1.74         1.56         0.86         0.73         1.08
        0.92         1.05         1.03         1.74         1.37         1.04         0.91         1.00         0.94
        0.75         0.76         0.78         0.72         0.95         0.67         0.56         0.67         1.30
        0.56         0.70         0.61         0.69         0.66         0.49         0.48         0.49         0.98
        0.49         0.42         0.55         0.50         0.51         0.31         0.32         0.35         0.38
        0.47         0.56         0.59         0.41         0.32         0.27         0.37         0.28         0.39
        0.49         0.51         0.42         0.36         0.35         0.34         0.30         0.24         0.34
        0.26         0.34         0.55         0.44         0.43         0.38         0.21         0.20         0.16
        0.30         0.23         0.42         0.87         0.53         0.42         0.29         0.05         0.05
        0.23         0.28         0.40         0.84         0.60         0.99         0.30         0.04         0.05
    172800      9     13
        4.60         3.04         2.78         2.54         2.16         1.17         1.18         1.07         1.25
        1.97         2.01         2.17         1.67         1.56         1.56         1.41         1.25         0.90
        1.74         1.89         1.74         1.21         0.66         0.62         0.60         0.59         0.94
        1.33         1.48         1.40         1.69         0.98         0.90         0.61         0.96         1.32
        1.44         1.41         1.26         1.14         1.24         1.05         0.90         0.85         0.99
        1.32         1.20         0.91         0.75         1.05         0.81         1.14         1.07         1.05
        0.99         0.80         0.54         0.45         0.63         0.63         1.18         0.84         0.91
        0.83         0.54         0.44         0.49         0.64         0.58         0.73         1.14         1.02
        0.56         0.39         0.44         0.43         0.39         0.35         0.53         0.94         0.98
        0.46         0.31         0.57         0.54         0.46         0.53         0.74         1.08         0.71
        0.23         0.38         0.63         0.33         0.25         0.36         0.63         0.75         0.70
        0.50         0.58         0.74         0.58         0.38         0.51         0.85         0.25         0.51
        0.52         0.62         0.92         1.42         0.99         1.18         0.86         0.46         0.97
    259200      9     13
        0.84         0.81         0.96         0.43         0.59         0.25         0.68         0.25         0.39
        0.73         0.76         0.48         0.63         0.79         0.43         0.46         0.62         0.48
        0.63         1.00         0.68         0.78         0.80         0.85         0.57         0.62         0.43
        0.59         1.00         0.82         0.82         0.65         0.60         0.69         0.64         0.71
        0.93         0.99         0.70         1.31         1.05         0.99         0.80         0.87         0.96
        0.79         0.87         1.02         1.13         1.10         0.69         0.59         0.83         0.66
        0.92         0.94         0.80         1.39         0.69         0.87         0.51         0.70         0.94
        0.67         0.73         0.65         0.60         0.70         0.70         0.81         0.52         0.74
        0.67         0.67         0.97         0.46         0.35         0.29         0.46         0.48         1.06
        0.60         0.85         0.66         0.67         0.31         0.81         0.66         0.78         0.76
        0.79         0.57         0.65         0.55         0.47         0.72         0.39         0.61         0.65
        0.80         0.89         0.94         0.38         0.54         0.47         0.54         0.55         0.94
        0.82         0.83         0.64         0.60         0.52         1.51         0.42         0.62         0.40
    345600      9     13
        0.09         0.03         0.38         0.48         0.52         0.31         0.49         0.40         0.38
        0.15         0.10         0.38         0.41         0.50         0.41         0.10         0.43         0.54
        0.15         0.12         0.22         0.35         0.20         0.15         0.27         0.47         0.28
        0.13         0.18         0.10         0.75         0.19         0.36         0.21         0.32         0.24
        0.22         0.28         0.31         0.29         0.34         0.16         0.33         0.28         0.37
        0.06         0.19         0.38         0.46         0.36         0.17         0.39         0.58         0.24
        0.61         0.15         0.17         0.29         0.16         0.26         0.38         0.19         0.34
        0.11         0.25         0.18         0.28         0.24         0.35         0.20         0.13         0.19
        0.43         0.17         0.80         0.21         0.25         0.19         0.51         0.29         0.14
        0.30         0.45         0.33         0.20         0.05         0.28         0.14         0.05         0.07
        0.49         0.21         0.09         0.09         0.05         0.05         0.08         0.07         0.07
        0.55         0.41         0.56         0.24         0.16         0.16         0.14         0.31         0.21
        0.38         0.26         0.24         0.28         0.16         0.46         0.06         0.16         0.15
    432000      9     13
        0.52         0.84         1.24         1.22         0.64         0.76         0.59         1.08         0.99
        0.57         0.60         0.87         0.85         0.51         0.55         0.77         1.01         0.99
        0.56         0.55         0.96         0.89         0.54         0.32         0.67         1.08         0.71
        0.65         0.76         0.72         0.84         0.62         0.52         0.43         0.80         0.69
        0.28         0.91         0.30         0.81         0.78         0.44         0.47         0.53         0.54
        0.20         1.13         0.59         1.03         0.80         0.59         0.20         0.57         0.75
        0.94         0.52         0.83         1.04         0.65         0.52         0.64         0.90         1.22
        0.80         0.62         0.72         0.94         0.56         0.55         0.65         0.69         1.15
        0.37         0.95         1.17         0.60         0.50         0.27         0.36         0.46         0.80
        0.58         0.79         1.17         1.12         0.42         0.12         0.19         0.51         0.48
        0.73         0.87         1.10         0.95         0.09         0.38         0.32         0.43         0.43
        0.22         0.92         1.19         0.99         0.53         0.43         0.48         0.50         0.42
        0.17         0.56         1.03         0.79         0.48         0.55         0.19         0.28         0.21
    518400      9     13
        1.25         1.66         1.07         0.69         0.88         0.87         0.44         0.16         0.29
        1.17         1.00         0.76         0.94         0.81         0.86         0.55         0.24         0.53
        1.25         1.46         1.45         0.44         0.60         0.87         0.84         0.24         0.62
        1.22         1.21         0.98         0.67         0.93         1.03         1.17         0.68         0.85
        0.88         0.94         1.20         1.05         1.08         0.78         0.72         1.07         0.91
        0.68         1.42         1.61         0.93         0.57         1.24         1.47         0.52         0.89
        0.70         1.52         1.23         1.23         0.54         1.06         1.40         0.79         0.99
        1.08         1.61         2.01         0.63         0.73         0.71         1.28         1.20         0.95
        1.24         1.35         2.80         1.75         0.84         0.50         0.80         0.89         0.75
        1.16         1.28         2.38         2.09         0.86         0.86         0.65         1.25         1.11
        0.82         1.40         1.39         1.47         0.91         1.24         0.95         0.84         1.02
        1.80         1.68         1.55         1.54         1.46         1.18         1.30         1.59         3.33
        0.95         1.04         1.38         1.62         0.93         1.36         1.01         1.50         1.93
    604800      9     13
        0.65         0.67         0.87         0.77         0.20         0.27         0.27         0.30         0.85
        0.54         0.82         0.72         0.89         0.32         0.05         0.35         0.18         0.32
        0.38         0.56         0.45         0.48         0.50         0.16         0.21         0.09         0.44
        0.30         0.38         0.75         0.25         0.59         0.30         0.11         0.12         1.00
        0.30         0.36         0.45         0.41         0.75         0.38         0.17         0.63         0.34
        0.39         0.42         0.70         0.79         0.28         0.22         0.61         0.30         0.56
        0.40         0.51         0.46         0.29         0.41         0.25         0.68         0.56         0.60
        0.83         0.86         1.19         0.34         0.67         0.73         0.28         0.50         0.49
        0.57         0.86         0.65         0.77         0.55         0.97         0.61         0.54         0.89
        1.44         0.88         0.83         0.34         0.54         0.28         0.61         0.93         1.16
        0.76         1.03         0.95         1.06         0.62         0.71         1.10         1.29         1.40
        1.27         1.23         1.11         1.90         1.26         1.18         0.87         2.86         1.95
        0.84         1.24         2.10         2.96         1.08         1.31         1.40         2.14         1.93
    691200      9     13
        0.19         0.04         0.21         0.23         0.16         0.35         0.57         0.16         0.42
        0.27         0.38         0.07         0.25         0.16         0.21         0.18         0.12         0.11
        0.72         0.19         0.30         0.19         0.20         0.61         0.30         0.11         0.18
        0.47         0.55         0.35         0.21         0.62         0.31         0.31         0.26         0.48
        0.72         0.18         0.30         0.43         0.54         0.22         0.29         0.18         0.10
        0.41         0.20         0.32         0.42         0.43         0.23         0.33         0.19         0.34
        0.26         0.34         0.39         0.24         0.44         0.27         0.35         0.56         0.45
        0.37         0.29         1.06         0.42         0.24         0.22         0.34         0.19         0.20
        0.28         0.94         0.33         0.22         0.12         0.28         0.59         0.29         0.26
        1.08         0.59         0.19         0.06         0.34         0.77         0.56         0.74         0.57
        0.73         0.64         0.91         0.60         0.13         0.45         1.05         0.79         0.77
        0.97         1.60         0.71         0.37         0.62         0.23         0.75         1.81         1.76
        1.65         1.86         1.01         0.40         0.87         0.40         0.42         1.32         1.08
    777600      9     13
        0.48         0.14         0.65         0.15         0.17         0.53         0.29         0.28         0.68
        0.40         0.75         0.20         0.22         0.21         0.23         0.13         0.07         0.27
        0.68         0.27         0.44         0.31         0.26         0.30         0.31         0.09         0.07
        0.84         0.30         0.31         0.22         1.01         0.19         0.45         0.25         0.50
        0.59         0.54         0.49         0.35         0.38         0.32         0.89         0.44         0.39
        0.93         0.16         0.30         0.69         0.76         0.20         0.70         0.52         0.93
        0.37         0.61         0.30         0.42         0.88         0.21         0.37         0.35         0.49
        0.80         0.76         0.46         0.23         0.33         0.64         0.58         0.51         0.31
        0.32         0.40         0.26         0.12         0.25         0.67         0.65         0.57         0.21
        0.31         0.26         0.10         0.20         0.24         0.56         0.24         0.77         0.72
        0.64         0.22         0.31         0.12         0.14         0.26         0.81         0.86         0.90
        0.50         0.41         0.12         0.09         0.09         0.16         0.50         1.88         0.83
        0.55         0.27         0.43         0.44         0.28         0.11         0.50         0.33         0.82