         0      9     13
        0.18         0.19         0.16         0.18         0.23         0.12         0.08         0.06         0.05
        0.24         0.26         0.08         0.26         0.14         0.05         0.06         0.16         0.04
        0.14         0.10         0.12         0.21         0.13         0.05         0.17         0.03         0.01
        0.14         0.42         0.43         0.64         0.26         0.32         0.01         0.00         0.18
        0.20         0.55         0.26         0.48         0.43         0.20         0.02         0.09         0.13
        0.11         0.51         0.32         0.30         0.35         0.16         0.02         0.04         0.03
        0.31         0.71         0.15         0.21         0.29         0.06         0.04         0.04         0.03
        0.24         0.15         0.34         0.10         0.11         0.05         0.05         0.08         0.02
        0.21         0.27         0.47         0.14         0.08         0.07         0.05         0.04         0.03
        0.34         0.32         0.27         0.10         0.08         0.01         0.03         0.04         0.03
        0.16         0.28         0.43         0.12         0.06         0.04         0.04         0.03         0.02
        0.10         0.43         0.82         0.15         0.08         0.02         0.07         0.02         0.02
        0.06         0.63         0.38         0.25         0.22         0.69         0.05         0.02         0.00
     86400      9     13
        0.43         0.32         0.24         0.27         0.13         0.07         0.07         0.07         0.14
        0.15         0.02         0.07         0.07         0.10         0.07         0.06         0.19         0.08
        0.04         0.04         0.14         0.11         0.09         0.03         0.14         0.20         0.05
        0.05         0.07         0.11         0.98         0.37         0.17         0.03         0.02         0.26
        0.07         0.17         0.12         0.17         0.38         0.13         0.01         0.05         0.09
        0.02         0.07         0.10         0.08         0.11         0.12         0.03         0.03         0.03
        0.03         0.07         0.03         0.04         0.12         0.09         0.03         0.02         0.02
        0.15         0.02         0.11         0.11         0.08         0.03         0.02         0.01         0.02
        0.04         0.09         0.11         0.12         0.06         0.02         0.01         0.02         0.02
        0.35         0.35         0.16         0.06         0.14         0.03         0.04         0.02         0.02
        0.15         0.27         0.21         0.15         0.07         0.06         0.05         0.03         0.03
        0.05         0.19         0.23         0.17         0.12         0.06         0.12         0.00         0.01
        0.21         0.28         0.42         0.51         0.25         0.66         0.08         0.04         0.01
    172800      9     13
        0.38         0.60         0.43         0.27         0.18         0.07         0.03         0.04         0.05
        0.13         0.35         0.20         0.25         0.14         0.08         0.07         0.20         0.03
        0.06         0.13         0.12         0.04         0.04         0.02         0.05         0.03         0.02
        0.01         0.10         0.06         0.39         0.13         0.10         0.00         0.02         0.20
        0.03         0.03         0.02         0.10         0.27         0.06         0.02         0.14         0.60
        0.02         0.03         0.07         0.05         0.37         0.07         0.03         0.26         0.41
        0.03         0.10         0.04         0.03         0.07         0.08         0.04         0.03         0.19
        0.18         0.06         0.13         0.04         0.05         0.02         0.00         0.02         0.03
        0.08         0.17         0.05         0.10         0.05         0.01         0.01         0.13         0.03
        0.19         0.31         0.25         0.09         0.10         0.01         0.00         0.01         0.05
        0.09         0.14         0.24         0.17         0.04         0.02         0.01         0.01         0.03
        0.23         0.09         0.16         0.13         0.06         0.02         0.06         0.02         0.01
        0.05         0.10         0.07         0.12         0.08         0.56         0.03         0.02         0.00
    259200      9     13
        0.29         0.50         0.66         0.24         0.18         0.12         0.35         0.34         0.07
        0.51         0.28         0.10         0.28         0.20         0.15         0.14         0.16         0.13
        0.26         0.13         0.27         0.33         0.25         0.11         0.19         0.70         0.07
        0.14         0.30         0.29         0.98         0.24         0.22         0.11         0.28         0.47
        0.34         0.37         0.40         0.54         0.48         0.18         0.04         0.22         0.23
        0.16         0.23         0.24         0.24         0.51         0.12         0.07         0.40         1.08
        0.11         0.45         0.09         0.47         0.16         0.10         0.05         0.04         0.90
        0.07         0.09         0.21         0.07         0.10         0.04         0.01         0.05         0.10
        0.09         0.16         0.30         0.18         0.13         0.02         0.03         0.06         0.38
        0.29         0.25         0.14         0.11         0.11         0.02         0.04         0.21         0.06
        0.28         0.17         0.26         0.20         0.08         0.07         0.03         0.03         0.05
        0.06         0.35         0.48         0.32         0.14         0.09         0.10         0.01         0.09
        0.28         0.31         0.40         0.34         0.17         0.62         0.05         0.03         0.00
    345600      9     13
        0.32         0.11         0.14         0.13         0.15         0.06         0.04         0.05         0.03
        0.15         0.23         0.06         0.07         0.08         0.09         0.10         0.25         0.07
        0.24         0.13         0.13         0.16         0.19         0.11         0.37         0.27         0.15
        0.05         0.24         0.04         0.67         0.13         0.18         0.25         0.06         0.24
        0.14         0.11         0.14         0.13         0.31         0.14         0.09         0.25         0.34
        0.19         0.08         0.13         0.18         0.30         0.11         0.06         0.10         0.13
        0.14         0.13         0.11         0.15         0.14         0.07         0.11         0.05         0.14
        0.04         0.04         0.11         0.08         0.30         0.06         0.04         0.02         0.06
        0.09         0.27         0.36         0.21         0.11         0.02         0.03         0.08         0.06
        0.19         0.38         0.37         0.18         0.17         0.01         0.02         0.03         0.06
        0.10         0.14         0.10         0.20         0.07         0.04         0.06         0.05         0.04
        0.11         0.31         0.12         0.43         0.22         0.11         0.14         0.00         0.01
        0.37         0.22         0.40         0.35         0.37         0.73         0.11         0.03         0.00
    432000      9     13
        0.62         0.68         0.55         0.25         0.21         0.11         0.05         0.07         0.17
        0.11         0.10         0.26         0.12         0.09         0.05         0.06         0.25         0.04
        0.03         0.07         0.07         0.13         0.04         0.06         0.12         0.10         0.04
        0.02         0.07         0.08         0.47         0.27         0.14         0.05         0.13         0.37
        0.08         0.05         0.07         0.76         0.66         0.12         0.10         0.21         0.40
        0.08         0.05         0.08         0.52         0.63         0.17         0.08         0.84         0.57
        0.05         0.19         0.03         0.04         0.26         0.05         0.04         0.62         0.82
        0.38         0.35         0.28         0.04         0.04         0.01         0.03         0.04         0.26
        0.31         0.17         0.05         0.06         0.04         0.00         0.03         0.04         0.20
        0.29         0.12         0.08         0.05         0.06         0.01         0.05         0.04         0.44
        0.37         0.31         0.25         0.15         0.04         0.03         0.01         0.05         0.05
        0.05         0.23         0.31         0.42         0.16         0.03         0.07         0.03         0.05
        0.05         0.26         0.31         0.26         0.37         0.60         0.09         0.01         0.02
    518400      9     13
        0.75         0.69         0.42         0.50         0.24         0.07         0.35         0.32         0.41
        0.13         0.15         0.32         0.12         0.09         0.48         0.29         0.37         0.11
        0.06         0.04         0.07         0.17         0.05         0.11         0.21         0.27         0.09
        0.02         0.10         0.46         0.51         0.48         0.19         0.27         0.28         0.37
        0.04         0.07         0.50         0.58         1.50         0.19         0.18         0.47         0.71
        0.04         0.12         0.15         0.59         1.18         0.23         0.15         0.40         0.87
        0.05         0.08         0.06         0.17         0.44         0.06         0.04         0.50         0.26
        0.11         0.04         0.23         0.05         0.05         0.04         0.01         0.62         0.18
        0.02         0.10         0.06         0.10         0.05         0.01         0.01         0.03         0.15
        0.25         0.18         0.10         0.09         0.10         0.01         0.05         0.02         0.12
        0.17         0.11         0.16         0.16         0.04         0.02         0.01         0.01         0.02
        0.01         0.07         0.35         0.37         0.17         0.07         0.11         0.00         0.01
        0.06         0.18         0.32         0.55         0.36         0.79         0.08         0.03         0.01
    604800      9     13
        0.18         0.74         0.47         0.63         0.47         0.05         0.12         0.26         0.43
        0.26         0.27         0.08         0.09         0.07         0.07         0.12         0.59         0.04
        0.04         0.06         0.14         0.12         0.18         0.03         0.19         0.12         0.04
        0.03         0.08         0.09         0.36         0.47         0.22         0.45         0.15         0.46
        0.04         0.18         0.35         0.32         0.31         0.15         0.34         0.73         0.81
        0.11         0.12         0.13         0.36         0.45         0.13         0.13         0.60         0.86
        0.10         0.06         0.03         0.36         0.52         0.07         0.27         0.44         0.84
        0.10         0.13         0.31         0.06         0.11         0.09         0.06         0.27         0.46
        0.04         0.32         0.30         0.28         0.19         0.06         0.33         0.08         0.47
        0.43         0.22         0.32         0.16         0.12         0.01         0.14         0.33         0.15
        0.35         0.29         0.17         0.17         0.09         0.16         0.09         0.09         0.12
        0.04         0.12         0.27         0.65         0.35         0.10         0.10         0.00         0.07
        0.21         0.42         0.42         0.52         0.48         0.89         0.11         0.05         0.01
    691200      9     13
        0.30         0.74         0.92         0.52         0.45         0.12         0.15         0.46         0.51
        0.47         0.64         0.39         0.34         0.29         0.22         0.51         0.40         0.34
        0.08         0.16         0.50         0.19         0.02         0.08         0.34         0.17         0.24
        0.19         0.26         0.59         0.98         0.36         0.22         0.14         0.22         0.35
        0.09         0.56         0.36         0.58         0.86         0.14         0.37         0.68         0.69
        0.14         0.08         0.14         0.33         0.64         0.26         0.33         0.97         0.79
        0.06         0.07         0.03         0.32         0.60         0.55         1.10         0.88         0.90
        0.22         0.09         0.33         0.05         0.25         0.71         0.70         0.76         0.90
        0.19         0.22         0.20         0.25         0.09         0.33         0.71         0.59         0.80
        0.53         0.33         0.08         0.24         0.27         0.38         0.82         0.91         0.44
        0.12         0.79         0.44         0.41         0.17         0.19         0.28         0.56         0.61
        0.11         0.68         1.27         1.09         0.19         0.16         0.16         0.16         0.20
        0.49         0.68         1.23         0.94         0.75         0.96         0.25         0.05         0.19
    777600      9     13
        0.23         0.53         0.39         0.12         0.28         0.37         0.32         0.39         0.77
        0.43         0.35         0.40         0.47         0.49         0.28         0.43         0.70         0.46
        0.25         0.42         0.42         0.35         0.52         0.45         0.43         0.42         0.27
        0.13         0.84         0.67         0.88         0.55         0.16         0.50         0.58         0.57
        0.07         0.24         0.57         0.47         1.07         0.16         0.68         0.87         0.95
        0.34         0.11         0.37         0.39         0.99         0.36         0.57         0.73         1.47
        0.23         0.23         0.12         0.98         0.87         0.41         1.02         1.01         0.77
        0.10         0.24         0.28         0.05         0.18         0.17         0.84         0.85         0.94
        0.06         0.39         0.28         0.29         0.32         0.17         0.89         0.73         0.87
        0.53         0.27         0.16         0.08         0.29         0.65         0.58         0.35         0.39
        0.10         0.14         0.50         0.13         0.10         0.16         0.39         0.18         0.23
        0.14         0.37         0.27         0.92         0.18         0.30         0.36         0.37         0.36
        0.36         0.79         0.83         0.81         0.42         0.94         0.17         0.29         0.15