         0      9     13
        0.70         0.58         0.16         0.13         0.32         0.15         0.37         0.34         0.36
        0.16         0.15         0.14         0.90         0.26         0.46         0.39         0.40         0.36
        0.03         0.07         0.23         0.16         0.08         0.71         0.10         0.24         1.41
        0.02         0.25         0.44         1.07         0.60         0.18         0.42         0.12         0.60
        0.04         0.16         0.38         0.57         0.52         0.51         0.33         0.53         1.10
        0.13         0.15         0.23         0.46         0.62         0.22         0.51         0.73         0.71
        0.09         0.28         0.07         0.47         0.55         0.51         0.57         0.42         0.75
        0.08         0.04         0.36         0.05         0.37         0.26         0.70         0.60         0.66
        0.10         0.32         0.14         0.41         0.23         0.39         0.41         0.74         0.54
        0.21         0.18         0.21         0.55         0.70         0.80         0.57         0.31         0.62
        0.47         0.37         0.42         0.25         0.21         0.34         0.58         0.16         0.74
        0.30         0.69         0.63         0.82         0.15         0.15         0.63         0.68         0.54
        0.70         1.31         0.84         0.81         0.54         1.23         0.16         0.26         0.94
     86400      9     13
        0.54         0.17         0.35         0.26         0.12         0.05         0.04         0.10         0.11
        0.07         0.06         0.26         0.13         0.13         0.12         0.32         0.43         0.10
        0.08         0.04         0.12         0.10         0.03         0.09         0.59         0.12         0.06
        0.03         0.14         0.50         1.03         0.66         0.17         0.04         0.11         0.50
        0.15         0.06         0.17         0.54         1.70         0.09         0.23         0.44         0.82
        0.13         0.28         0.12         0.45         0.71         0.27         0.34         0.48         0.97
        0.03         0.35         0.08         0.55         0.19         0.17         0.74         1.10         1.46
        0.06         0.32         0.44         0.16         0.26         0.11         0.17         0.98         0.73
        0.10         0.23         0.27         0.60         0.27         0.09         0.49         0.62         0.73
        0.55         0.29         0.35         0.26         0.61         0.10         0.09         0.36         0.45
        0.32         0.83         0.70         0.75         0.12         0.04         0.16         0.34         0.16
        0.41         0.49         0.80         0.97         0.11         0.14         0.33         0.07         0.11
        0.29         0.33         0.62         0.63         0.14         0.66         0.13         0.24         0.45
    172800      9     13
        0.48         0.29         0.79         0.28         0.16         0.05         0.09         0.16         0.24
        0.23         0.33         0.17         0.17         0.12         0.25         0.16         0.23         0.05
        0.65         0.14         0.37         0.19         0.06         0.14         0.35         0.04         0.05
        0.06         0.53         0.94         0.89         0.47         0.22         0.06         0.05         0.31
        0.05         0.23         0.54         0.88         1.40         0.27         0.33         0.37         0.85
        0.11         0.10         0.21         0.93         1.00         0.28         0.24         0.60         1.03
        0.04         0.10         0.18         0.69         0.54         0.05         0.26         0.62         0.62
        0.07         0.04         0.24         0.06         0.07         0.04         0.14         0.46         0.59
        0.03         0.06         0.12         0.12         0.04         0.05         0.53         0.39         0.25
        0.30         0.16         0.13         0.15         0.10         0.10         0.02         0.04         0.07
        0.06         0.34         0.40         0.30         0.07         0.04         0.09         0.07         0.12
        0.28         0.69         0.87         0.60         0.19         0.15         0.13         0.01         0.06
        0.73         0.60         0.33         0.29         0.31         0.75         0.17         0.14         0.14
    259200      9     13
        0.13         0.04         0.35         0.23         0.25         0.15         0.26         0.15         0.19
        0.16         0.21         0.42         0.25         0.30         0.16         0.14         0.27         0.12
        0.19         0.15         0.26         0.23         0.41         0.25         0.67         0.11         0.16
        0.03         0.22         0.46         0.93         0.33         0.37         0.05         0.06         0.29
        0.09         0.07         0.18         0.54         0.36         0.15         0.04         0.14         0.34
        0.08         0.06         0.17         0.17         0.25         0.24         0.03         0.12         0.37
        0.06         0.04         0.05         0.05         0.16         0.09         0.06         0.09         0.31
        0.06         0.03         0.15         0.14         0.17         0.09         0.06         0.13         0.12
        0.12         0.31         0.39         0.14         0.13         0.19         0.14         0.14         0.07
        0.21         0.15         0.17         0.15         0.15         0.12         0.12         0.11         0.11
        0.12         0.19         0.26         0.17         0.08         0.12         0.07         0.08         0.08
        0.23         0.33         0.63         0.52         0.20         0.26         0.43         0.14         0.10
        0.08         0.42         0.77         0.70         0.42         0.67         0.26         0.22         0.25
    345600      9     13
        0.68         0.28         0.79         0.50         0.35         0.14         0.24         0.29         0.26
        0.89         0.53         0.65         0.54         0.42         0.32         0.11         0.35         0.09
        0.52         0.74         0.64         0.20         0.13         0.16         0.26         0.21         0.11
        0.43         0.57         0.67         0.78         0.43         0.15         0.11         0.06         0.36
        0.12         0.20         0.65         0.43         0.90         0.22         0.06         0.29         0.54
        0.02         0.06         0.13         0.36         0.44         0.14         0.03         0.37         0.66
        0.02         0.05         0.05         0.10         0.09         0.08         0.05         0.09         0.39
        0.04         0.04         0.12         0.10         0.07         0.06         0.05         0.04         0.11
        0.03         0.14         0.18         0.15         0.06         0.05         0.02         0.03         0.03
        0.14         0.15         0.05         0.04         0.09         0.01         0.01         0.06         0.04
        0.03         0.03         0.07         0.09         0.08         0.11         0.10         0.09         0.04
        0.04         0.24         0.23         0.38         0.17         0.12         0.21         0.09         0.02
        0.11         0.21         0.25         0.41         0.20         0.77         0.24         0.10         0.05
    432000      9     13
        0.37         0.64         0.57         0.85         0.78         0.41         0.40         0.81         0.94
        0.59         0.89         0.69         0.54         0.52         0.56         0.68         0.72         0.65
        0.51         0.46         0.56         0.35         0.24         0.28         0.65         0.65         0.46
        0.20         0.46         0.58         1.66         0.86         0.47         0.49         0.92         0.95
        0.29         0.84         0.67         0.96         1.49         0.39         0.52         0.92         1.52
        0.20         0.24         0.41         0.83         1.00         0.28         0.51         0.80         0.97
        0.06         0.30         0.09         0.41         0.45         0.32         0.73         0.63         0.62
        0.03         0.06         0.20         0.06         0.05         0.16         0.44         0.68         0.65
        0.01         0.06         0.06         0.03         0.02         0.20         0.53         0.64         0.54
        0.03         0.02         0.02         0.04         0.03         0.01         0.19         0.22         0.46
        0.05         0.04         0.08         0.08         0.02         0.01         0.04         0.02         0.12
        0.05         0.19         0.40         0.39         0.09         0.03         0.11         0.01         0.03
        0.27         0.75         0.57         0.56         0.18         0.56         0.05         0.01         0.00
    518400      9     13
        0.82         0.67         0.52         0.43         0.37         0.62         0.67         0.50         1.20
        0.78         0.53         0.41         0.78         0.61         1.00         0.82         0.84         0.40
        0.31         0.50         0.47         0.44         0.36         0.76         0.66         0.59         0.39
        0.46         0.75         0.67         1.66         1.06         0.53         0.55         0.53         0.59
        0.47         0.55         0.77         1.24         1.40         0.81         0.72         0.72         0.91
        0.64         0.35         1.05         1.17         1.36         0.51         0.66         0.60         1.17
        0.44         0.44         0.43         1.24         0.67         0.40         0.57         0.97         0.69
        0.54         0.46         0.74         0.13         0.62         0.50         0.53         0.97         1.08
        0.11         0.29         0.15         0.33         0.25         0.50         0.92         1.25         0.91
        0.16         0.13         0.13         0.15         0.46         0.65         0.26         0.57         0.52
        0.12         0.40         0.65         0.25         0.14         0.14         0.24         0.32         0.49
        0.51         1.14         0.73         0.61         0.08         0.11         0.20         0.12         0.56
        1.51         0.99         0.40         0.43         0.28         0.80         0.11         0.13         0.55
    604800      9     13
        1.15         1.43         1.10         0.71         0.61         0.34         0.27         0.24         0.45
        1.45         0.90         0.73         0.97         0.59         0.49         0.35         0.25         0.18
        0.73         0.56         0.90         0.74         0.27         0.37         0.25         0.26         0.36
        0.59         0.91         0.93         1.04         0.72         0.24         0.69         0.54         0.51
        0.60         0.62         1.04         1.03         0.80         0.48         0.66         0.56         0.84
        0.64         0.72         0.79         0.85         0.72         0.81         0.21         0.69         0.98
        0.59         0.73         0.70         0.53         0.88         0.92         0.41         0.89         0.73
        0.70         0.63         0.73         0.15         0.45         0.60         0.41         0.66         0.67
        0.58         0.47         0.42         0.63         0.51         0.70         0.77         0.57         0.91
        0.69         0.65         0.47         0.62         1.13         1.08         0.81         0.76         0.62
        0.90         0.96         0.85         0.61         0.33         0.48         1.24         0.87         0.43
        0.96         1.00         1.13         1.32         0.38         1.01         0.68         0.47         0.33
        0.90         1.06         0.79         0.81         1.50         1.74         0.55         0.75         0.36
    691200      9     13
        0.79         1.28         0.43         0.27         0.27         0.33         0.43         0.26         0.25
        1.00         0.82         0.35         0.39         0.15         0.26         0.40         0.72         0.07
        0.52         0.34         0.48         0.30         0.12         0.39         0.16         0.17         0.31
        0.25         0.44         1.18         0.79         0.50         0.14         0.19         0.16         0.18
        0.24         0.36         0.45         0.70         0.52         0.14         0.24         0.39         0.28
        0.37         0.24         0.69         0.57         0.33         0.19         0.20         0.34         0.34
        0.33         0.57         0.40         0.77         0.45         0.24         0.46         0.50         0.28
        0.60         0.25         0.74         0.16         0.60         0.50         0.28         0.47         0.31
        0.27         0.37         0.50         0.81         0.20         0.51         0.29         0.49         0.42
        0.58         0.53         0.50         0.28         0.75         0.55         0.31         0.25         0.57
        0.76         0.86         0.77         0.29         0.42         0.23         0.55         0.28         0.27
        0.76         1.24         0.74         0.84         0.41         0.45         0.45         0.14         0.56
        1.16         0.96         0.96         0.68         0.90         1.34         0.37         0.74         0.71
    777600      9     13
        0.27         0.12         0.09         0.06         0.09         0.01         0.12         0.09         0.04
        0.11         0.10         0.09         0.08         0.07         0.15         0.12         0.16         0.05
        0.08         0.09         0.30         0.39         0.03         0.46         0.38         0.14         0.07
        0.17         0.30         0.09         0.51         0.21         0.32         0.22         0.03         0.32
        0.17         0.08         0.16         0.21         0.35         0.31         0.29         0.28         0.29
        0.04         0.07         0.49         0.31         0.27         0.41         0.12         0.14         0.28
        0.10         0.30         0.14         0.27         0.15         0.38         0.14         0.31         0.22
        0.11         0.05         0.21         0.13         0.27         0.27         0.10         0.18         0.11
        0.18         0.12         0.42         0.25         0.22         0.06         0.38         0.21         0.20
        0.17         0.15         0.08         0.17         0.24         0.78         0.19         0.10         0.11
        0.08         0.17         0.40         0.36         0.27         0.14         0.40         0.12         0.26
        0.03         0.17         0.21         0.42         0.24         0.22         0.26         0.18         0.17
        0.05         0.06         0.32         0.22         0.22         0.83         0.04         0.21         0.19