         0      9     13
        1.36         1.27         1.63         1.40         0.91         0.46         0.64         0.60         0.94
        1.71         1.64         1.13         1.29         1.45         0.83         1.19         0.93         0.50
        1.39         1.83         1.42         0.91         0.72         1.27         1.76         1.17         0.86
        0.96         1.71         0.75         2.49         0.83         0.72         1.01         1.09         0.77
        0.64         0.57         0.88         2.44         1.46         0.39         1.74         1.64         0.67
        0.88         0.69         0.79         0.99         0.82         0.38         1.36         1.18         1.29
        0.92         0.97         0.36         0.65         0.56         0.33         0.61         0.73         1.13
        0.69         0.62         0.68         0.18         0.23         0.20         0.69         0.90         0.33
        0.84         0.77         0.83         0.28         0.15         0.20         0.77         0.53         1.21
        0.35         0.66         0.81         0.47         0.21         0.11         0.63         0.73         0.84
        0.20         0.85         0.71         0.27         0.10         0.09         0.13         0.47         0.40
        0.28         0.43         1.04         0.96         0.23         0.12         0.14         0.12         0.18
        0.18         0.38         0.42         0.67         0.20         1.31         0.38         0.09         0.96
     86400      9     13
        0.79         1.54         1.39         0.87         0.62         0.27         0.86         0.47         0.62
        0.80         1.35         0.79         1.20         0.66         0.30         0.41         0.64         0.48
        0.79         1.15         0.67         0.73         0.22         1.33         0.42         0.51         0.43
        0.38         1.23         0.91         1.70         0.40         0.45         1.00         0.36         0.47
        0.44         1.11         0.40         1.07         0.84         0.29         0.97         0.61         0.42
        0.08         0.28         0.68         0.80         0.57         0.28         0.73         0.99         0.90
        0.20         0.29         0.20         0.26         0.56         0.32         0.25         0.42         0.54
        0.10         0.17         0.36         0.16         0.33         0.17         0.25         0.17         0.17
        0.31         0.14         0.71         0.27         0.09         0.09         0.23         0.22         0.30
        0.81         0.23         0.35         0.28         0.09         0.20         0.10         0.03         0.22
        1.06         0.23         0.14         0.15         0.09         0.08         0.13         0.14         0.17
        0.18         0.05         0.42         0.26         0.08         0.06         0.13         0.21         0.17
        0.14         0.20         0.57         0.37         0.15         1.08         0.16         0.06         0.35
    172800      9     13
        1.54         1.02         1.03         0.52         0.39         0.34         1.23         0.57         0.83
        0.86         1.02         0.58         0.91         1.18         0.46         0.78         1.07         0.69
        0.98         0.76         0.97         1.00         0.44         0.68         1.34         0.90         0.73
        0.25         0.89         0.88         1.50         0.67         0.63         1.11         0.72         0.63
        0.30         0.52         0.67         0.88         1.24         0.45         0.94         0.88         0.53
        0.46         0.86         0.76         0.36         0.54         0.50         0.78         0.98         0.90
        0.60         0.82         0.58         0.59         0.30         0.35         0.86         0.86         0.72
        0.18         0.47         0.60         0.31         0.62         0.35         0.34         0.62         0.62
        0.26         0.47         0.82         1.04         0.57         0.33         0.34         0.45         0.41
        0.25         0.36         0.48         0.38         0.29         0.49         0.38         0.48         0.45
        0.38         0.47         0.33         0.37         0.11         0.22         0.19         0.51         0.38
        0.28         0.58         0.79         0.76         0.11         0.11         0.37         0.21         0.38
        0.20         0.44         0.64         0.39         0.22         1.02         0.12         0.13         0.59
    259200      9     13
        0.81         0.95         1.42         0.89         0.52         0.43         0.51         0.50         0.40
        1.33         1.23         0.80         1.00         0.74         0.56         0.67         0.75         0.88
        0.84         0.59         1.39         0.49         0.24         0.75         0.41         0.60         0.44
        0.20         1.43         1.11         0.97         0.35         0.58         0.68         0.50         0.91
        0.52         0.81         0.78         1.50         1.31         0.28         0.66         0.73         0.64
        0.33         0.55         1.14         0.63         0.69         0.38         0.71         0.60         0.69
        0.46         0.28         0.33         0.99         0.59         0.42         0.54         0.58         0.99
        0.55         0.25         0.77         0.33         0.56         0.49         0.37         0.67         0.31
        0.49         0.68         0.89         0.42         0.23         0.47         0.62         0.77         0.41
        0.71         0.53         0.45         0.23         0.55         0.50         0.61         0.28         0.31
        1.18         0.81         0.46         0.23         0.28         0.35         0.12         0.19         0.37
        0.42         0.48         0.49         0.61         0.30         0.12         0.12         0.16         0.31
        0.22         0.49         0.75         0.70         0.38         0.75         0.08         0.23         0.59
    345600      9     13
        0.43         0.86         0.80         0.16         0.41         0.33         0.40         0.25         0.40
        0.90         0.90         0.48         0.24         0.42         0.28         0.36         0.38         0.12
        0.35         0.47         0.35         0.26         0.09         0.63         0.44         0.37         0.45
        0.10         0.63         0.55         0.50         0.23         0.51         0.32         0.20         0.49
        0.13         0.27         0.25         0.45         0.29         0.27         0.29         0.40         0.50
        0.19         0.22         0.38         0.43         0.32         0.41         0.26         0.50         0.43
        0.16         0.09         0.18         0.42         0.25         0.32         0.44         0.66         0.43
        0.06         0.12         0.67         0.18         0.22         0.21         0.37         0.43         0.58
        0.10         0.23         0.19         0.54         0.24         0.59         0.32         0.20         0.83
        0.45         0.14         0.21         0.16         0.60         0.38         0.29         0.18         0.29
        0.31         0.46         0.52         0.25         0.21         0.17         0.30         0.13         0.28
        0.57         0.39         0.50         0.32         0.14         0.16         0.09         0.12         0.29
        0.34         0.27         0.23         0.18         0.22         0.65         0.13         0.32         0.24
    432000      9     13
        0.69         0.84         0.59         0.31         0.17         0.09         0.32         0.10         0.14
        0.56         0.59         0.14         0.18         0.38         0.13         0.24         0.30         0.27
        0.71         0.60         0.43         0.24         0.15         0.12         0.25         0.22         0.09
        0.22         0.43         0.31         1.07         0.14         0.13         0.10         0.11         0.38
        0.13         0.07         0.17         0.33         0.55         0.14         0.08         0.28         0.55
        0.06         0.23         0.33         0.25         0.36         0.14         0.19         0.36         0.58
        0.24         0.26         0.08         0.26         0.25         0.25         0.12         0.08         0.21
        0.23         0.23         0.20         0.07         0.09         0.08         0.17         0.06         0.42
        0.27         0.19         0.14         0.07         0.03         0.04         0.30         0.40         0.47
        0.07         0.07         0.12         0.06         0.08         0.02         0.03         0.13         0.29
        0.06         0.09         0.12         0.13         0.10         0.10         0.11         0.12         0.08
        0.12         0.12         0.25         0.11         0.09         0.09         0.11         0.03         0.11
        0.10         0.17         0.19         0.16         0.12         0.49         0.04         0.06         0.17
    518400      9     13
        1.04         1.60         1.30         0.45         0.39         0.38         0.53         0.53         0.80
        1.76         1.36         0.65         0.52         0.65         0.55         0.49         0.70         0.23
        0.79         0.95         0.67         0.91         0.36         0.28         0.46         0.62         0.25
        0.32         0.87         0.77         1.25         0.49         0.25         0.37         0.48         0.35
        0.15         0.45         0.36         1.08         1.56         0.25         0.54         0.50         0.30
        0.22         0.17         0.33         0.49         0.76         0.17         0.31         0.40         0.80
        0.19         0.86         0.42         0.52         0.39         0.23         0.51         0.78         0.83
        0.28         0.39         0.60         0.31         0.37         0.23         0.37         0.58         0.41
        0.16         0.26         0.70         0.39         0.17         0.18         0.18         0.43         0.39
        0.31         0.54         0.41         0.34         0.20         0.57         0.41         0.41         0.19
        0.21         0.23         0.41         0.15         0.06         0.37         0.18         0.31         0.31
        0.27         0.60         0.45         0.58         0.28         0.10         0.38         0.09         0.08
        0.16         0.37         0.56         0.36         0.20         0.70         0.17         0.11         0.13
    604800      9     13
        1.11         2.23         2.08         1.32         1.56         0.93         0.98         0.46         1.03
        1.81         1.58         1.64         1.45         1.41         1.05         0.86         0.88         0.44
        1.72         1.93         1.43         1.26         0.87         1.12         0.76         0.81         0.39
        1.10         1.64         1.86         2.30         1.45         0.96         0.98         0.74         1.17
        0.70         1.14         1.44         1.58         1.43         0.87         1.29         1.03         1.16
        0.93         1.35         1.01         1.17         1.11         0.80         0.88         1.03         1.07
        0.98         1.32         0.80         1.20         1.39         1.04         0.79         1.32         1.25
        1.20         0.98         1.02         0.79         1.18         0.79         0.76         1.26         0.83
        0.90         0.87         1.43         1.20         0.63         0.56         0.41         0.89         0.93
        0.68         0.89         1.06         1.01         0.59         0.73         0.69         0.82         0.61
        0.74         0.45         0.98         0.51         0.36         0.33         0.36         0.58         0.43
        0.39         0.87         1.21         1.14         0.44         0.25         0.32         0.08         0.24
        0.63         0.68         0.98         0.90         0.59         1.23         0.38         0.08         0.23
    691200      9     13
        1.46         1.46         1.44         1.20         1.09         0.50         0.82         0.40         0.68
        1.41         1.38         0.89         0.83         1.32         1.01         0.93         1.11         0.40
        1.00         0.88         0.75         0.95         0.51         0.78         0.90         0.49         0.39
        0.56         1.39         1.24         1.75         0.80         0.54         0.96         0.61         0.45
        0.29         0.59         0.59         1.36         1.18         0.51         1.18         1.20         1.19
        0.54         0.48         0.66         1.10         1.25         0.41         0.90         1.12         1.20
        0.34         0.99         0.40         0.79         0.77         0.53         0.98         1.30         0.99
        0.29         0.42         1.10         0.18         0.76         0.51         0.70         1.03         0.97
        0.68         0.55         1.24         0.66         0.32         0.70         0.61         0.56         1.18
        0.75         0.77         0.95         0.86         0.47         0.72         0.38         0.66         0.41
        0.35         0.75         1.14         0.45         0.27         0.17         0.20         0.57         0.42
        0.62         0.91         1.60         1.33         0.46         0.17         0.25         0.24         0.37
        0.79         0.71         0.84         0.53         0.48         0.98         0.20         0.28         0.46
    777600      9     13
        1.13         0.95         0.93         0.38         0.29         0.26         0.17         0.26         0.37
        0.83         1.01         0.37         0.35         0.40         0.40         0.32         0.20         0.06
        0.70         0.75         0.50         0.22         0.14         0.26         0.24         0.22         0.41
        0.39         0.83         0.87         1.18         0.37         0.19         0.48         0.09         0.30
        0.26         0.30         0.45         0.49         0.45         0.37         0.28         0.29         0.57
        0.55         0.33         0.23         0.29         0.29         0.30         0.13         0.22         0.62
        0.23         0.36         0.16         0.38         0.17         0.21         0.25         0.29         0.40
        0.37         0.30         0.34         0.08         0.14         0.11         0.10         0.40         0.34
        0.30         0.27         0.75         0.22         0.02         0.13         0.13         0.22         0.09
        0.47         0.45         0.25         0.06         0.18         0.34         0.09         0.21         0.17
        0.36         0.48         0.17         0.12         0.10         0.12         0.11         0.14         0.19
        0.12         0.18         0.25         0.25         0.10         0.10         0.11         0.35         0.12
        0.16         0.49         0.33         0.23         0.17         0.75         0.12         0.07         0.37