         0      9     13
        0.00         0.01         0.02         0.04         0.07         0.23         0.58         0.96         0.40
        0.00         0.02         0.02         0.05         0.20         0.29         0.37         0.69         0.80
        0.01         0.01         0.02         0.03         0.02         0.05         0.56         0.98         0.97
        0.01         0.03         0.01         0.12         0.16         0.10         0.30         0.22         0.92
        0.01         0.02         0.02         0.10         0.12         0.05         0.04         0.26         0.83
        0.00         0.01         0.02         0.04         0.14         0.03         0.01         0.43         1.16
        0.03         0.04         0.01         0.01         0.06         0.02         0.01         0.17         1.05
        0.02         0.01         0.27         0.04         0.03         0.02         0.02         0.01         0.79
        0.02         0.07         0.25         0.17         0.06         0.02         0.00         0.01         0.24
        0.11         0.20         0.15         0.38         0.16         0.03         0.02         0.02         0.22
        0.33         0.44         0.49         0.17         0.21         0.25         0.12         0.06         0.05
        0.59         0.87         0.84         0.68         0.33         0.13         0.11         0.02         0.05
        0.77         0.87         0.59         0.91         0.39         0.43         0.21         0.04         0.09
     86400      9     13
        1.03         1.46         1.35         0.96         1.20         1.00         0.65         0.54         0.75
        1.68         1.41         0.98         1.07         1.17         0.64         0.55         0.66         0.67
        0.94         1.10         0.42         0.30         0.31         0.25         0.19         0.42         0.23
        0.49         0.63         0.32         0.49         0.20         0.19         0.18         0.60         0.48
        0.18         0.23         0.08         0.13         0.64         0.21         0.28         0.71         1.03
        0.02         0.04         0.06         0.02         0.16         0.19         0.35         0.90         0.94
        0.03         0.04         0.01         0.05         0.11         0.27         0.36         0.79         1.10
        0.03         0.03         0.08         0.03         0.08         0.33         0.55         0.65         0.95
        0.02         0.09         0.11         0.09         0.10         0.19         0.43         0.42         0.64
        0.24         0.30         0.31         0.11         0.11         0.08         0.21         0.46         0.59
        0.38         0.76         0.32         0.19         0.10         0.12         0.11         0.15         0.21
        0.62         1.17         0.82         0.80         0.33         0.25         0.44         0.14         0.10
        1.17         0.89         0.47         0.34         0.21         0.68         0.18         0.10         0.07
    172800      9     13
        0.83         0.72         1.35         0.88         0.92         0.49         1.02         0.48         0.95
        0.66         0.86         0.78         0.96         0.92         0.99         0.65         0.75         0.55
        0.45         0.65         0.55         0.38         0.64         0.75         0.61         0.90         0.45
        0.28         0.66         0.86         1.25         0.34         0.44         0.96         0.58         1.02
        0.20         0.44         0.49         1.01         0.86         0.40         0.71         0.41         0.84
        0.29         0.15         0.40         0.42         0.32         0.34         0.48         0.52         0.88
        0.53         0.49         0.21         0.66         0.37         0.60         0.82         0.52         0.65
        0.21         0.15         0.30         0.32         0.43         0.57         0.55         0.47         0.50
        0.06         0.27         0.68         0.35         0.38         0.39         0.72         0.39         0.33
        0.49         0.47         0.67         0.38         0.23         1.11         0.39         0.40         0.21
        0.55         1.05         0.93         0.50         0.20         0.37         0.20         0.26         0.24
        0.61         1.30         0.98         1.27         0.38         0.30         0.29         0.22         0.28
        0.72         0.41         0.55         0.67         0.42         1.10         0.34         0.33         0.09
    259200      9     13
        0.88         0.34         0.35         0.47         0.34         0.20         0.17         0.19         0.28
        0.53         0.32         0.29         0.18         0.14         0.09         0.28         0.44         0.28
        0.43         0.29         0.08         0.43         0.09         0.04         0.65         0.45         0.20
        0.10         0.41         0.28         0.99         0.20         0.29         0.49         0.30         0.22
        0.27         0.27         0.27         0.53         0.54         0.23         0.31         0.37         0.66
        0.20         0.10         0.22         0.27         0.41         0.21         0.50         0.69         0.52
        0.18         0.53         0.14         0.21         0.60         0.18         0.23         0.68         0.37
        0.40         0.50         0.59         0.09         0.28         0.17         0.20         0.53         0.23
        0.09         0.19         0.12         0.31         0.44         0.39         0.29         0.32         0.33
        0.55         0.60         0.36         0.39         0.39         0.22         0.11         0.23         0.14
        0.58         0.51         0.82         0.62         0.16         0.09         0.19         0.29         0.47
        0.46         0.94         1.88         1.38         0.44         0.87         0.53         0.10         0.36
        0.43         1.01         1.04         0.64         0.51         1.97         0.57         0.12         0.65
    345600      9     13
        0.45         0.08         0.29         0.14         0.22         0.12         0.29         0.28         0.31
        0.14         0.10         0.09         0.24         0.41         0.15         0.30         0.23         0.27
        0.21         0.14         0.11         0.27         0.03         0.14         0.32         0.42         0.07
        0.14         0.14         0.12         1.08         0.40         0.15         0.37         0.07         0.33
        0.19         0.19         0.17         0.33         0.37         0.13         0.31         0.33         0.43
        0.37         0.12         0.45         0.34         0.19         0.17         0.37         0.74         0.89
        0.29         0.50         0.14         0.34         0.15         0.24         0.61         0.34         0.50
        0.33         0.12         0.32         0.13         0.24         0.21         0.38         0.17         0.60
        0.29         0.67         0.75         0.49         0.12         0.11         0.34         0.22         0.42
        0.59         1.39         0.41         0.35         0.23         0.20         0.14         0.84         0.60
        0.92         0.71         0.32         0.32         0.11         0.22         0.14         0.29         0.52
        0.86         0.73         0.78         1.07         0.37         0.14         0.25         0.09         0.33
        0.82         0.55         0.67         0.58         0.76         1.16         0.61         0.34         0.36
    432000      9     13
        0.45         0.30         0.58         0.16         0.28         0.20         0.29         0.31         0.61
        0.34         0.18         0.26         0.63         0.73         0.44         0.38         0.72         0.15
        0.39         0.22         0.19         0.38         0.22         0.12         0.57         0.43         0.19
        0.18         0.47         0.34         1.48         0.39         0.49         0.50         0.64         0.49
        0.44         0.25         0.37         0.41         0.69         0.25         0.41         0.79         0.51
        0.12         0.05         0.34         0.35         0.53         0.27         0.40         0.52         0.81
        0.18         0.40         0.09         0.09         0.25         0.14         0.42         0.54         0.98
        0.39         0.12         0.36         0.20         0.42         0.21         0.35         0.46         0.48
        0.24         0.41         0.91         0.24         0.15         0.47         0.27         0.25         0.49
        0.65         0.95         0.72         0.07         0.15         0.50         0.42         0.58         0.28
        0.63         0.86         1.16         0.37         0.26         0.18         0.19         0.65         0.55
        0.70         1.12         0.76         0.61         0.26         0.41         0.43         0.21         0.16
        0.43         0.26         0.34         0.77         0.49         1.01         0.37         0.17         0.55
    518400      9     13
        0.81         0.86         0.69         0.78         0.57         0.19         0.76         0.45         0.28
        1.01         0.78         0.34         0.47         0.17         0.63         0.60         0.57         0.13
        1.12         0.77         0.38         0.40         0.22         0.51         0.32         0.19         0.42
        0.41         0.66         0.50         0.83         0.42         0.55         0.65         0.27         0.36
        0.19         0.25         0.61         0.75         0.46         0.50         0.88         1.10         0.46
        0.16         0.44         1.04         0.60         0.84         0.85         0.69         0.98         0.33
        0.59         0.34         0.43         0.33         0.30         0.33         0.77         0.27         0.40
        0.26         0.55         0.41         0.08         0.41         0.87         0.38         0.32         0.59
        0.24         0.30         0.42         0.48         0.32         0.69         0.44         0.30         0.34
        0.44         0.32         0.39         0.39         0.34         0.15         0.28         0.43         0.26
        0.66         0.39         0.54         0.26         0.19         0.22         0.38         0.34         0.20
        0.48         0.49         0.35         0.58         0.43         0.60         0.34         0.12         0.26
        0.21         0.19         0.69         0.50         0.66         1.65         0.41         0.18         0.32
    604800      9     13
        0.59         0.50         0.27         0.31         0.23         0.33         0.34         0.15         0.34
        0.52         0.48         0.41         0.19         0.42         0.22         0.28         0.48         0.19
        0.56         0.27         0.25         0.41         0.08         0.15         0.58         0.26         0.11
        0.14         0.26         0.45         1.06         0.35         0.43         0.45         0.31         0.57
        0.21         0.16         0.45         0.69         0.48         0.23         0.31         0.46         0.73
        0.18         0.30         0.50         0.66         0.38         0.28         0.22         0.48         0.74
        0.34         0.33         0.17         0.31         0.23         0.17         0.26         0.26         0.32
        0.26         0.23         0.42         0.22         0.15         0.09         0.09         0.18         0.42
        0.25         0.45         0.52         0.20         0.09         0.09         0.19         0.18         0.15
        0.46         0.24         0.23         0.24         0.25         0.17         0.08         0.05         0.10
        0.31         0.16         0.46         0.21         0.15         0.09         0.13         0.12         0.06
        0.06         0.31         0.49         0.44         0.21         0.09         0.13         0.01         0.07
        0.27         0.25         0.58         0.57         0.32         0.97         0.29         0.06         0.02
    691200      9     13
        0.32         0.20         0.18         0.24         0.08         0.15         0.08         0.24         0.31
        0.22         0.43         0.15         0.28         0.11         0.09         0.19         0.45         0.27
        0.35         0.17         0.33         0.26         0.05         0.11         0.37         0.43         0.20
        0.11         0.28         0.45         0.83         0.41         0.32         0.23         0.24         0.33
        0.26         0.23         0.50         0.48         0.65         0.24         0.18         0.37         0.50
        0.20         0.14         0.35         0.27         0.32         0.19         0.20         0.50         0.48
        0.23         0.26         0.10         0.08         0.10         0.13         0.05         0.11         0.21
        0.20         0.05         0.18         0.17         0.11         0.08         0.03         0.03         0.07
        0.09         0.20         0.41         0.17         0.10         0.04         0.01         0.03         0.10
        0.11         0.14         0.14         0.06         0.12         0.03         0.02         0.03         0.03
        0.13         0.14         0.15         0.12         0.08         0.03         0.06         0.02         0.04
        0.19         0.57         0.39         0.23         0.22         0.09         0.14         0.01         0.05
        0.24         0.15         0.29         0.27         0.16         0.86         0.14         0.05         0.08
    777600      9     13
        0.12         0.14         0.33         0.13         0.24         0.42         0.37         0.38         0.46
        0.29         0.17         0.20         0.45         0.27         0.10         0.23         0.52         0.39
        0.30         0.12         0.09         0.41         0.06         0.25         0.31         0.48         0.22
        0.02         0.18         0.20         0.96         0.52         0.26         0.40         0.15         0.23
        0.05         0.07         0.24         0.38         0.60         0.16         0.08         0.18         0.29
        0.03         0.05         0.06         0.13         0.11         0.08         0.05         0.10         0.19
        0.04         0.06         0.05         0.05         0.07         0.05         0.07         0.03         0.08
        0.10         0.05         0.16         0.15         0.20         0.06         0.06         0.10         0.07
        0.06         0.12         0.19         0.11         0.09         0.02         0.01         0.02         0.04
        0.19         0.30         0.16         0.11         0.06         0.03         0.00         0.02         0.04
        0.04         0.09         0.12         0.17         0.05         0.06         0.04         0.04         0.06
        0.09         0.09         0.23         0.22         0.24         0.13         0.16         0.01         0.02
        0.25         0.28         0.25         0.27         0.28         0.79         0.16         0.02         0.04