         0      9     13
        0.74         0.71         0.81         0.90         1.41         0.60         1.01         0.51         0.58
        0.99         1.02         1.22         1.01         0.98         0.87         1.47         0.94         0.56
        1.28         1.01         1.03         1.26         1.14         1.39         1.76         0.97         1.36
        0.80         0.99         0.75         0.97         1.08         1.15         1.04         1.14         2.08
        0.49         0.69         0.69         1.27         1.16         1.07         1.07         1.37         2.87
        0.55         0.70         0.65         0.83         0.91         0.94         0.64         1.26         1.52
        0.63         0.49         0.48         0.76         0.70         0.48         0.59         0.83         1.07
        0.34         0.36         0.43         0.20         0.32         0.24         0.38         0.79         1.01
        0.31         0.42         0.64         0.61         0.50         0.55         0.59         0.64         1.01
        0.38         1.26         1.22         0.76         0.21         0.40         0.39         1.16         0.67
        0.94         0.97         0.86         0.53         0.21         0.26         0.21         0.54         0.69
        1.00         0.79         0.90         0.59         0.17         0.44         0.21         0.04         0.45
        0.74         0.93         0.71         0.41         0.31         0.67         0.13         0.12         0.40
     86400      9     13
        0.45         0.34         0.19         0.25         0.37         0.23         0.10         0.16         0.17
        0.50         0.47         0.29         0.38         0.24         0.10         0.18         0.60         0.22
        0.29         0.39         0.18         0.36         0.16         0.06         0.73         0.52         0.16
        0.32         0.76         0.81         1.37         0.42         0.34         0.04         0.04         0.25
        0.38         0.32         0.25         0.62         0.59         0.28         0.06         0.26         0.50
        0.47         0.35         0.27         0.56         0.59         0.25         0.11         0.35         0.49
        0.32         0.47         0.11         0.42         0.35         0.13         0.14         0.12         0.31
        0.71         0.31         0.26         0.12         0.18         0.08         0.06         0.19         0.26
        0.33         0.23         0.39         0.23         0.10         0.19         0.26         0.39         0.23
        0.28         0.31         0.26         0.42         0.49         0.08         0.03         0.17         0.38
        0.52         0.77         0.93         0.25         0.23         0.13         0.10         0.26         0.12
        0.73         0.80         0.78         1.03         0.38         0.25         0.50         0.07         0.09
        0.71         0.72         0.64         0.77         0.90         1.43         0.37         0.11         0.27
    172800      9     13
        0.14         0.15         0.07         0.05         0.19         0.16         0.05         0.41         0.13
        0.09         0.46         0.10         0.15         0.26         0.05         0.09         0.40         0.25
        0.10         0.22         0.18         0.16         0.06         0.07         0.62         0.50         0.16
        0.27         0.38         0.37         1.52         0.55         0.26         0.07         0.10         0.57
        0.33         0.50         0.34         1.07         0.57         0.26         0.03         0.23         0.35
        0.31         0.44         0.41         0.34         0.60         0.23         0.08         0.30         0.66
        0.33         0.88         0.29         0.73         0.41         0.15         0.10         0.17         0.11
        0.56         0.20         0.89         0.25         0.42         0.11         0.08         0.26         0.13
        0.11         0.13         0.94         0.49         0.31         0.23         0.19         0.18         0.22
        0.25         0.94         0.66         1.23         0.45         0.33         0.14         0.22         0.21
        0.58         0.49         0.82         0.45         0.25         0.07         0.10         0.09         0.16
        0.68         0.80         0.51         0.58         0.23         0.35         0.19         0.07         0.10
        0.37         0.43         0.31         0.50         0.55         1.03         0.38         0.07         0.05
    259200      9     13
        0.74         0.44         0.30         0.28         0.12         0.12         0.24         0.33         0.40
        0.40         0.55         0.07         0.22         0.20         0.05         0.16         0.29         0.27
        0.10         0.26         0.19         0.19         0.04         0.06         0.31         0.27         0.13
        0.04         0.10         0.08         0.57         0.19         0.21         0.57         0.07         0.42
        0.10         0.11         0.13         0.34         0.39         0.08         0.22         0.18         0.74
        0.32         0.23         0.08         0.09         0.25         0.22         0.30         0.73         0.78
        0.07         0.13         0.14         0.28         0.28         0.18         0.44         0.41         0.60
        0.32         0.04         0.49         0.10         0.12         0.10         0.15         0.21         0.60
        0.19         0.33         0.55         0.12         0.05         0.10         0.18         0.32         0.85
        0.49         0.67         0.26         0.12         0.13         0.02         0.25         0.30         0.28
        0.70         0.33         0.48         0.30         0.21         0.06         0.09         0.15         0.66
        0.70         0.73         0.65         0.71         0.27         0.16         0.25         0.03         0.21
        0.28         0.16         0.41         0.48         0.74         1.43         0.33         0.07         0.04
    345600      9     13
        0.97         0.79         1.22         1.00         1.06         1.19         0.91         1.10         1.19
        1.19         0.83         0.87         0.83         0.96         1.03         0.97         0.89         1.08
        0.98         0.73         1.29         0.76         1.11         0.89         0.73         0.83         1.21
        1.13         1.80         1.53         2.15         1.39         1.21         1.00         0.80         1.08
        0.52         1.23         1.03         1.50         2.45         1.58         1.60         1.13         1.23
        0.52         0.54         1.67         1.58         1.10         0.98         1.65         1.83         1.46
        0.95         1.10         0.96         1.79         1.46         1.08         1.70         2.28         1.55
        0.97         0.89         1.28         0.76         1.42         1.32         1.31         1.85         1.52
        1.15         1.35         0.99         1.54         1.19         1.41         1.05         0.83         1.32
        0.98         0.91         1.02         0.81         1.21         0.43         1.60         0.99         1.60
        0.52         0.98         1.62         0.89         0.73         0.69         1.06         0.76         1.02
        0.38         1.01         1.93         1.85         0.81         0.67         0.45         0.60         0.75
        1.31         2.20         1.45         2.07         0.77         1.46         0.26         0.62         1.17
    432000      9     13
        1.00         0.95         1.17         1.26         0.77         0.66         1.18         0.71         0.93
        0.99         1.02         0.87         0.96         0.86         0.95         0.69         0.99         0.31
        1.05         1.18         1.02         0.90         0.89         0.63         0.90         0.62         0.30
        0.61         1.35         0.78         1.73         0.66         0.59         0.92         0.67         0.95
        0.48         1.21         0.87         1.22         0.80         0.68         1.18         0.79         0.89
        0.46         0.89         0.68         0.85         0.60         0.55         0.38         0.76         0.78
        0.56         0.67         0.63         0.89         0.72         0.48         0.98         0.49         0.73
        0.41         0.48         1.08         0.27         0.29         0.15         0.18         0.36         0.64
        0.55         0.57         0.47         0.42         0.20         0.10         0.53         0.66         0.56
        0.71         0.61         0.67         0.75         0.63         0.40         0.11         0.41         0.63
        0.55         0.59         0.90         0.56         0.44         0.40         0.39         0.46         0.50
        0.78         1.10         1.27         1.07         0.65         0.33         0.25         0.03         0.05
        1.48         1.32         0.90         0.38         0.38         0.82         0.25         0.03         0.05
    518400      9     13
        0.96         1.32         1.87         1.34         0.87         0.90         1.06         0.63         0.72
        1.05         1.12         1.32         1.12         1.06         1.17         0.64         0.93         0.62
        0.71         0.89         1.24         1.33         1.30         1.25         0.89         1.45         0.68
        0.51         1.23         1.38         2.32         0.79         0.84         0.69         1.20         0.91
        0.51         0.31         0.61         2.21         1.10         0.37         0.47         0.61         0.59
        0.47         0.53         0.68         0.99         0.61         0.37         0.26         0.66         0.58
        0.54         0.81         0.46         0.45         0.78         0.15         0.23         0.36         0.79
        0.53         0.28         0.61         0.47         0.42         0.09         0.17         0.31         0.38
        0.47         0.49         0.82         0.62         0.24         0.07         0.14         0.36         0.47
        1.03         0.53         0.54         0.40         0.27         0.60         0.51         0.38         0.19
        0.72         0.73         0.65         0.47         0.14         0.12         0.08         0.06         0.08
        0.32         0.50         0.54         0.74         0.45         0.21         0.26         0.11         0.10
        0.68         0.62         0.75         0.70         0.60         1.44         0.41         0.13         0.14
    604800      9     13
        1.00         1.51         2.04         2.18         1.56         1.65         1.76         1.15         1.04
        0.79         1.04         1.68         1.12         1.38         1.47         0.72         0.81         0.77
        0.84         1.33         0.72         0.50         0.82         1.04         0.57         0.73         0.34
        0.33         0.88         0.70         1.02         0.36         0.27         0.21         0.42         0.67
        0.17         0.42         0.45         0.80         0.37         0.22         0.11         0.32         0.76
        0.07         0.21         0.47         0.38         0.78         0.19         0.10         0.40         0.58
        0.32         0.31         0.16         0.28         0.17         0.07         0.21         0.33         0.68
        0.39         0.12         0.39         0.41         0.29         0.10         0.08         0.32         0.24
        0.17         0.11         0.72         0.25         0.13         0.27         0.19         0.12         0.24
        0.34         0.47         0.32         0.19         0.21         0.14         0.28         0.44         0.26
        0.08         0.08         0.44         0.40         0.15         0.31         0.23         0.27         0.22
        0.04         0.12         0.27         0.27         0.30         0.40         0.45         0.06         0.11
        0.34         0.54         0.77         0.58         0.55         1.02         0.25         0.23         0.22
    691200      9     13
        1.42         1.91         1.13         0.66         0.63         0.34         0.33         0.43         0.52
        0.95         0.85         0.53         0.25         0.32         0.35         0.33         0.44         0.28
        0.59         0.20         0.23         0.27         0.55         0.54         0.59         1.02         0.26
        0.05         0.30         0.30         0.79         0.42         0.27         1.01         0.34         0.62
        0.13         0.19         0.17         0.56         0.38         0.23         0.40         0.41         0.78
        0.24         0.16         0.28         0.53         0.45         0.35         0.33         0.59         0.63
        0.27         0.29         0.23         0.94         0.37         0.43         1.15         0.75         0.69
        0.30         0.08         0.66         0.23         0.28         0.28         0.14         0.54         0.66
        0.62         0.54         0.78         0.25         0.12         0.10         0.34         0.62         0.49
        0.88         0.40         0.43         0.13         0.18         0.26         0.08         0.29         0.54
        0.07         0.14         0.36         0.24         0.09         0.20         0.12         0.56         0.53
        0.35         0.34         0.66         0.61         0.14         0.07         0.12         0.09         0.26
        0.13         0.36         0.56         0.72         0.37         1.21         0.12         0.10         0.44
    777600      9     13
        0.47         0.23         0.14         0.19         0.29         0.07         0.30         0.19         0.27
        0.36         0.17         0.31         0.11         0.09         0.27         0.44         0.41         0.17
        0.30         0.32         0.11         0.21         0.04         0.31         0.29         0.29         0.27
        0.13         0.21         0.37         0.61         0.53         0.23         0.60         0.20         0.66
        0.21         0.22         0.34         0.81         0.67         0.26         0.32         1.01         0.53
        0.47         0.29         0.20         0.51         0.34         0.25         0.35         0.50         0.74
        0.13         0.52         0.12         0.10         0.05         0.08         0.81         0.57         0.51
        0.21         0.17         0.41         0.05         0.05         0.12         0.49         0.30         0.55
        0.36         0.25         0.28         0.13         0.09         0.32         0.12         0.24         0.54
        0.76         0.79         0.28         0.14         0.08         0.03         0.04         0.20         0.51
        1.39         0.81         0.23         0.15         0.11         0.05         0.04         0.07         0.36
        0.81         0.19         0.53         0.64         0.27         0.30         0.26         0.04         0.20
        0.43         0.24         0.35         0.44         0.43         1.00         0.21         0.15         0.44