         0      9     13
        0.65         0.39         0.31         0.24         0.20         0.40         0.26         0.73         0.85
        0.53         0.55         0.49         0.71         0.81         0.41         0.50         0.70         0.65
        0.27         0.36         0.45         0.26         0.26         0.31         0.33         0.44         1.13
        0.68         0.38         0.26         0.19         0.40         0.25         0.44         0.35         0.41
        0.53         0.24         0.21         0.29         0.41         0.16         0.49         0.80         0.50
        0.79         0.39         0.33         0.32         0.36         0.21         0.43         0.45         0.86
        0.77         0.49         0.19         0.27         0.20         0.30         0.40         0.76         0.96
        0.39         0.46         0.35         0.38         0.22         0.31         0.40         0.91         1.10
        0.59         0.81         0.42         0.28         0.20         0.52         0.65         0.72         0.71
        0.44         1.11         0.78         0.56         0.43         0.34         0.73         0.90         0.66
        0.97         1.37         1.53         0.47         0.61         0.40         0.49         1.05         0.72
        1.13         1.76         1.31         0.40         0.50         0.47         0.29         0.68         0.51
        0.34         1.33         1.11         0.65         0.62         0.98         0.82         0.49         0.33
     86400      9     13
        0.27         0.35         0.76         0.24         0.32         0.68         0.32         0.27         0.44
        0.34         0.38         0.26         0.25         0.10         0.14         0.22         0.33         0.37
        0.21         0.40         0.41         0.10         0.14         0.21         0.35         0.27         0.39
        0.05         0.25         0.50         0.25         0.26         0.17         0.19         0.73         0.29
        0.04         0.05         0.30         0.14         0.12         0.18         0.25         1.01         0.27
        0.03         0.05         0.18         0.24         0.39         0.27         0.42         0.48         0.94
        0.15         0.07         0.18         0.19         0.25         0.30         0.41         0.46         0.66
        0.03         0.11         0.16         0.21         0.17         0.26         0.28         0.40         0.39
        0.03         0.05         0.02         0.23         0.17         0.19         0.10         0.17         0.27
        0.12         0.02         0.05         0.06         0.12         0.05         0.15         0.10         0.12
        0.23         0.19         0.33         0.10         0.11         0.21         0.04         0.17         0.18
        0.23         0.86         0.42         0.19         0.09         0.35         0.12         0.16         0.16
        0.23         0.67         0.24         0.48         0.24         0.23         0.15         0.16         0.29
    172800      9     13
        1.04         0.72         0.68         0.45         0.49         0.14         0.14         0.21         0.16
        0.50         0.36         0.22         0.35         0.28         0.32         0.25         0.14         0.18
        0.49         0.42         0.17         0.18         0.16         0.35         0.47         0.42         0.30
        0.57         0.41         0.42         0.44         0.46         0.57         0.30         0.29         0.19
        0.17         0.30         0.28         0.50         0.60         0.47         0.61         0.39         0.52
        0.08         0.41         0.39         0.38         0.54         0.55         0.31         0.45         0.64
        0.28         0.22         0.27         0.34         0.33         0.51         0.26         0.67         0.45
        0.16         0.19         0.15         0.06         0.23         0.32         0.28         0.45         0.76
        0.26         0.19         0.26         0.20         0.14         0.38         0.22         0.30         0.46
        0.44         0.27         0.62         0.45         0.18         0.14         0.20         0.39         0.42
        0.23         0.50         0.50         0.36         0.15         0.08         0.20         0.17         0.19
        0.46         0.34         0.43         0.97         0.58         0.30         0.62         0.04         0.28
        0.50         0.43         0.73         0.75         0.19         0.36         0.31         0.12         0.66
    259200      9     13
        0.16         0.14         0.10         0.10         0.27         0.11         0.04         0.05         0.05
        0.24         0.07         0.27         0.17         0.12         0.12         0.11         0.06         0.09
        0.31         0.26         0.12         0.11         0.08         0.09         0.06         0.06         0.09
        0.22         0.27         0.10         0.18         0.43         0.19         0.05         0.03         0.26
        0.24         0.38         0.29         0.08         0.19         0.12         0.03         0.05         0.33
        0.27         0.28         0.25         0.16         0.24         0.34         0.12         0.07         0.08
        0.48         0.41         0.17         0.05         0.13         0.17         0.17         0.08         0.03
        0.22         0.19         0.17         0.04         0.08         0.14         0.06         0.06         0.02
        0.69         0.26         0.11         0.05         0.10         0.12         0.05         0.04         0.04
        0.50         0.26         0.17         0.13         0.18         0.06         0.07         0.15         0.13
        0.76         0.74         0.14         0.26         0.23         0.12         0.14         0.06         0.12
        0.42         0.17         0.20         0.19         0.57         0.19         0.72         0.20         0.16
        0.19         0.12         0.53         0.40         0.14         0.29         0.69         0.21         0.40
    345600      9     13
        0.34         0.61         0.81         0.59         0.24         0.20         0.10         0.04         0.07
        0.12         0.85         0.56         0.51         0.29         0.15         0.09         0.03         0.02
        0.05         0.28         0.79         0.62         0.24         0.20         0.21         0.05         0.07
        0.24         0.20         0.62         0.37         0.91         0.16         0.57         0.18         0.28
        0.17         0.31         0.27         0.21         0.86         0.44         0.57         0.40         0.10
        0.03         0.36         0.47         0.24         0.83         0.28         0.52         0.66         0.68
        0.05         0.07         0.30         0.44         0.85         0.52         0.47         0.85         1.11
        0.04         0.10         0.10         0.06         0.41         0.30         0.28         0.22         0.52
        0.02         0.09         0.05         0.26         0.34         0.31         0.43         0.42         0.85
        0.11         0.17         0.10         0.16         0.20         0.33         0.17         0.39         0.87
        0.09         0.07         0.11         0.20         0.18         0.34         0.33         0.35         0.74
        0.23         0.12         0.22         0.32         0.12         0.27         0.29         0.49         0.30
        0.54         0.50         0.52         0.40         0.14         0.41         0.15         0.16         0.50
    432000      9     13
        0.03         0.01         0.35         0.34         0.17         0.65         0.39         0.28         0.16
        0.11         0.41         0.33         0.25         0.35         0.35         0.37         0.57         0.47
        0.06         0.11         0.30         0.44         0.24         0.10         0.60         0.33         0.03
        0.09         0.04         0.31         0.77         0.67         0.25         0.13         0.35         0.09
        0.10         0.08         0.30         0.42         0.88         0.26         0.07         0.25         0.12
        0.02         0.05         0.08         0.11         0.41         0.20         0.12         0.46         0.03
        0.04         0.06         0.02         0.03         0.08         0.07         0.10         0.17         0.02
        0.08         0.02         0.12         0.08         0.05         0.08         0.05         0.40         0.07
        0.05         0.06         0.23         0.10         0.03         0.03         0.07         0.12         0.50
        0.12         0.10         0.16         0.21         0.09         0.05         0.00         0.14         0.27
        0.09         0.16         0.20         0.09         0.03         0.11         0.03         0.28         0.43
        0.06         0.28         0.20         0.27         0.12         0.20         0.06         0.14         0.65
        0.09         0.17         0.12         0.44         0.21         0.37         0.29         0.04         0.63
    518400      9     13
        0.33         0.26         0.52         0.65         0.64         0.87         1.05         0.86         1.07
        0.29         0.33         0.35         0.46         0.55         0.64         0.82         1.07         1.29
        0.13         0.25         0.33         0.47         0.45         0.49         0.70         1.23         1.15
        0.08         0.19         0.26         0.75         0.66         0.54         0.55         0.64         0.70
        0.06         0.07         0.12         0.41         0.45         0.48         0.34         0.42         0.52
        0.00         0.02         0.04         0.12         0.23         0.29         0.31         0.40         0.46
        0.01         0.02         0.01         0.02         0.08         0.06         0.08         0.15         0.21
        0.00         0.01         0.03         0.02         0.02         0.01         0.02         0.02         0.02
        0.01         0.01         0.04         0.03         0.01         0.00         0.00         0.00         0.00
        0.04         0.01         0.01         0.02         0.01         0.00         0.00         0.00         0.00
        0.02         0.01         0.03         0.04         0.00         0.00         0.00         0.00         0.00
        0.01         0.01         0.05         0.10         0.08         0.01         0.02         0.00         0.00
        0.01         0.02         0.02         0.03         0.09         0.32         0.05         0.00         0.00
    604800      9     13
        0.24         0.49         0.71         0.80         0.63         0.60         0.77         1.28         1.48
        0.44         0.54         0.73         0.95         0.73         0.68         0.69         1.11         1.07
        0.39         0.40         0.53         0.78         0.75         0.86         1.21         1.21         1.16
        0.17         0.56         0.59         1.36         0.71         0.89         0.86         0.78         1.10
        0.16         0.33         0.44         0.91         0.56         0.55         0.52         0.53         0.88
        0.16         0.17         0.33         0.45         0.77         0.58         0.43         0.39         0.60
        0.11         0.29         0.24         0.40         0.30         0.26         0.31         0.32         0.39
        0.31         0.11         0.11         0.15         0.21         0.17         0.21         0.19         0.10
        0.32         0.31         0.22         0.30         0.10         0.07         0.05         0.02         0.04
        0.84         0.68         0.43         0.38         0.10         0.01         0.02         0.11         0.08
        0.17         0.44         0.46         0.35         0.13         0.12         0.03         0.08         0.12
        0.24         0.43         0.90         0.53         0.23         0.17         0.12         0.09         0.04
        0.28         0.66         0.65         0.82         0.67         0.81         0.23         0.06         0.03
    691200      9     13
        1.07         0.90         0.41         0.72         0.69         0.57         0.76         1.15         1.42
        0.69         0.83         0.34         0.41         0.50         0.79         0.73         0.92         0.56
        0.31         0.44         0.33         0.32         0.31         0.16         0.49         0.60         0.24
        0.64         0.60         1.05         1.61         0.55         0.33         0.17         0.07         0.34
        0.34         0.76         0.55         1.11         0.79         0.23         0.56         0.37         0.56
        0.45         0.47         0.27         0.79         0.87         0.31         0.24         0.43         0.62
        0.50         0.62         0.29         0.90         0.65         0.48         1.47         0.83         0.52
        1.27         0.85         0.64         0.48         0.77         0.72         0.38         0.53         0.41
        0.90         0.34         0.45         0.41         0.30         0.20         0.23         0.35         0.47
        0.37         0.46         0.39         1.10         0.41         0.54         0.24         0.41         0.47
        0.43         0.60         0.35         0.51         0.10         0.37         0.14         0.42         0.25
        0.46         0.63         0.56         0.62         0.25         0.28         0.11         0.14         0.41
        0.36         0.73         0.79         0.59         0.33         1.13         0.19         0.14         0.33
    777600      9     13
        2.08         2.19         2.08         1.69         2.30         1.86         1.39         1.41         2.32
        1.87         2.42         1.66         1.91         2.09         1.29         1.05         1.72         1.23
        1.44         1.30         1.76         1.53         2.02         1.42         1.24         0.81         0.76
        1.07         2.52         3.00         1.89         1.02         1.10         1.85         1.45         1.32
        0.90         2.18         1.89         1.96         1.67         0.91         1.09         1.57         1.41
        0.96         1.59         1.61         1.51         2.19         1.51         1.39         1.46         1.73
        0.91         1.48         0.73         1.27         1.49         1.54         2.33         2.08         1.83
        0.73         0.74         0.69         0.82         1.04         1.42         1.75         1.87         2.24
        0.84         0.67         0.84         0.87         0.61         0.54         0.94         1.80         2.10
        0.80         1.03         0.85         1.40         0.46         1.05         0.95         1.46         1.20
        1.15         1.15         1.51         0.99         0.52         0.53         0.57         0.69         0.73
        1.34         1.63         1.06         1.13         0.52         0.57         0.80         0.75         1.00
        1.17         1.05         0.94         1.19         0.78         1.65         0.79         0.50         0.90