         0      9     13
        1.13         0.67         0.66         0.88         0.84         1.25         0.81         1.05         1.25
        0.54         0.93         0.65         0.70         0.75         0.70         0.96         0.94         0.69
        0.64         0.72         0.72         0.62         0.41         0.63         0.77         0.62         0.43
        0.62         0.90         0.72         1.28         0.72         0.59         0.61         0.61         0.42
        0.28         0.45         0.58         0.71         0.79         0.52         0.64         0.81         0.54
        0.35         0.46         0.40         0.38         0.35         0.88         0.44         0.56         0.57
        0.72         0.26         0.53         0.37         0.38         0.59         0.44         0.38         0.34
        0.28         0.19         0.28         0.17         0.26         0.43         0.98         0.59         0.39
        0.22         0.25         0.41         0.25         0.17         0.27         0.26         0.30         0.52
        0.39         0.55         0.44         0.21         0.20         0.16         0.23         0.19         0.20
        0.91         0.79         0.36         0.13         0.16         0.20         0.15         0.12         0.09
        0.44         0.72         0.52         0.52         0.14         0.21         0.24         0.05         0.12
        0.22         0.20         0.39         0.25         0.20         0.64         0.07         0.03         0.05
     86400      9     13
        0.68         0.24         0.49         0.34         0.38         0.19         0.20         0.21         0.27
        0.63         0.65         0.21         0.32         0.42         0.11         0.23         0.44         0.22
        0.39         0.42         0.59         0.23         0.34         0.15         0.47         0.66         0.41
        0.35         0.87         0.85         1.90         0.53         0.28         0.30         0.31         0.49
        0.26         0.39         0.38         0.72         0.95         0.31         0.20         0.51         0.38
        0.30         0.38         0.51         0.20         0.35         0.20         0.24         0.61         0.49
        0.27         0.56         0.17         0.32         0.36         0.13         0.22         0.09         0.24
        0.17         0.26         0.37         0.16         0.55         0.21         0.15         0.24         0.21
        0.36         0.53         0.42         0.34         0.23         0.32         0.20         0.09         0.09
        0.73         0.35         0.24         0.34         0.34         0.02         0.12         0.12         0.18
        0.33         0.56         0.42         0.27         0.10         0.08         0.10         0.23         0.27
        0.22         0.69         0.52         0.34         0.25         0.07         0.14         0.20         0.04
        0.30         0.28         0.42         0.44         0.39         0.68         0.16         0.06         0.09
    172800      9     13
        0.43         0.45         0.33         0.20         0.20         0.36         0.24         0.29         0.30
        0.42         0.74         0.17         0.41         0.39         0.15         0.18         0.24         0.22
        0.23         0.31         0.34         0.32         0.17         0.08         0.95         0.71         0.24
        0.13         0.67         0.86         1.36         0.48         0.28         0.19         0.20         0.46
        0.14         0.34         0.48         0.61         0.88         0.21         0.06         0.44         0.62
        0.52         0.38         0.31         0.29         0.40         0.18         0.12         0.47         0.37
        0.23         0.44         0.32         0.36         0.51         0.19         0.21         0.37         0.35
        0.23         0.10         0.50         0.36         0.26         0.06         0.05         0.35         0.09
        0.37         0.54         0.75         0.77         0.18         0.09         0.06         0.26         0.24
        0.59         0.60         0.43         0.32         0.35         0.10         0.24         0.14         0.29
        0.57         0.15         0.36         0.16         0.10         0.36         0.12         0.13         0.34
        0.67         0.72         0.36         0.50         0.14         0.22         0.22         0.19         0.26
        0.32         0.35         0.67         0.46         0.44         1.05         0.39         0.18         0.39
    259200      9     13
        0.11         0.05         0.25         0.09         0.11         0.27         0.07         0.46         0.29
        0.10         0.10         0.10         0.29         0.25         0.20         0.32         0.26         0.25
        0.06         0.18         0.26         0.43         0.24         0.76         0.51         0.13         0.41
        0.18         0.41         0.14         1.15         0.76         0.47         0.44         0.20         0.24
        0.32         0.37         0.46         0.70         1.18         0.22         0.21         0.34         0.96
        0.62         0.46         0.47         0.52         0.73         0.25         0.32         0.49         0.72
        0.54         0.80         0.33         1.28         0.31         0.14         0.28         0.23         0.60
        0.37         0.28         0.42         0.65         0.85         0.19         0.19         0.26         0.18
        0.60         0.83         0.98         0.45         0.30         0.31         0.46         0.48         0.25
        0.57         0.57         0.87         0.67         0.53         0.08         0.24         0.64         0.41
        0.58         0.77         1.42         0.55         0.11         0.36         0.24         0.51         0.32
        0.30         1.36         0.80         1.20         0.42         0.44         0.74         0.25         0.34
        0.47         0.50         0.52         1.06         0.64         1.27         0.60         0.29         0.51
    345600      9     13
        0.01         0.01         0.02         0.03         0.03         0.03         0.05         0.04         0.14
        0.00         0.02         0.01         0.02         0.02         0.02         0.01         0.02         0.04
        0.01         0.01         0.03         0.03         0.01         0.00         0.03         0.05         0.01
        0.01         0.03         0.01         0.15         0.06         0.02         0.10         0.02         0.08
        0.01         0.03         0.01         0.07         0.20         0.06         0.03         0.02         0.20
        0.01         0.02         0.04         0.16         0.56         0.06         0.08         0.11         0.77
        0.02         0.07         0.02         0.03         0.09         0.02         0.07         0.22         0.39
        0.18         0.01         0.06         0.05         0.03         0.01         0.12         0.25         0.42
        0.03         0.08         0.12         0.04         0.04         0.01         0.02         0.27         0.50
        0.16         0.09         0.02         0.03         0.02         0.01         0.03         0.02         0.42
        0.06         0.09         0.05         0.13         0.05         0.04         0.02         0.10         0.38
        0.25         0.10         0.28         0.72         0.15         0.20         0.16         0.06         0.15
        0.39         0.74         0.71         0.68         0.30         0.80         0.16         0.17         0.12
    432000      9     13
        0.57         1.11         0.93         0.86         0.80         0.11         0.17         0.13         0.35
        0.41         0.69         0.70         0.41         0.36         0.45         0.10         0.24         0.20
        0.18         0.06         0.18         0.18         0.06         0.18         0.23         0.06         0.06
        0.02         0.08         0.25         0.54         0.20         0.14         0.14         0.10         0.24
        0.02         0.04         0.11         0.25         0.39         0.28         0.38         0.61         0.80
        0.02         0.04         0.19         0.18         0.27         0.40         0.29         0.30         0.72
        0.02         0.12         0.06         0.26         0.24         0.13         0.28         0.43         0.54
        0.05         0.03         0.11         0.08         0.22         0.19         0.19         0.31         0.39
        0.03         0.08         0.34         0.21         0.14         0.20         0.20         0.54         0.21
        0.09         0.14         0.09         0.18         0.11         0.30         0.28         0.30         0.38
        0.08         0.13         0.50         0.17         0.27         0.49         0.21         0.33         0.28
        0.08         0.53         0.57         0.62         0.29         0.42         0.34         0.22         0.19
        0.18         0.66         0.60         0.33         0.46         1.02         0.20         0.23         0.44
    518400      9     13
        0.69         0.98         1.42         0.87         0.61         0.38         0.49         0.64         0.74
        0.57         0.65         0.52         0.48         0.39         0.33         0.28         0.42         0.31
        0.75         0.52         0.24         0.38         0.07         0.12         0.44         0.64         0.33
        0.37         0.60         0.23         0.43         0.25         0.29         0.95         0.42         0.47
        0.30         0.43         0.27         0.26         0.43         0.26         0.32         0.39         0.31
        0.22         0.51         0.62         0.89         0.31         0.30         0.29         0.74         0.41
        0.45         0.34         0.40         0.76         0.33         0.29         0.37         0.56         0.36
        0.15         0.11         0.44         0.11         0.18         0.32         0.48         0.50         0.47
        0.26         0.19         0.23         0.23         0.12         0.24         0.85         0.75         0.66
        0.69         0.25         0.16         0.48         0.40         0.80         0.39         0.58         0.76
        0.31         0.58         0.82         0.46         0.31         0.56         0.27         0.23         0.32
        0.78         1.09         1.24         0.94         0.44         0.32         0.21         0.12         0.36
        0.72         1.00         0.50         0.92         0.50         1.54         0.32         0.13         0.61
    604800      9     13
        0.15         0.20         0.28         0.27         0.12         0.13         0.21         0.38         0.51
        0.37         0.53         0.29         0.30         0.29         0.39         0.15         0.74         0.26
        0.56         0.45         0.41         0.40         0.27         0.15         0.91         1.47         0.22
        0.38         0.94         0.49         1.72         0.33         0.30         0.39         0.36         0.58
        0.34         0.50         0.32         1.04         1.38         0.38         0.23         0.83         0.93
        0.58         0.28         0.41         0.23         0.61         0.43         0.23         0.58         0.76
        0.48         0.67         0.30         0.38         0.67         0.41         0.37         0.47         0.69
        0.76         0.39         0.47         0.58         0.26         0.20         0.23         0.45         0.49
        0.59         0.45         1.18         0.93         0.37         0.17         0.29         0.49         0.29
        1.30         1.00         0.75         0.90         0.33         0.29         0.38         0.30         0.17
        0.61         0.74         0.57         0.42         0.31         0.33         0.13         0.15         0.15
        0.47         0.82         0.97         0.66         0.71         0.40         0.13         0.04         0.03
        0.55         0.70         0.61         0.48         0.27         0.84         0.39         0.05         0.01
    691200      9     13
        0.03         0.03         0.06         0.05         0.08         0.06         0.04         0.08         0.27
        0.04         0.06         0.06         0.07         0.08         0.05         0.04         0.23         0.24
        0.06         0.07         0.14         0.26         0.14         0.06         0.11         0.22         0.14
        0.07         0.18         0.08         0.70         0.31         0.08         0.05         0.03         0.16
        0.09         0.08         0.17         0.32         0.51         0.16         0.02         0.30         0.54
        0.13         0.17         0.10         0.16         0.29         0.13         0.02         0.03         0.31
        0.25         0.37         0.13         0.35         0.28         0.10         0.03         0.03         0.24
        0.60         0.31         0.40         0.18         0.15         0.11         0.04         0.04         0.08
        0.49         0.20         0.76         0.31         0.17         0.09         0.05         0.08         0.49
        0.60         0.48         0.28         0.11         0.16         0.05         0.06         0.09         0.24
        0.50         0.57         0.60         0.21         0.07         0.09         0.06         0.23         0.29
        0.26         0.50         0.56         1.22         0.28         0.13         0.24         0.04         0.03
        0.39         0.48         0.65         1.24         0.89         1.03         0.31         0.04         0.06
    777600      9     13
        0.57         0.91         1.09         1.55         2.09         2.87         0.96         0.78         0.88
        0.60         0.53         1.06         1.40         1.71         2.02         1.69         1.22         1.26
        0.72         0.79         0.74         1.13         0.89         0.88         1.22         1.53         1.23
        0.40         0.95         0.74         0.91         0.60         0.98         0.74         1.70         0.99
        0.29         0.89         1.03         0.77         1.02         0.72         1.22         1.33         1.26
        0.12         0.36         0.61         0.77         0.85         0.67         0.98         1.02         1.13
        0.41         0.38         0.55         0.77         0.42         0.35         0.71         0.93         0.98
        0.25         0.27         0.36         0.37         0.38         0.43         0.69         1.11         0.88
        0.16         0.24         0.27         0.38         0.52         0.46         0.24         0.60         0.91
        0.22         0.29         0.43         0.65         0.35         0.45         0.44         0.33         0.64
        0.43         0.72         0.76         0.43         0.18         0.26         0.29         0.37         0.45
        0.33         0.43         0.53         0.43         0.22         0.11         0.23         0.21         0.35
        0.12         0.28         0.91         0.71         0.40         1.29         0.45         0.11         0.18