         0      9     13
        1.17         0.86         0.93         0.86         0.75         0.86         0.62         0.51         0.52
        0.90         1.13         1.13         0.80         0.84         0.79         0.72         0.59         0.56
        0.80         0.86         0.99         0.90         0.92         0.78         1.14         0.95         0.79
        1.01         0.91         1.06         1.59         1.83         1.33         1.27         1.07         1.28
        1.04         0.96         1.01         1.52         1.75         1.21         1.32         1.24         1.07
        1.06         1.02         0.96         1.19         1.40         1.15         1.28         1.25         1.11
        1.04         0.94         0.79         0.93         1.04         0.92         1.07         1.12         1.09
        0.95         0.80         0.78         0.82         0.78         0.67         0.87         0.73         0.75
        0.86         0.99         0.96         0.99         0.75         0.52         0.56         0.68         0.66
        1.02         1.13         1.05         1.00         0.82         0.50         0.42         0.42         0.48
        0.76         0.85         1.00         1.04         0.70         0.55         0.37         0.45         0.42
        0.62         0.89         0.93         0.96         0.76         0.68         0.57         0.55         0.35
        0.52         0.79         0.92         0.86         0.71         1.25         0.69         0.57         0.41
     86400      9     13
        0.19         0.26         0.86         0.94         0.66         0.71         0.77         1.07         1.07
        0.47         0.78         0.35         0.75         0.34         0.23         0.36         0.80         0.36
        0.26         0.36         0.65         0.59         0.28         0.44         0.75         0.57         1.13
        0.33         1.19         0.83         2.46         2.01         0.47         0.24         0.85         1.51
        0.40         0.55         0.51         1.54         1.98         0.61         0.50         1.25         1.44
        0.34         0.53         0.33         0.52         1.13         0.47         0.79         0.52         1.04
        0.24         0.55         0.33         0.63         0.46         0.37         0.56         0.73         1.00
        0.15         0.21         0.34         0.59         0.50         0.45         0.60         0.57         0.73
        0.15         0.22         0.25         0.37         0.47         0.41         0.41         0.62         0.76
        0.27         0.28         0.37         0.40         0.36         0.59         0.52         0.38         0.55
        0.25         0.47         0.63         0.43         0.38         0.66         0.42         0.30         0.29
        0.34         0.50         0.74         0.84         0.78         0.54         0.46         0.38         0.30
        0.60         0.66         0.65         0.84         0.74         1.10         0.53         0.33         0.31
    172800      9     13
        0.67         0.93         1.30         1.48         1.43         1.47         0.90         1.13         1.11
        0.73         1.37         0.99         1.21         0.96         1.13         1.22         1.02         0.84
        0.26         0.76         1.27         1.34         0.76         1.17         1.10         1.07         1.04
        0.39         0.84         1.50         2.46         1.63         0.99         0.37         1.06         1.94
        0.24         0.58         0.32         1.03         1.32         1.02         0.77         1.72         1.92
        0.26         0.30         0.46         0.61         0.99         1.02         0.88         1.19         1.94
        0.44         0.69         0.36         0.78         1.10         0.70         1.31         1.71         1.31
        0.56         0.43         0.85         0.58         1.02         1.13         1.31         1.25         1.41
        0.38         0.57         0.58         0.68         0.54         0.60         1.05         1.35         1.32
        0.46         0.61         0.54         0.56         0.57         0.32         0.42         0.87         1.38
        0.41         0.83         0.81         0.69         0.26         0.47         0.18         0.45         0.43
        0.55         0.84         1.34         1.62         0.80         0.29         0.16         0.18         0.18
        0.47         0.58         1.13         0.97         0.71         0.97         0.19         0.16         0.12
    259200      9     13
        1.30         1.17         1.00         1.15         0.80         0.39         0.75         0.41         0.84
        1.06         1.13         0.72         0.67         0.81         0.54         0.79         0.72         0.55
        0.91         0.65         0.64         1.07         0.90         0.59         0.79         0.84         0.78
        0.48         1.38         1.11         2.09         0.60         0.53         0.86         1.01         0.53
        0.70         0.95         0.41         1.35         0.66         0.47         1.31         0.72         0.80
        0.68         0.67         0.85         0.87         0.74         0.62         0.77         0.86         0.79
        0.44         0.99         0.49         0.63         0.57         0.66         0.96         1.57         1.00
        0.32         0.13         0.30         0.30         0.64         0.69         1.02         1.34         1.23
        0.34         0.26         0.59         0.65         0.36         0.38         0.72         0.91         0.86
        0.78         1.21         0.69         0.90         0.59         0.33         0.91         1.16         0.41
        1.00         0.83         1.04         0.68         0.31         0.38         0.28         0.13         0.25
        1.01         1.50         1.28         1.26         0.44         0.36         0.19         0.21         0.14
        0.80         0.92         0.72         0.88         0.56         1.03         0.12         0.22         0.57
    345600      9     13
        0.63         0.47         0.38         0.41         0.38         0.17         0.47         0.30         0.28
        0.66         0.50         0.32         0.55         0.14         0.19         0.42         0.42         0.17
        0.82         0.40         0.34         0.46         0.13         0.59         0.54         0.37         0.22
        0.62         0.72         0.76         1.10         0.19         0.14         0.76         0.24         0.36
        0.40         0.43         0.34         0.73         0.35         0.32         0.39         0.70         0.22
        0.54         0.77         0.42         0.18         0.24         0.42         0.16         0.37         0.15
        0.56         0.65         0.27         0.52         0.30         0.26         0.43         0.31         0.14
        0.43         0.17         0.43         0.09         0.29         0.33         0.44         0.34         0.13
        0.23         0.19         0.38         0.30         0.12         0.32         0.39         0.25         0.20
        0.53         0.46         0.56         0.66         0.36         0.10         0.10         0.52         0.15
        0.50         0.72         0.24         0.11         0.09         0.16         0.65         0.17         0.07
        0.47         0.31         0.34         0.34         0.13         0.46         0.09         0.15         0.15
        0.36         0.29         0.20         0.20         0.29         1.01         0.14         0.23         0.69
    432000      9     13
        0.18         0.25         0.35         0.13         0.18         0.09         0.17         0.06         0.04
        0.24         0.20         0.12         0.36         0.06         0.10         0.12         0.18         0.04
        0.16         0.29         0.20         0.31         0.07         0.19         0.21         0.19         0.03
        0.13         0.29         0.25         0.59         0.15         0.12         0.03         0.03         0.17
        0.19         0.12         0.16         0.44         0.19         0.11         0.04         0.08         0.06
        0.13         0.13         0.33         0.14         0.13         0.14         0.07         0.05         0.03
        0.20         0.13         0.10         0.11         0.14         0.21         0.04         0.04         0.02
        0.23         0.04         0.32         0.07         0.11         0.08         0.04         0.06         0.01
        0.10         0.12         0.10         0.10         0.07         0.07         0.03         0.04         0.02
        0.08         0.05         0.10         0.10         0.25         0.07         0.02         0.01         0.02
        0.08         0.04         0.29         0.23         0.07         0.16         0.08         0.04         0.03
        0.17         0.30         0.33         0.13         0.08         0.08         0.08         0.02         0.11
        0.15         0.21         0.17         0.13         0.23         0.59         0.04         0.05         0.02
    518400      9     13
        0.19         0.18         0.07         0.04         0.08         0.03         0.08         0.03         0.02
        0.18         0.18         0.09         0.09         0.05         0.04         0.05         0.07         0.04
        0.19         0.09         0.21         0.11         0.08         0.06         0.11         0.04         0.01
        0.11         0.11         0.14         0.49         0.09         0.05         0.05         0.00         0.05
        0.09         0.06         0.10         0.08         0.11         0.07         0.02         0.03         0.02
        0.08         0.10         0.08         0.04         0.06         0.05         0.02         0.02         0.02
        0.13         0.14         0.06         0.06         0.07         0.04         0.03         0.02         0.01
        0.10         0.03         0.06         0.08         0.10         0.01         0.02         0.02         0.01
        0.07         0.16         0.08         0.07         0.03         0.02         0.01         0.03         0.02
        0.24         0.09         0.07         0.03         0.04         0.05         0.01         0.05         0.05
        0.09         0.17         0.18         0.09         0.06         0.02         0.03         0.03         0.04
        0.11         0.15         0.13         0.07         0.05         0.03         0.06         0.04         0.11
        0.14         0.09         0.10         0.13         0.14         0.28         0.02         0.01         0.03
    604800      9     13
        0.05         0.02         0.03         0.04         0.02         0.03         0.02         0.01         0.01
        0.01         0.02         0.02         0.03         0.03         0.02         0.01         0.01         0.02
        0.01         0.00         0.04         0.06         0.02         0.06         0.03         0.04         0.01
        0.01         0.02         0.01         0.13         0.03         0.08         0.02         0.01         0.02
        0.03         0.03         0.03         0.05         0.02         0.02         0.00         0.02         0.05
        0.01         0.03         0.07         0.03         0.03         0.00         0.04         0.02         0.03
        0.01         0.03         0.04         0.02         0.02         0.03         0.01         0.00         0.01
        0.01         0.01         0.04         0.06         0.03         0.00         0.00         0.00         0.00
        0.01         0.03         0.05         0.02         0.03         0.02         0.01         0.00         0.00
        0.02         0.02         0.01         0.01         0.00         0.02         0.00         0.00         0.00
        0.01         0.01         0.01         0.01         0.00         0.01         0.01         0.01         0.00
        0.02         0.01         0.03         0.03         0.02         0.01         0.04         0.01         0.01
        0.00         0.01         0.03         0.03         0.01         0.21         0.00         0.00         0.01
    691200      9     13
        0.01         0.01         0.03         0.02         0.04         0.03         0.05         0.04         0.12
        0.01         0.06         0.02         0.03         0.04         0.03         0.04         0.06         0.04
        0.02         0.00         0.04         0.09         0.08         0.18         0.07         0.06         0.02
        0.00         0.02         0.00         0.26         0.09         0.11         0.10         0.09         0.12
        0.06         0.03         0.04         0.05         0.12         0.08         0.06         0.07         0.12
        0.01         0.02         0.06         0.02         0.05         0.14         0.02         0.02         0.04
        0.01         0.02         0.01         0.07         0.05         0.08         0.03         0.06         0.02
        0.01         0.00         0.08         0.09         0.07         0.02         0.03         0.01         0.00
        0.01         0.05         0.17         0.05         0.01         0.01         0.01         0.01         0.03
        0.08         0.03         0.03         0.01         0.06         0.00         0.03         0.01         0.01
        0.00         0.01         0.03         0.09         0.01         0.04         0.08         0.01         0.02
        0.01         0.01         0.02         0.06         0.03         0.01         0.13         0.07         0.02
        0.02         0.01         0.02         0.04         0.03         0.29         0.09         0.02         0.01
    777600      9     13
        0.01         0.01         0.10         0.02         0.06         0.01         0.05         0.04         0.03
        0.01         0.02         0.04         0.11         0.03         0.03         0.01         0.02         0.03
        0.03         0.01         0.06         0.04         0.05         0.11         0.03         0.04         0.04
        0.01         0.01         0.02         0.09         0.07         0.12         0.06         0.06         0.06
        0.03         0.03         0.03         0.04         0.06         0.07         0.03         0.08         0.22
        0.01         0.03         0.03         0.03         0.03         0.08         0.06         0.04         0.07
        0.03         0.01         0.01         0.04         0.04         0.04         0.01         0.01         0.02
        0.01         0.01         0.05         0.05         0.03         0.01         0.00         0.04         0.01
        0.01         0.01         0.05         0.03         0.02         0.00         0.00         0.02         0.02
        0.02         0.02         0.00         0.02         0.02         0.01         0.02         0.02         0.02
        0.01         0.01         0.02         0.02         0.00         0.02         0.05         0.02         0.02
        0.02         0.02         0.04         0.03         0.04         0.04         0.10         0.02         0.01
        0.02         0.01         0.02         0.03         0.04         0.15         0.02         0.01         0.00