         0      9     13
        0.48         0.25         0.22         0.16         0.17         0.12         0.39         0.26         0.81
        0.12         0.04         0.09         0.19         0.25         0.38         0.49         0.67         0.48
        0.13         0.02         0.10         0.37         0.23         0.14         0.49         0.64         0.64
        0.17         0.36         0.45         0.82         0.28         0.38         0.48         0.42         0.69
        0.07         0.31         0.35         1.09         0.37         0.21         0.36         0.67         0.78
        0.22         0.05         0.28         0.27         0.26         0.23         0.15         0.97         0.75
        0.10         0.38         0.13         0.23         0.30         0.30         0.35         0.55         1.08
        0.29         0.27         0.34         0.05         0.05         0.08         0.12         0.73         0.63
        0.25         0.28         0.20         0.07         0.05         0.08         0.16         0.28         0.49
        0.55         0.31         0.15         0.17         0.10         0.11         0.07         0.10         0.13
        0.60         0.37         0.26         0.24         0.04         0.09         0.12         0.13         0.12
        0.17         0.50         0.45         0.46         0.12         0.20         0.38         0.06         0.26
        0.41         0.44         0.39         0.09         0.14         1.15         0.14         0.06         0.46
     86400      9     13
        1.04         0.59         0.90         0.38         1.08         0.30         0.59         0.44         0.89
        0.58         0.39         0.51         0.73         0.69         0.73         0.33         0.80         1.26
        0.31         0.30         0.49         0.34         0.52         1.05         0.78         0.93         1.43
        0.06         0.41         0.27         1.06         0.73         0.85         0.30         0.76         1.41
        0.19         0.21         0.44         0.50         0.58         0.30         0.72         1.07         0.84
        0.15         0.27         0.63         0.58         0.59         0.56         0.55         1.04         1.24
        0.22         0.24         0.17         0.19         0.49         0.54         0.77         0.77         0.73
        0.21         0.04         0.15         0.22         0.13         0.25         0.43         0.54         0.63
        0.08         0.60         0.46         0.26         0.11         0.17         0.23         0.35         0.78
        0.34         0.35         0.15         0.09         0.24         0.72         0.32         0.30         0.57
        0.27         0.16         0.27         0.16         0.14         0.20         0.28         0.38         0.56
        0.18         0.41         0.22         0.48         0.33         0.20         0.56         0.48         0.44
        0.18         0.15         0.39         0.55         0.23         0.89         0.30         0.30         0.28
    172800      9     13
        0.47         0.63         0.63         0.84         1.16         0.72         0.42         0.69         0.67
        0.18         0.51         0.65         0.88         0.53         0.66         0.71         0.72         0.45
        0.14         0.22         0.57         0.41         1.47         1.24         1.04         0.47         0.52
        0.20         0.47         0.58         0.55         1.11         1.82         0.74         0.20         1.22
        0.05         0.18         0.41         0.92         0.71         0.75         1.41         1.60         1.01
        0.03         0.14         0.28         0.68         1.02         1.22         1.21         1.65         1.68
        0.16         0.12         0.44         0.44         0.75         1.28         1.14         1.33         1.10
        0.12         0.43         0.62         0.34         0.55         0.41         0.65         0.51         0.59
        0.09         0.09         0.47         0.25         0.20         0.50         0.55         0.47         0.79
        0.07         0.69         0.32         0.19         0.25         0.23         0.47         0.50         1.02
        0.07         0.07         0.19         0.46         0.32         0.38         0.37         0.78         0.84
        0.13         0.24         0.43         0.47         0.18         0.28         0.70         1.24         0.68
        0.29         0.16         0.27         0.57         0.33         0.80         0.37         0.63         0.85
    259200      9     13
        1.24         0.91         0.84         0.25         0.36         0.35         0.35         0.19         0.24
        0.70         1.36         0.50         0.67         0.30         0.28         0.14         0.19         0.24
        1.14         0.87         0.82         0.50         0.17         0.36         0.23         0.31         0.31
        0.84         1.26         0.60         0.40         0.96         0.35         0.42         0.35         0.24
        0.47         0.52         0.85         1.04         0.88         0.70         0.42         0.62         0.34
        0.60         1.41         1.05         1.06         0.71         0.55         0.31         0.30         0.80
        0.23         0.80         0.69         0.89         1.54         0.46         0.45         0.63         0.55
        0.10         0.18         0.64         0.78         0.96         0.67         0.76         0.73         1.52
        0.21         0.83         0.98         0.63         0.65         0.89         0.82         1.22         1.32
        0.42         0.21         0.55         0.67         0.85         0.65         0.83         1.37         1.18
        0.09         0.21         1.19         1.02         0.69         0.80         0.87         2.02         1.55
        0.17         0.33         1.29         0.79         1.50         1.55         2.13         1.77         1.94
        0.28         0.71         0.61         0.98         1.56         1.22         1.24         1.39         1.26
    345600      9     13
        0.92         0.63         0.79         0.18         1.20         0.74         0.48         0.10         0.23
        1.12         0.93         0.17         1.37         0.88         0.62         0.49         0.35         0.54
        1.60         1.37         0.22         0.21         0.14         0.40         0.48         1.02         0.34
        1.86         0.99         0.48         0.50         1.11         1.03         1.68         0.19         0.64
        1.05         1.30         1.23         1.29         1.42         1.61         1.14         1.57         1.07
        0.89         1.06         1.30         1.63         2.14         0.91         1.65         1.43         1.68
        1.31         0.94         1.12         2.04         2.56         1.20         1.96         1.88         1.59
        0.91         0.88         1.23         1.54         1.80         1.79         2.53         2.08         1.74
        0.42         1.32         1.41         1.82         1.92         3.63         2.37         1.23         2.77
        1.00         1.33         2.09         1.57         2.00         1.26         1.69         1.97         1.69
        0.70         1.03         1.33         1.03         1.21         1.08         1.35         2.05         1.99
        0.49         0.69         0.82         1.44         1.12         1.30         3.03         1.36         1.90
        0.32         0.56         0.71         1.17         0.98         1.20         1.58         1.70         1.74
    432000      9     13
        1.08         1.02         1.20         0.89         0.53         1.43         0.79         0.66         1.66
        1.03         1.19         1.73         1.86         0.74         0.79         1.18         1.34         1.58
        1.18         1.23         1.74         0.75         0.98         0.85         1.72         0.90         1.38
        1.48         1.00         1.94         0.68         2.37         1.37         2.26         1.03         0.74
        1.08         0.77         1.81         1.36         1.47         1.45         2.91         1.57         0.91
        0.83         0.68         1.17         0.67         1.23         1.23         2.58         2.22         1.97
        0.84         0.57         1.25         1.10         1.18         1.37         2.42         2.99         2.99
        0.97         0.52         1.16         1.32         3.22         1.55         1.74         1.89         3.02
        0.95         1.05         1.47         1.72         2.17         3.00         2.29         1.73         4.80
        1.36         1.06         1.80         1.04         1.11         1.15         1.36         3.50         3.77
        1.39         1.57         1.33         0.69         0.79         0.56         1.74         1.30         1.79
        1.85         1.88         1.16         0.91         0.45         0.46         0.56         0.63         1.38
        1.02         1.30         1.10         0.91         0.42         0.82         0.31         0.38         1.18
    518400      9     13
        0.62         0.52         0.60         0.39         0.31         0.25         0.70         0.37         0.41
        0.50         0.72         0.50         0.30         0.48         0.67         0.46         0.53         0.28
        0.48         0.51         0.53         0.45         0.40         0.55         0.39         0.14         0.38
        0.14         0.36         0.74         1.31         0.78         0.47         1.00         0.65         0.85
        0.20         0.37         0.50         1.35         0.78         0.74         1.57         0.94         1.00
        0.52         0.47         0.71         0.69         0.96         1.25         0.93         0.83         1.28
        0.60         1.18         0.90         0.91         1.04         1.44         1.25         1.12         0.83
        1.18         1.47         1.26         0.67         0.86         0.87         0.65         0.99         0.81
        1.15         1.44         1.35         1.70         0.69         1.38         0.69         0.53         1.12
        1.54         1.93         1.66         1.80         0.90         0.55         0.53         0.97         0.89
        1.92         2.08         1.82         0.67         0.37         0.19         0.76         0.59         0.35
        1.76         2.22         1.29         1.71         0.34         0.77         0.57         0.18         1.04
        1.34         1.13         0.76         0.90         0.98         1.38         0.38         0.32         0.94
    604800      9     13
        0.73         0.36         0.33         0.24         0.48         0.17         0.40         0.46         0.45
        0.38         0.26         0.25         0.30         0.31         0.33         0.75         0.94         0.26
        0.59         0.34         0.73         0.71         0.16         0.30         0.88         0.32         0.21
        0.44         0.52         0.63         1.85         0.88         0.64         0.35         0.45         0.92
        0.21         0.31         0.52         1.57         0.79         0.38         0.30         0.58         1.36
        0.18         0.42         0.56         0.51         0.48         0.27         0.39         0.89         1.04
        0.42         0.71         0.20         0.29         0.38         0.32         0.40         0.62         0.92
        0.39         0.21         0.58         0.23         0.28         0.16         0.25         0.59         0.80
        0.45         0.50         0.64         0.53         0.42         0.16         0.53         0.52         0.72
        0.72         0.86         1.28         1.12         0.58         0.47         0.61         0.72         0.71
        1.21         1.90         1.72         0.90         0.42         0.14         0.20         0.64         0.64
        1.48         1.44         1.72         1.75         0.99         0.56         0.35         0.40         0.66
        1.43         1.21         1.19         1.66         1.48         1.45         0.48         0.30         0.68
    691200      9     13
        0.51         0.87         0.56         0.45         0.54         0.49         0.21         0.38         1.10
        0.32         0.64         0.34         0.58         0.42         0.28         0.27         1.14         0.55
        0.54         0.18         0.43         0.40         0.24         0.42         0.91         0.88         0.21
        0.27         0.74         0.83         1.64         1.43         0.42         0.60         0.32         1.37
        0.28         0.56         0.81         1.63         1.75         0.53         0.40         0.58         1.37
        0.43         0.46         0.39         0.69         1.06         0.51         0.38         0.52         1.18
        0.46         0.78         0.57         0.66         0.59         0.45         0.48         0.41         0.69
        0.37         0.40         0.64         0.68         0.48         0.71         0.46         0.54         0.99
        0.24         1.07         1.28         0.70         0.43         0.23         0.12         0.28         0.51
        0.54         0.78         0.50         0.71         0.67         0.17         0.32         0.25         0.60
        0.53         0.76         0.86         0.41         0.26         0.11         0.08         0.11         0.50
        0.50         1.21         1.00         0.79         0.57         0.29         0.27         0.14         0.36
        0.42         0.74         1.01         1.09         1.08         1.43         0.41         0.16         0.41
    777600      9     13
        0.61         0.65         0.77         0.55         0.69         0.86         0.18         0.31         0.39
        0.46         0.74         0.59         0.67         0.71         0.50         0.13         0.48         0.40
        0.38         0.45         0.84         0.56         0.32         0.59         0.62         1.28         0.66
        0.37         1.35         1.43         1.30         1.30         0.42         0.81         0.55         1.37
        0.28         0.57         0.62         1.63         1.51         0.82         0.38         0.53         0.96
        0.39         0.42         0.60         0.63         1.18         0.71         0.46         0.27         0.65
        0.51         0.62         0.53         0.58         0.73         0.55         0.71         0.40         0.49
        0.67         0.54         0.65         0.45         0.61         0.36         0.41         0.34         0.34
        0.52         0.86         1.43         0.61         0.38         0.26         0.30         0.24         0.39
        0.51         0.72         0.67         0.83         0.51         0.30         0.30         0.22         0.22
        0.56         0.72         0.93         0.67         0.36         0.37         0.20         0.14         0.15
        0.26         1.03         0.86         0.82         0.60         0.38         0.31         0.17         0.11
        0.54         0.71         0.94         0.76         0.61         1.14         0.40         0.25         0.19