         0      9     13
        0.84         0.71         0.41         0.31         0.11         0.15         0.25         0.16         0.29
        0.32         0.40         0.28         0.63         0.28         0.16         0.18         0.77         0.09
        0.77         0.29         0.50         0.73         0.33         0.46         0.31         0.22         0.15
        0.30         1.07         0.45         1.30         0.26         0.32         0.36         0.25         0.42
        0.45         0.44         0.33         1.23         1.42         0.24         0.28         0.46         0.69
        0.07         0.15         0.43         0.68         0.73         0.19         0.23         0.83         0.68
        0.17         0.27         0.26         0.17         0.22         0.26         0.43         0.36         0.62
        0.18         0.11         0.10         0.21         0.23         0.10         0.16         0.43         0.31
        0.30         0.45         0.37         0.21         0.14         0.12         0.24         0.33         0.46
        0.29         0.71         0.27         0.26         0.26         0.54         0.22         0.50         0.30
        0.29         0.55         0.64         0.27         0.11         0.19         0.18         0.22         0.23
        0.19         1.10         0.59         0.79         0.30         0.20         0.37         0.28         0.11
        0.20         0.32         0.45         0.69         0.36         1.30         0.22         0.29         0.37
     86400      9     13
        0.45         0.17         0.08         0.08         0.13         0.09         0.29         0.30         0.22
        0.08         0.11         0.06         0.17         0.22         0.08         0.19         0.62         0.17
        0.10         0.09         0.19         0.24         0.13         0.06         0.41         0.53         0.15
        0.04         0.42         0.79         0.67         0.31         0.14         0.22         0.17         0.48
        0.12         0.14         0.21         0.30         0.78         0.13         0.09         0.25         0.71
        0.07         0.03         0.13         0.46         0.57         0.11         0.04         0.63         0.73
        0.03         0.07         0.09         0.35         0.32         0.05         0.06         0.61         0.64
        0.22         0.04         0.36         0.07         0.07         0.03         0.03         0.14         0.45
        0.11         0.25         0.33         0.29         0.09         0.04         0.07         0.32         0.08
        0.24         0.36         0.20         0.16         0.06         0.03         0.05         0.10         0.10
        0.03         0.09         0.10         0.15         0.04         0.06         0.03         0.09         0.08
        0.05         0.15         0.08         0.20         0.22         0.07         0.09         0.01         0.04
        0.09         0.14         0.08         0.17         0.21         0.97         0.14         0.07         0.16
    172800      9     13
        0.95         0.57         0.23         0.31         0.27         0.11         0.26         0.74         0.55
        0.08         0.09         0.16         0.19         0.44         0.39         0.56         0.53         0.32
        0.14         0.03         0.14         0.28         0.08         0.05         0.44         0.53         0.17
        0.05         0.07         0.30         0.40         0.49         0.19         0.28         0.70         0.43
        0.06         0.04         0.10         0.28         0.78         0.07         0.61         0.99         0.47
        0.03         0.04         0.11         0.42         0.51         0.16         0.33         0.64         0.59
        0.10         0.09         0.05         0.47         0.35         0.09         0.59         1.05         0.64
        0.07         0.06         0.14         0.07         0.05         0.03         0.03         0.49         0.51
        0.06         0.23         0.10         0.09         0.04         0.03         0.13         0.43         0.39
        0.29         0.32         0.13         0.06         0.10         0.05         0.07         0.23         0.33
        0.05         0.07         0.41         0.15         0.05         0.03         0.06         0.06         0.46
        0.08         0.47         0.71         0.43         0.14         0.07         0.12         0.06         0.16
        0.26         0.38         0.29         0.30         0.19         1.07         0.12         0.04         0.03
    259200      9     13
        0.60         0.81         1.16         0.80         1.18         0.33         0.43         0.45         0.41
        0.44         0.73         0.68         0.83         0.66         0.55         0.61         0.44         0.64
        0.70         0.82         0.84         0.83         1.44         1.18         0.67         0.57         0.93
        0.49         0.69         0.55         0.86         1.16         1.35         0.64         0.89         2.08
        0.18         0.43         0.45         0.76         0.74         1.58         0.77         1.95         1.98
        0.12         0.22         0.91         0.61         0.72         1.19         1.04         1.17         2.02
        0.20         0.44         0.49         1.07         0.95         1.00         0.67         0.85         1.29
        0.55         0.45         0.88         0.28         0.86         0.81         0.60         1.26         0.77
        0.88         0.37         1.00         0.96         0.42         0.88         0.52         0.95         0.91
        0.61         0.53         0.31         0.61         0.57         1.22         1.17         0.78         1.28
        0.32         0.52         0.37         0.19         0.31         0.41         0.57         1.19         1.01
        0.25         0.54         0.57         0.53         0.23         0.50         0.61         0.90         0.92
        0.55         0.81         0.73         0.51         0.80         1.21         0.30         0.45         0.87
    345600      9     13
        0.54         0.51         0.96         0.67         1.25         1.51         0.96         0.93         1.38
        0.22         0.46         0.48         0.57         1.03         1.05         0.48         0.75         1.42
        0.63         0.63         0.76         0.61         1.26         1.74         0.73         0.92         0.83
        0.28         0.89         0.65         0.71         1.50         1.29         0.85         0.74         1.83
        0.24         0.24         0.77         1.09         1.74         0.98         1.47         1.78         0.93
        0.12         0.57         0.43         0.67         1.00         1.11         0.85         0.96         1.37
        0.35         0.21         0.24         0.63         0.85         0.85         0.82         0.90         1.47
        0.81         0.67         0.46         0.38         0.39         0.69         0.48         0.76         1.04
        0.16         0.40         1.19         0.54         0.31         0.81         0.86         0.77         1.12
        0.50         0.49         0.73         0.67         0.44         0.56         0.78         0.93         1.12
        0.45         0.27         0.59         0.46         0.58         0.67         0.82         1.22         0.97
        0.66         0.91         0.74         0.68         0.51         0.71         1.14         0.82         0.88
        0.68         1.02         1.08         0.54         0.63         1.00         0.72         0.96         0.76
    432000      9     13
        1.54         0.86         1.38         1.43         0.63         0.61         0.97         0.84         1.22
        1.35         2.56         1.54         1.81         1.14         1.09         0.91         0.91         0.85
        2.32         1.79         3.31         1.78         1.19         1.28         1.59         1.07         0.84
        1.93         1.91         1.78         1.08         2.19         1.29         1.79         3.00         3.07
        1.66         2.30         1.99         1.26         1.58         1.28         1.79         1.85         2.09
        0.71         1.93         2.06         2.89         2.16         2.02         1.45         1.61         1.79
        1.73         1.68         2.17         1.84         1.62         2.67         1.29         1.60         1.68
        2.68         2.18         1.38         2.10         2.17         1.79         2.84         2.02         1.94
        0.91         1.32         2.23         1.55         1.98         2.59         1.84         2.51         1.60
        0.90         1.04         1.68         2.40         1.12         2.35         2.46         2.87         1.80
        0.32         1.30         1.24         0.62         0.38         1.40         1.17         2.20         1.30
        0.42         0.71         0.76         1.10         0.47         0.48         1.32         1.36         1.37
        0.68         0.90         0.76         0.98         0.80         1.20         0.58         0.71         1.08
    518400      9     13
        0.79         0.86         0.64         0.72         1.02         0.84         0.75         0.97         0.68
        0.63         0.86         0.67         0.97         0.64         0.95         1.04         1.27         1.20
        0.81         0.61         0.97         0.63         0.77         0.31         0.54         1.15         1.16
        0.68         0.80         0.66         0.41         0.89         0.56         1.02         0.70         0.90
        0.71         1.42         0.52         1.01         0.89         1.25         1.17         0.78         0.87
        0.96         1.59         1.88         2.39         1.23         0.64         1.15         1.26         1.12
        1.09         1.10         1.02         1.87         1.30         1.20         1.54         0.92         1.67
        0.68         0.59         0.47         0.51         1.21         0.95         2.07         2.65         2.54
        0.48         0.52         1.36         0.51         0.63         0.76         1.02         1.90         2.41
        0.43         0.57         0.32         0.82         0.69         1.45         1.06         1.34         1.24
        0.64         0.28         0.37         0.26         0.45         0.42         1.01         1.24         1.33
        0.77         1.16         1.04         0.47         0.21         0.39         0.27         0.76         0.74
        0.77         1.10         1.15         0.86         0.36         0.68         0.21         0.35         0.84
    604800      9     13
        0.16         0.55         0.50         0.54         0.33         0.37         0.34         0.49         0.86
        0.30         0.32         0.34         0.29         0.54         0.61         0.46         0.38         0.40
        0.42         0.49         0.35         0.24         0.36         0.27         0.56         0.60         0.68
        0.28         0.39         0.72         0.22         0.49         0.49         0.38         0.55         0.41
        0.20         0.20         0.42         0.63         0.54         0.36         0.31         0.55         0.47
        0.14         0.13         0.77         0.37         0.42         0.76         0.49         0.53         1.13
        0.31         0.24         0.35         0.22         0.32         0.84         0.61         0.79         1.01
        0.14         0.13         0.73         0.51         0.34         0.70         0.46         0.70         0.82
        0.25         0.23         0.71         0.50         0.19         0.62         0.36         0.66         0.82
        0.24         0.12         0.39         0.46         0.60         0.24         0.34         0.39         0.67
        0.29         0.79         0.30         0.38         0.74         0.41         0.89         0.56         0.57
        0.54         0.75         0.64         0.27         0.74         0.23         0.49         0.59         0.33
        0.33         0.68         0.45         0.64         0.25         1.30         0.29         0.87         0.83
    691200      9     13
        0.29         0.29         0.52         0.32         0.55         0.14         0.45         0.18         0.34
        0.28         0.24         0.45         0.46         0.33         0.33         0.18         0.20         0.29
        0.24         0.23         0.36         0.40         0.10         0.31         0.37         0.20         0.53
        0.10         0.22         0.80         0.71         0.46         0.59         0.56         0.38         1.23
        0.04         0.14         0.69         0.92         0.38         0.64         0.54         0.36         0.89
        0.17         0.11         0.82         0.89         0.42         0.49         0.42         0.66         0.94
        0.39         0.36         0.30         0.46         0.39         0.94         0.80         0.37         0.68
        0.41         0.20         0.92         0.33         0.41         0.72         0.46         0.58         0.97
        0.38         0.42         0.85         0.69         0.40         0.52         0.79         0.51         0.42
        0.65         0.45         0.47         0.18         0.83         1.27         0.75         0.62         0.41
        0.37         0.42         0.47         0.90         0.45         0.49         0.67         0.73         0.67
        0.42         1.13         1.29         0.92         0.54         0.48         0.56         0.71         0.42
        1.17         1.05         0.82         1.02         0.53         1.52         0.32         0.52         1.57
    777600      9     13
        0.61         0.38         0.61         0.30         0.29         0.22         0.49         0.54         0.50
        0.95         0.46         0.54         0.31         0.20         0.62         0.39         0.41         0.37
        0.44         0.76         0.42         0.39         0.23         0.55         0.27         0.32         0.68
        0.35         0.65         0.67         0.74         0.39         0.44         0.72         0.71         0.87
        0.31         0.20         0.52         0.66         0.64         0.78         1.05         0.82         0.81
        0.49         0.32         0.70         0.67         0.66         0.73         0.92         0.83         0.75
        0.33         0.25         0.53         0.53         0.72         0.69         0.63         0.88         0.86
        0.76         0.22         0.93         0.25         0.71         0.78         0.90         1.47         1.02
        0.81         0.43         0.96         0.80         0.49         0.83         0.77         0.96         1.19
        1.04         0.80         0.61         0.99         1.27         0.72         0.53         1.20         0.52
        1.14         0.89         1.07         0.69         0.55         0.28         1.16         0.55         0.91
        0.85         0.91         1.66         1.91         0.67         0.70         0.88         0.65         0.91
        1.02         0.77         0.79         0.79         0.60         1.95         0.54         0.71         1.61