         0      9     13
        1.19         1.58         1.28         0.32         0.84         0.48         0.42         0.86         0.65
        1.28         1.30         1.04         1.10         1.29         1.02         1.67         0.69         1.00
        0.69         0.48         1.33         1.11         1.46         1.52         0.76         1.16         0.93
        0.41         1.03         1.51         1.37         1.00         0.70         0.81         0.97         0.99
        1.00         0.92         2.41         1.34         1.84         1.35         1.09         1.76         1.63
        0.73         0.77         1.49         1.01         1.11         1.15         1.67         1.74         2.12
        0.97         0.67         0.77         1.03         1.12         1.20         1.13         1.38         1.47
        0.67         0.71         0.57         1.04         0.41         0.79         1.11         1.26         1.83
        0.49         0.52         0.90         0.78         0.79         1.36         1.00         0.82         1.54
        0.75         0.87         0.69         0.79         1.01         1.27         0.86         1.15         1.01
        0.64         0.94         0.89         0.92         0.58         0.46         0.75         1.21         1.22
        0.94         0.92         1.12         1.34         0.78         0.76         0.69         0.98         0.80
        0.72         0.41         0.52         1.00         1.04         1.95         0.66         0.76         1.25
     86400      9     13
        0.61         0.52         1.15         0.46         0.78         0.37         0.92         0.55         1.09
        0.60         0.50         0.34         0.50         0.61         0.64         0.77         1.50         1.17
        0.28         0.66         0.90         0.78         0.32         0.24         0.54         1.30         1.04
        0.20         0.98         1.13         1.38         0.85         0.38         0.75         0.69         1.33
        0.28         0.42         0.88         1.28         0.88         0.26         0.64         0.79         1.79
        0.46         0.62         0.36         0.53         0.68         0.43         0.77         1.11         1.24
        0.35         1.42         0.54         1.30         0.76         0.48         0.98         1.14         1.47
        0.70         0.56         1.38         0.56         0.69         0.73         0.78         0.66         0.82
        1.39         1.12         1.20         1.28         0.69         0.73         1.05         0.89         1.05
        1.37         1.26         0.91         1.16         1.22         1.34         0.84         0.67         0.46
        1.65         1.19         1.15         1.22         1.30         0.90         0.43         0.50         0.86
        1.10         1.01         1.35         1.58         1.28         1.19         0.95         0.73         0.46
        1.15         1.43         0.89         0.74         0.98         1.35         0.56         0.91         0.37
    172800      9     13
        1.08         0.51         0.83         0.74         0.65         0.43         0.78         0.23         0.97
        1.06         0.78         0.35         0.43         0.25         0.16         0.56         1.03         0.37
        0.95         0.51         0.50         0.62         0.14         0.44         0.46         0.81         0.23
        0.20         0.51         1.05         2.41         0.50         0.25         0.73         0.13         0.93
        0.14         0.12         0.25         1.71         1.47         0.26         0.54         0.72         0.95
        0.31         0.09         0.13         0.61         1.07         0.24         0.16         0.75         0.76
        0.06         0.17         0.20         0.29         0.17         0.16         0.29         0.23         0.56
        0.35         0.47         0.44         0.29         0.21         0.16         0.43         0.45         0.52
        1.18         0.98         0.68         0.37         0.27         0.11         0.14         0.14         0.44
        0.66         0.28         0.15         0.47         0.25         0.06         0.25         0.32         0.13
        0.50         0.43         0.34         0.20         0.08         0.09         0.15         0.14         0.19
        0.61         0.51         0.48         0.35         0.23         0.16         0.12         0.09         0.07
        0.70         0.60         0.35         0.36         0.55         0.80         0.20         0.12         0.47
    259200      9     13
        0.35         0.39         0.42         0.28         0.19         0.08         0.23         0.43         0.46
        0.55         0.14         0.15         0.23         0.18         0.12         0.38         0.78         0.36
        0.17         0.23         0.10         0.35         0.11         0.28         0.64         0.68         0.37
        0.19         0.52         0.34         1.16         0.40         0.18         0.65         0.63         0.64
        0.58         0.61         0.43         0.77         0.27         0.18         0.46         0.44         0.43
        0.41         0.41         0.53         0.64         0.35         0.24         0.28         0.27         0.69
        0.25         0.90         0.27         0.88         0.91         0.20         0.23         0.24         0.25
        0.48         0.16         0.47         0.38         0.16         0.17         0.36         0.71         0.58
        0.38         1.01         0.93         0.60         0.17         0.18         0.28         0.58         0.49
        0.59         0.54         0.62         1.14         0.56         0.75         0.86         0.70         0.60
        0.17         0.57         0.93         0.45         0.43         0.27         0.16         1.02         0.28
        0.58         0.87         1.12         1.01         0.56         0.50         0.57         0.47         0.25
        0.54         0.64         1.15         1.23         0.69         1.83         0.65         0.28         0.43
    345600      9     13
        0.20         0.20         0.20         0.14         0.43         0.28         0.40         0.44         0.22
        0.31         0.13         0.10         0.28         0.32         0.12         0.14         0.45         0.12
        0.47         0.20         0.67         0.39         0.13         0.38         0.28         0.55         0.09
        0.18         0.74         0.22         0.85         0.30         0.18         0.47         0.24         0.36
        0.28         0.37         0.27         0.58         0.67         0.20         0.20         0.14         0.41
        0.19         0.39         0.35         0.19         0.57         0.25         0.06         0.11         0.20
        0.25         0.69         0.26         0.67         0.43         0.19         0.12         0.04         0.19
        0.56         0.49         0.71         0.37         0.47         0.23         0.23         0.09         0.03
        0.53         0.74         0.69         0.67         0.33         0.16         0.07         0.28         0.32
        0.24         0.64         0.66         0.61         0.33         0.03         0.29         0.25         0.16
        0.28         0.88         0.42         0.48         0.25         0.26         0.18         0.17         0.17
        0.20         0.41         0.82         0.50         0.36         0.21         0.46         0.19         0.23
        0.58         0.52         0.92         0.80         0.41         1.03         0.34         0.13         0.02
    432000      9     13
        0.05         0.04         0.19         0.27         0.49         0.33         0.07         0.08         0.16
        0.07         0.16         0.08         0.42         0.25         0.19         0.15         0.21         0.12
        0.18         0.21         0.21         0.64         0.10         0.08         0.23         0.19         0.17
        0.08         0.62         0.17         1.36         0.43         0.32         0.07         0.11         0.37
        0.40         0.64         0.44         0.60         0.70         0.24         0.06         0.14         0.10
        0.20         0.58         0.40         0.30         0.55         0.23         0.04         0.19         0.19
        0.17         0.59         0.14         0.39         0.51         0.17         0.07         0.06         0.09
        0.74         0.17         0.50         0.21         0.19         0.08         0.06         0.05         0.06
        0.25         0.54         0.51         0.38         0.19         0.06         0.04         0.03         0.04
        0.37         0.35         0.47         0.51         0.20         0.03         0.03         0.03         0.02
        0.15         0.44         0.44         0.32         0.19         0.09         0.02         0.01         0.04
        0.13         0.33         0.58         0.64         0.44         0.11         0.12         0.01         0.03
        0.54         0.73         0.86         0.77         0.64         1.06         0.55         0.05         0.00
    518400      9     13
        0.08         0.03         0.25         0.09         0.22         0.24         0.09         0.15         0.06
        0.09         0.12         0.11         0.33         0.15         0.15         0.13         0.15         0.09
        0.12         0.19         0.47         0.45         0.11         0.07         0.04         0.17         0.27
        0.11         0.35         0.50         1.70         0.69         0.23         0.04         0.05         0.80
        0.21         0.28         0.19         0.59         0.53         0.30         0.04         0.10         0.18
        0.26         0.40         0.24         0.19         0.34         0.20         0.07         0.08         0.13
        0.11         0.61         0.16         0.50         0.29         0.14         0.11         0.09         0.06
        0.45         0.12         0.28         0.27         0.38         0.10         0.03         0.04         0.08
        0.23         0.45         0.22         0.70         0.23         0.10         0.05         0.05         0.08
        0.30         0.25         0.39         0.39         0.22         0.03         0.05         0.03         0.04
        0.37         0.59         0.88         0.88         0.20         0.37         0.10         0.08         0.04
        0.51         0.63         0.72         1.30         0.37         0.35         0.28         0.03         0.09
        0.46         0.45         0.48         0.71         0.75         0.66         0.34         0.08         0.08
    604800      9     13
        0.04         0.07         0.14         0.26         0.22         0.18         0.20         0.14         0.09
        0.18         0.27         0.30         0.38         0.21         0.12         0.09         0.17         0.15
        0.12         0.37         0.30         0.28         0.15         0.13         0.25         0.51         0.25
        0.28         0.51         0.40         1.46         0.42         0.23         0.04         0.08         0.32
        0.36         0.56         0.33         0.59         0.76         0.34         0.05         0.18         0.26
        0.29         0.38         0.48         0.54         0.57         0.23         0.05         0.05         0.17
        0.33         0.57         0.10         0.45         0.37         0.25         0.14         0.23         0.15
        0.21         0.10         0.48         0.28         0.40         0.16         0.18         0.14         0.16
        0.18         0.32         0.43         0.50         0.28         0.12         0.11         0.26         0.12
        0.15         0.16         0.49         0.43         0.32         0.02         0.11         0.16         0.27
        0.09         0.14         0.72         0.78         0.28         0.20         0.07         0.14         0.19
        0.13         0.15         0.34         1.08         0.46         0.30         0.19         0.02         0.04
        0.17         0.12         0.36         0.74         1.45         0.69         0.23         0.04         0.01
    691200      9     13
        0.46         0.61         0.60         0.75         0.56         0.21         0.53         0.68         0.47
        0.31         0.60         0.54         0.48         0.49         0.49         0.20         0.49         1.10
        0.29         0.46         0.54         0.75         0.77         0.33         0.27         1.48         0.53
        0.18         1.20         0.73         1.50         0.81         0.36         0.59         0.90         0.47
        0.29         0.96         0.40         0.67         1.14         0.20         0.12         0.51         0.34
        0.25         0.86         0.90         0.78         0.55         0.27         0.07         0.47         0.46
        0.43         0.57         0.40         0.89         0.69         0.17         0.12         0.25         0.56
        0.37         0.27         0.65         0.56         0.32         0.08         0.03         0.08         0.08
        0.40         0.33         0.58         0.47         0.25         0.07         0.04         0.20         0.36
        0.61         0.51         0.51         0.31         0.14         0.02         0.23         0.31         0.32
        0.14         0.19         0.63         0.37         0.12         0.09         0.05         0.07         0.11
        0.35         0.63         0.75         0.73         0.38         0.20         0.16         0.04         0.03
        0.24         0.36         0.53         0.58         0.54         0.83         0.27         0.05         0.03
    777600      9     13
        0.42         0.41         0.75         0.38         0.28         0.32         0.55         0.31         0.40
        0.32         0.54         0.29         0.34         0.28         0.25         0.18         0.29         0.36
        0.13         0.19         0.17         0.30         0.24         0.06         0.10         0.32         0.14
        0.46         0.32         0.37         0.86         0.31         0.32         0.23         0.12         0.20
        0.57         0.62         0.31         0.48         0.43         0.21         0.09         0.27         0.30
        0.15         0.37         0.60         0.56         0.36         0.28         0.21         0.20         0.50
        0.39         0.65         0.57         0.57         0.54         0.17         0.10         0.16         0.22
        0.56         0.41         0.47         0.48         0.37         0.13         0.04         0.24         0.26
        0.66         0.82         0.94         0.47         0.22         0.12         0.04         0.13         0.07
        0.80         1.11         0.55         1.01         0.77         0.03         0.08         0.27         0.24
        0.43         0.48         0.64         0.56         0.14         0.10         0.11         0.12         0.13
        0.06         0.64         0.71         0.67         0.32         0.12         0.14         0.02         0.02
        0.39         0.44         0.89         0.83         0.53         0.85         0.30         0.03         0.01