         0      9     13
        0.17         0.01         0.12         0.04         0.03         0.06         0.54         0.05         0.07
        0.06         0.05         0.04         0.23         0.14         0.09         0.06         0.08         0.19
        0.73         0.30         0.29         0.06         0.11         0.30         0.11         0.04         0.14
        0.96         0.66         0.32         0.22         0.56         0.14         0.25         0.16         0.31
        0.81         0.79         0.86         1.06         1.17         0.40         0.82         0.46         0.19
        0.97         0.50         0.90         1.71         1.51         0.55         0.94         0.74         0.62
        1.00         1.05         1.01         1.18         1.26         1.11         1.09         0.97         0.27
        1.04         1.15         0.71         1.19         0.86         0.91         1.12         0.69         0.68
        0.89         1.10         0.45         0.73         1.15         1.12         1.77         0.98         0.32
        0.74         0.63         1.01         0.57         0.46         0.91         0.46         1.01         0.20
        1.03         1.05         1.42         0.69         0.37         0.36         0.29         0.62         0.68
        1.18         1.68         1.40         0.57         0.66         0.23         0.31         0.84         0.61
        2.01         2.14         1.18         0.50         1.74         0.31         0.65         0.73         0.35
     86400      9     13
        0.37         0.29         0.06         0.23         0.09         0.46         0.10         0.05         0.47
        0.26         0.35         0.37         0.42         0.18         0.11         0.03         0.19         0.18
        0.49         0.22         0.30         0.18         0.08         0.36         0.23         0.10         0.14
        0.28         0.14         0.17         0.38         0.48         0.65         0.58         0.07         0.35
        0.43         0.08         0.44         0.14         0.68         0.45         0.29         0.24         0.27
        0.34         0.31         0.12         0.32         0.44         0.23         0.25         0.36         0.43
        0.39         0.48         0.18         0.28         0.93         0.42         0.25         0.27         0.13
        0.21         0.95         0.16         0.31         0.39         0.30         0.54         0.76         0.62
        0.52         0.47         0.28         0.58         0.40         0.23         0.50         0.54         0.68
        0.18         0.58         0.28         0.19         0.05         0.16         0.06         0.39         0.20
        0.55         0.55         0.37         0.23         0.12         0.08         0.11         0.27         0.44
        0.16         0.47         0.20         0.12         0.43         0.40         0.40         0.22         0.20
        0.57         0.31         0.65         0.33         0.67         0.08         0.39         0.38         0.45
    172800      9     13
        0.03         0.01         0.05         0.02         0.05         0.03         0.04         0.04         0.10
        0.02         0.07         0.02         0.01         0.01         0.02         0.01         0.01         0.02
        0.03         0.05         0.04         0.02         0.01         0.04         0.01         0.00         0.01
        0.04         0.05         0.04         0.00         0.02         0.01         0.00         0.00         0.05
        0.19         0.02         0.03         0.02         0.15         0.00         0.00         0.02         0.02
        0.04         0.02         0.08         0.06         0.04         0.00         0.00         0.00         0.00
        0.21         0.32         0.28         0.02         0.03         0.00         0.00         0.01         0.00
        0.32         0.22         0.05         0.04         0.03         0.01         0.07         0.00         0.01
        0.18         0.16         0.03         0.09         0.02         0.02         0.02         0.01         0.02
        0.17         0.23         0.29         0.03         0.07         0.06         0.06         0.03         0.02
        0.12         0.18         0.09         0.12         0.04         0.05         0.07         0.07         0.05
        0.06         0.16         0.09         0.23         0.06         0.09         0.09         0.06         0.06
        0.17         0.11         0.36         0.40         0.13         0.15         0.15         0.10         0.07
    259200      9     13
        0.69         0.67         0.77         0.82         0.94         1.26         1.28         1.27         1.43
        0.81         0.91         1.29         1.45         1.49         1.31         1.34         1.41         1.46
        0.89         1.09         1.34         1.41         1.54         1.70         1.60         1.61         1.75
        0.86         0.97         1.30         1.78         2.02         2.21         1.86         1.78         2.05
        0.96         1.05         1.06         1.57         1.61         2.33         3.76         3.57         2.38
        0.66         1.04         0.54         1.09         1.94         1.15         1.59         2.20         2.57
        0.77         1.34         0.57         1.23         1.19         0.44         0.52         0.99         1.25
        0.94         1.25         0.56         0.50         0.30         0.14         0.16         0.26         0.47
        0.77         0.58         0.48         0.83         0.17         0.11         0.11         0.14         0.26
        1.11         0.97         1.27         1.21         0.12         0.05         0.09         0.18         0.25
        0.84         2.05         1.82         0.62         0.25         0.20         0.08         0.12         0.19
        0.62         1.07         0.96         0.51         0.25         0.28         0.13         0.10         0.13
        0.73         0.64         0.57         0.91         0.35         0.36         0.16         0.12         0.11
    345600      9     13
        2.09         1.30         0.82         1.42         0.73         1.02         0.91         1.09         1.14
        1.84         1.17         1.00         0.84         0.71         0.51         1.00         1.04         0.94
        2.18         1.86         0.72         0.87         1.31         0.25         0.71         0.76         1.33
        1.48         1.41         1.11         0.94         1.00         1.39         0.93         0.47         0.70
        1.21         1.83         3.37         1.65         1.48         1.13         1.10         0.65         0.94
        1.71         1.18         0.96         1.63         1.95         0.96         0.91         0.83         0.70
        0.71         1.32         1.31         0.74         0.75         1.12         1.89         1.58         1.03
        0.41         0.33         0.66         0.47         0.59         0.99         1.35         1.92         0.59
        0.26         0.38         0.24         0.42         0.48         0.89         0.97         1.37         1.06
        0.40         0.31         0.36         1.12         0.64         0.31         1.42         0.62         0.50
        0.49         0.71         0.34         0.35         0.10         0.38         0.61         0.98         0.55
        1.14         0.37         0.18         0.42         0.15         0.67         0.18         0.81         1.08
        1.73         0.47         0.18         0.39         0.30         0.98         0.23         1.14         0.29
    432000      9     13
        0.34         0.27         0.30         0.14         0.28         0.25         0.04         0.04         0.50
        0.16         1.09         0.29         0.98         0.44         0.44         0.27         0.07         0.15
        0.14         0.45         1.05         0.71         1.08         0.26         0.30         0.37         0.70
        0.56         0.15         0.79         0.25         1.36         0.48         0.45         0.30         0.57
        0.83         0.33         0.38         0.89         1.28         0.45         0.27         0.41         0.43
        0.47         0.51         0.21         0.71         1.07         0.27         0.07         0.70         0.56
        0.19         0.21         0.40         0.50         0.67         0.13         0.36         0.34         0.84
        0.27         0.35         0.20         0.32         0.52         0.26         0.40         0.31         0.69
        0.29         0.75         0.50         0.31         0.24         0.16         0.36         0.57         0.48
        0.30         0.48         0.65         0.79         0.81         0.17         0.38         0.48         0.43
        0.57         0.89         1.63         0.97         0.46         1.20         0.33         0.89         0.55
        0.36         1.00         0.30         1.20         0.64         0.47         0.81         0.79         0.45
        0.74         0.38         1.12         0.40         0.79         0.52         0.68         0.84         0.56
    518400      9     13
        0.82         0.52         0.55         0.39         0.36         0.53         0.13         0.20         0.72
        0.66         1.33         0.21         0.48         0.22         0.21         0.33         0.29         0.35
        0.72         0.55         0.31         0.27         0.53         0.63         0.64         0.37         0.70
        0.74         0.32         0.24         0.44         0.50         0.41         0.28         0.47         0.75
        0.60         0.27         0.48         0.50         0.49         0.37         0.69         1.24         0.70
        0.30         0.33         0.58         0.74         0.33         0.30         0.46         0.52         1.03
        0.92         0.40         0.47         0.45         0.53         0.24         0.47         0.37         0.83
        0.74         0.56         0.43         0.50         0.18         0.13         0.44         0.50         0.48
        0.51         0.86         0.31         0.34         0.18         0.31         0.52         0.48         0.39
        0.79         0.61         0.58         0.19         0.33         0.49         0.39         0.61         0.34
        0.64         0.28         0.69         0.67         0.75         0.79         0.77         0.84         0.54
        0.92         1.01         0.77         0.53         1.16         1.38         0.81         0.61         0.95
        0.90         0.88         0.75         1.34         2.09         0.61         0.62         0.56         0.88
    604800      9     13
        1.23         0.32         0.49         0.13         0.11         0.29         0.22         0.06         0.15
        0.63         0.77         0.18         0.21         0.14         0.17         0.16         0.05         0.05
        0.63         0.74         0.52         0.27         0.42         0.27         0.09         0.13         0.12
        1.12         0.31         0.93         0.20         0.93         0.54         0.40         0.47         0.74
        0.58         0.44         0.92         0.82         0.84         0.50         0.40         0.47         0.91
        1.49         0.42         0.50         0.60         0.61         0.57         0.75         0.52         0.41
        1.09         0.98         0.58         0.41         0.88         0.51         0.80         0.46         0.56
        1.17         0.88         1.01         0.84         0.60         0.67         0.75         1.32         0.80
        1.56         0.72         0.39         0.92         0.56         0.75         0.39         0.72         0.90
        0.80         0.68         0.55         0.43         0.89         0.60         0.95         0.64         0.40
        1.23         0.80         0.83         1.13         0.77         0.82         0.43         0.95         0.67
        0.71         0.83         0.91         0.80         2.05         1.06         0.98         0.85         0.66
        0.86         0.67         1.27         1.04         2.19         1.02         1.33         0.80         1.31
    691200      9     13
        0.58         1.16         0.26         0.19         0.10         0.03         0.02         0.03         0.06
        0.55         0.53         0.23         0.23         0.26         0.02         0.06         0.03         0.06
        0.31         0.30         0.16         0.22         0.14         0.08         0.05         0.04         0.17
        0.40         0.43         0.27         0.16         0.78         0.11         0.34         0.45         0.23
        0.58         0.22         0.45         0.45         0.54         0.14         0.31         0.30         0.30
        0.60         0.53         0.14         0.99         0.29         0.17         0.16         0.25         0.39
        0.66         0.79         0.35         0.53         0.23         0.17         0.37         0.30         0.26
        0.88         1.18         0.48         0.29         0.10         0.28         0.39         0.52         0.41
        0.87         0.88         0.33         0.35         0.17         0.39         0.60         0.30         0.56
        1.83         2.13         1.24         0.94         0.30         0.26         0.60         0.36         0.05
        1.87         1.92         1.40         1.51         0.68         0.52         0.40         1.10         0.11
        1.70         1.29         2.22         1.14         1.17         1.31         0.45         0.83         0.96
        0.81         0.94         1.25         1.45         2.60         1.20         0.50         0.69         0.85
    777600      9     13
        0.25         0.17         0.21         0.16         0.29         0.05         0.02         0.06         0.07
        0.24         0.39         0.34         0.63         0.21         0.13         0.05         0.04         0.18
        0.42         0.64         0.72         0.38         0.48         0.21         0.06         0.14         0.25
        0.53         0.10         0.81         0.14         1.10         0.33         0.07         0.25         0.45
        0.69         0.23         0.34         0.45         0.69         0.26         0.36         0.55         0.28
        0.55         0.56         0.47         0.95         0.86         0.18         0.42         0.42         0.58
        0.56         0.59         0.64         0.71         0.18         0.18         0.38         0.25         0.53
        0.69         0.98         0.74         1.17         0.19         0.31         0.38         0.27         0.42
        0.99         0.96         0.72         0.95         0.42         0.44         0.44         0.56         0.52
        0.62         0.73         1.21         1.11         1.06         1.04         0.65         0.86         1.26
        0.94         0.84         1.08         1.24         0.63         0.83         0.36         1.09         0.70
        0.71         0.45         0.34         1.08         1.19         1.55         0.45         1.09         1.05
        0.29         0.55         0.85         1.08         1.53         0.53         0.69         0.83         1.25