         0      9     13
        0.28         0.33         0.70         0.42         0.63         0.31         0.64         0.58         0.92
        0.45         0.35         0.40         0.49         0.31         0.54         0.22         0.54         0.96
        0.31         0.40         0.32         0.48         0.18         0.34         0.23         0.24         0.42
        0.18         0.47         0.36         0.27         0.56         0.28         0.18         0.37         0.84
        0.25         0.30         0.49         0.27         0.65         0.36         0.31         0.65         0.57
        0.38         0.39         0.56         0.53         0.86         0.28         0.27         0.32         0.75
        0.14         0.29         0.41         0.27         0.78         0.26         0.53         0.64         0.42
        0.07         0.03         0.32         0.24         1.14         0.25         0.35         0.46         0.64
        0.07         0.10         0.11         0.45         0.35         0.55         0.48         0.61         0.64
        0.18         0.31         0.38         0.36         0.95         0.15         0.24         0.30         0.46
        0.33         0.71         0.30         0.23         0.21         0.19         0.45         0.34         0.25
        0.68         0.38         0.47         0.59         0.25         0.23         1.02         0.19         0.17
        0.48         0.46         0.35         0.48         0.97         0.27         0.54         0.52         0.30
     86400      9     13
        0.19         0.24         0.40         0.36         0.35         0.18         0.20         0.35         0.63
        0.08         0.10         0.05         0.11         0.30         0.19         0.45         0.32         0.78
        0.17         0.04         0.20         0.14         0.47         0.58         0.36         0.65         0.69
        0.08         0.04         0.10         0.58         0.41         0.80         0.53         0.47         0.84
        0.17         0.19         0.16         0.51         0.89         0.46         0.46         0.84         1.55
        0.24         0.10         0.61         0.41         0.57         0.62         0.50         0.84         0.73
        0.12         0.10         0.16         0.35         0.30         0.60         0.40         0.62         0.61
        0.31         0.17         0.47         0.22         0.19         0.13         0.40         0.75         0.49
        0.13         0.40         0.48         0.46         0.31         0.51         0.61         0.63         0.72
        0.43         0.26         0.40         0.20         0.43         0.98         0.73         0.80         1.03
        0.06         0.26         0.26         0.18         0.30         0.37         0.40         0.78         0.78
        0.08         0.35         0.59         0.43         0.31         0.35         0.70         0.55         0.54
        0.37         0.65         0.59         0.78         0.37         1.04         0.47         0.35         0.42
    172800      9     13
        0.70         0.60         0.61         0.67         0.44         0.60         0.77         0.53         0.75
        0.64         0.40         0.44         0.37         0.60         0.67         0.57         0.41         0.49
        0.80         0.70         0.23         0.65         0.47         0.40         0.44         0.85         0.55
        0.20         0.44         0.44         0.78         0.45         0.41         0.61         0.92         0.87
        0.07         0.22         0.46         1.32         0.60         0.35         0.74         0.95         0.97
        0.11         0.10         0.21         0.51         0.56         0.51         0.50         0.97         0.93
        0.10         0.24         0.09         0.39         0.25         0.37         0.51         0.58         0.64
        0.08         0.03         0.17         0.12         0.22         0.25         0.52         0.52         0.46
        0.13         0.16         0.18         0.11         0.09         0.15         0.32         0.29         0.72
        0.39         0.34         0.23         0.18         0.09         0.09         0.23         0.29         0.45
        0.49         0.56         0.63         0.26         0.18         0.20         0.25         0.15         0.22
        0.69         0.43         0.38         0.30         0.20         0.24         0.25         0.21         0.13
        0.33         0.24         0.13         0.29         0.17         0.74         0.20         0.14         0.35
    259200      9     13
        0.87         0.52         0.58         1.07         0.98         0.45         0.65         0.50         0.70
        0.90         0.61         0.56         0.45         0.40         0.32         0.89         0.87         0.42
        0.46         0.44         0.45         0.21         0.25         0.90         0.48         1.19         0.55
        0.43         0.49         0.44         0.84         0.48         0.57         1.10         0.39         0.58
        0.33         0.43         0.53         0.89         0.57         0.69         1.17         0.68         0.83
        0.47         0.48         0.58         0.65         0.60         0.60         0.80         0.71         0.84
        0.42         0.48         0.28         0.43         0.24         0.34         0.91         0.89         0.81
        0.51         0.57         0.41         0.53         0.50         0.62         0.78         0.77         0.67
        0.31         0.49         0.71         0.97         0.50         0.73         0.52         0.70         0.96
        0.92         0.71         1.13         0.48         0.75         0.96         0.62         0.75         0.93
        0.68         0.71         0.81         0.30         0.88         0.40         0.55         0.32         0.80
        1.08         0.90         0.57         0.63         0.23         0.57         0.31         0.45         0.79
        1.11         0.60         0.41         0.63         0.62         1.50         0.30         0.58         0.58
    345600      9     13
        0.93         0.89         0.49         0.34         0.63         0.45         0.24         0.22         0.76
        1.30         0.84         0.90         0.14         0.58         0.81         0.10         0.15         0.49
        1.37         0.31         0.52         0.17         0.51         0.49         0.25         0.26         1.14
        0.86         0.55         0.85         0.57         0.82         0.52         0.44         0.63         0.50
        0.46         0.56         0.63         0.93         0.83         0.60         0.80         0.62         0.81
        0.70         0.89         0.83         1.26         1.08         0.66         0.80         0.78         0.93
        0.84         0.85         1.49         1.46         0.35         0.97         1.08         1.20         0.91
        0.90         0.63         1.05         0.71         0.73         0.85         0.74         1.27         0.95
        0.91         0.48         1.00         0.48         1.14         0.32         0.81         0.76         0.81
        1.13         1.08         0.63         0.63         0.27         0.41         0.44         0.55         0.71
        1.43         1.06         0.36         0.17         0.39         0.36         0.34         0.30         1.15
        0.84         0.91         0.38         0.32         0.36         0.35         0.21         0.30         0.38
        0.44         0.48         0.18         0.09         0.55         0.41         0.15         0.64         0.10
    432000      9     13
        0.71         0.58         0.32         0.60         0.37         0.12         0.25         0.22         0.07
        0.22         0.60         0.57         0.19         0.07         0.12         0.20         0.16         0.05
        0.05         0.27         0.14         0.28         0.06         0.10         0.22         0.07         0.05
        0.06         0.08         0.13         0.38         0.48         0.25         0.27         0.16         0.29
        0.07         0.09         0.28         0.66         0.68         0.19         0.26         0.47         0.23
        0.10         0.05         0.21         0.16         0.24         0.25         0.27         0.31         0.52
        0.10         0.07         0.18         0.04         0.10         0.19         0.43         0.54         0.68
        0.05         0.05         0.24         0.06         0.14         0.25         0.74         0.52         0.54
        0.08         0.15         0.18         0.24         0.13         0.45         0.34         0.39         0.58
        0.37         0.55         0.49         0.19         0.18         0.09         0.17         0.45         0.44
        0.73         0.72         0.62         0.26         0.11         0.06         0.14         0.09         0.05
        0.81         0.42         0.64         0.39         0.16         0.24         0.08         0.02         0.04
        0.68         0.47         0.46         0.23         0.23         0.64         0.09         0.04         0.14
    518400      9     13
        0.07         0.04         0.11         0.07         0.12         0.05         0.05         0.04         0.03
        0.06         0.07         0.10         0.09         0.06         0.03         0.07         0.13         0.02
        0.06         0.06         0.14         0.09         0.04         0.07         0.08         0.03         0.03
        0.04         0.07         0.08         0.15         0.13         0.12         0.02         0.03         0.10
        0.04         0.05         0.05         0.04         0.10         0.05         0.05         0.05         0.08
        0.06         0.06         0.03         0.03         0.05         0.08         0.05         0.05         0.12
        0.04         0.03         0.02         0.05         0.06         0.04         0.03         0.05         0.18
        0.06         0.03         0.18         0.03         0.04         0.03         0.04         0.06         0.17
        0.08         0.07         0.02         0.07         0.02         0.04         0.04         0.03         0.04
        0.12         0.06         0.04         0.05         0.07         0.03         0.02         0.02         0.05
        0.06         0.15         0.15         0.09         0.05         0.04         0.04         0.03         0.06
        0.14         0.07         0.09         0.15         0.05         0.06         0.07         0.03         0.05
        0.09         0.07         0.06         0.09         0.09         0.48         0.04         0.02         0.03
    604800      9     13
        0.47         0.16         0.31         0.09         0.15         0.07         0.06         0.10         0.07
        0.08         0.27         0.05         0.19         0.09         0.08         0.07         0.21         0.06
        0.01         0.03         0.08         0.07         0.04         0.00         0.10         0.04         0.02
        0.01         0.08         0.21         0.26         0.22         0.08         0.01         0.02         0.14
        0.04         0.05         0.05         0.35         0.56         0.09         0.01         0.11         0.26
        0.03         0.02         0.06         0.13         0.50         0.07         0.04         0.04         0.19
        0.02         0.06         0.02         0.07         0.09         0.06         0.03         0.03         0.07
        0.03         0.03         0.10         0.02         0.04         0.02         0.02         0.03         0.04
        0.09         0.08         0.04         0.06         0.02         0.03         0.03         0.03         0.03
        0.06         0.04         0.14         0.20         0.11         0.03         0.01         0.02         0.05
        0.04         0.05         0.35         0.13         0.06         0.06         0.06         0.03         0.03
        0.08         0.48         0.45         0.21         0.10         0.07         0.13         0.01         0.06
        0.44         0.46         0.12         0.25         0.14         0.46         0.07         0.02         0.01
    691200      9     13
        0.28         0.05         0.10         0.10         0.08         0.07         0.04         0.09         0.03
        0.06         0.05         0.12         0.07         0.09         0.05         0.09         0.26         0.03
        0.04         0.02         0.14         0.08         0.05         0.07         0.08         0.03         0.03
        0.03         0.06         0.12         0.32         0.26         0.12         0.03         0.02         0.20
        0.05         0.08         0.05         0.41         0.51         0.11         0.01         0.07         0.17
        0.02         0.05         0.06         0.11         0.61         0.08         0.01         0.09         0.17
        0.01         0.05         0.02         0.05         0.14         0.05         0.03         0.01         0.06
        0.02         0.01         0.10         0.03         0.05         0.02         0.02         0.03         0.08
        0.05         0.06         0.07         0.07         0.04         0.01         0.01         0.01         0.04
        0.09         0.04         0.04         0.03         0.06         0.01         0.01         0.01         0.02
        0.04         0.09         0.13         0.09         0.03         0.02         0.01         0.03         0.02
        0.06         0.12         0.27         0.24         0.08         0.02         0.04         0.02         0.02
        0.04         0.33         0.29         0.40         0.09         0.56         0.07         0.03         0.01
    777600      9     13
        0.26         0.23         0.34         0.34         0.36         0.12         0.23         0.30         0.09
        0.30         0.25         0.11         0.19         0.26         0.18         0.13         0.19         0.11
        0.12         0.14         0.34         0.29         0.19         0.13         0.09         0.17         0.08
        0.02         0.09         0.18         0.87         0.34         0.10         0.06         0.02         0.20
        0.02         0.09         0.11         0.32         0.27         0.10         0.02         0.19         0.17
        0.01         0.02         0.13         0.05         0.05         0.07         0.02         0.04         0.03
        0.01         0.06         0.06         0.03         0.07         0.06         0.02         0.02         0.00
        0.02         0.03         0.11         0.08         0.02         0.01         0.01         0.01         0.00
        0.07         0.15         0.09         0.10         0.05         0.00         0.00         0.00         0.00
        0.15         0.07         0.14         0.06         0.03         0.00         0.01         0.01         0.02
        0.03         0.03         0.06         0.07         0.05         0.05         0.03         0.01         0.03
        0.02         0.04         0.06         0.18         0.11         0.09         0.16         0.01         0.05
        0.06         0.03         0.19         0.32         0.23         0.66         0.30         0.03         0.05