         0      9     13
        0.48         0.68         0.74         0.47         0.44         0.51         1.04         0.79         0.63
        0.63         0.47         0.60         0.45         0.66         0.64         0.84         1.49         0.65
        0.13         0.16         0.46         0.34         0.40         0.79         1.48         1.77         0.44
        0.18         0.55         1.23         1.51         1.21         0.41         1.22         0.62         0.84
        0.18         0.30         0.60         2.07         1.12         0.57         0.88         1.78         1.16
        0.27         0.34         0.85         0.80         0.91         0.50         1.04         1.39         1.32
        0.48         1.49         0.25         1.12         0.74         0.39         0.94         0.76         1.23
        0.63         0.33         0.49         0.61         0.31         0.16         0.45         0.34         1.74
        0.39         0.89         1.58         0.65         0.18         0.21         0.26         0.33         0.63
        0.79         1.50         1.23         0.41         0.28         0.19         0.12         0.43         0.62
        0.59         0.84         0.86         0.38         0.13         0.14         0.06         0.25         0.33
        0.56         0.73         0.57         0.47         0.18         0.20         0.17         0.06         0.18
        0.16         0.55         0.68         0.38         0.43         0.85         0.26         0.25         0.42
     86400      9     13
        0.87         0.66         0.82         0.57         0.92         0.13         0.94         0.45         0.52
        0.83         0.44         0.39         0.50         0.25         0.24         0.53         0.97         0.59
        0.49         0.46         0.42         0.62         0.23         0.27         1.32         0.86         0.30
        0.23         0.89         0.61         1.48         0.60         0.14         0.46         0.25         0.59
        0.16         0.15         0.22         1.02         0.79         0.23         0.46         0.69         1.06
        0.74         0.48         0.21         1.03         0.63         0.21         0.28         1.05         0.89
        0.26         0.48         0.66         0.87         0.27         0.18         0.59         0.33         0.48
        0.36         0.21         1.04         0.44         0.54         0.10         0.30         0.23         0.71
        0.62         1.33         1.34         0.84         0.54         0.25         0.37         0.46         0.26
        0.24         0.71         0.52         0.96         0.28         0.82         0.48         0.55         0.16
        0.39         0.66         0.89         0.60         0.44         0.42         0.25         0.46         0.38
        0.30         0.53         0.39         0.96         0.38         0.21         0.41         0.28         0.33
        0.28         0.50         0.59         0.49         0.65         1.12         0.46         0.49         0.50
    172800      9     13
        1.02         0.96         0.87         0.59         0.49         0.20         0.63         0.52         0.52
        0.32         0.48         0.46         0.64         0.47         0.46         0.28         0.64         0.74
        0.43         0.80         0.42         0.97         0.45         0.47         0.58         1.26         0.53
        0.45         1.08         0.66         1.24         0.55         0.47         0.66         0.61         0.36
        0.52         0.81         1.00         1.21         1.28         0.34         0.30         0.55         0.65
        0.50         0.43         0.53         0.79         1.00         0.24         0.07         0.74         0.65
        0.30         0.63         0.50         0.88         0.50         0.26         0.69         0.21         0.48
        0.36         0.10         0.59         0.44         0.21         0.30         0.06         0.24         0.76
        0.06         0.24         0.47         0.51         0.29         0.08         0.12         0.24         0.33
        0.21         0.17         0.08         0.30         0.14         0.12         0.38         0.42         0.18
        0.53         0.40         0.13         0.16         0.16         0.11         0.28         0.11         0.26
        0.35         0.67         0.76         1.66         0.24         0.15         0.71         0.30         0.30
        0.47         0.84         1.02         0.96         0.72         1.44         0.45         0.14         0.06
    259200      9     13
        0.39         0.46         0.29         0.30         0.64         0.22         0.11         0.14         0.13
        0.30         0.31         0.36         0.29         0.22         0.14         0.08         0.19         0.13
        0.38         0.25         0.27         0.46         0.18         0.19         0.20         0.33         0.17
        0.12         0.31         0.52         1.04         0.65         0.29         0.38         0.18         0.37
        0.19         0.15         0.18         0.90         0.48         0.21         0.12         0.22         0.62
        0.21         0.19         0.60         0.54         0.26         0.17         0.17         0.26         0.38
        0.32         0.44         0.25         0.36         0.35         0.15         0.10         0.13         0.25
        0.68         0.15         0.42         0.33         0.40         0.08         0.06         0.08         0.06
        0.48         0.36         0.57         0.37         0.29         0.05         0.12         0.23         0.15
        0.75         1.11         0.45         0.75         0.27         0.06         0.06         0.05         0.17
        0.55         0.95         0.65         0.41         0.13         0.21         0.06         0.07         0.08
        0.34         0.43         0.69         0.68         0.53         0.19         0.31         0.19         0.08
        0.01         0.38         0.57         0.49         0.42         0.97         0.17         0.05         0.03
    345600      9     13
        0.04         0.03         0.05         0.08         0.22         0.07         0.05         0.03         0.01
        0.07         0.09         0.13         0.09         0.11         0.08         0.04         0.11         0.05
        0.18         0.05         0.20         0.14         0.07         0.06         0.06         0.12         0.03
        0.12         0.06         0.08         1.13         0.29         0.25         0.11         0.04         0.13
        0.13         0.27         0.24         0.29         0.49         0.21         0.01         0.06         0.10
        0.05         0.12         0.09         0.11         0.17         0.14         0.04         0.08         0.08
        0.06         0.10         0.04         0.05         0.34         0.12         0.06         0.05         0.04
        0.29         0.11         0.23         0.10         0.08         0.06         0.03         0.04         0.02
        0.04         0.25         0.22         0.16         0.17         0.06         0.00         0.01         0.01
        0.12         0.19         0.11         0.15         0.15         0.01         0.01         0.03         0.02
        0.12         0.26         0.36         0.18         0.14         0.05         0.04         0.02         0.02
        0.06         0.31         0.28         0.24         0.30         0.15         0.14         0.01         0.02
        0.11         0.40         0.47         0.51         0.34         0.75         0.19         0.06         0.00
    432000      9     13
        0.10         0.05         0.17         0.17         0.45         0.22         0.08         0.15         0.16
        0.18         0.21         0.09         0.21         0.31         0.16         0.11         0.18         0.13
        0.20         0.09         0.21         0.48         0.14         0.11         0.23         0.10         0.10
        0.29         0.32         0.10         1.21         0.50         0.33         0.10         0.12         0.56
        0.14         0.26         0.28         0.81         0.72         0.33         0.06         0.10         0.09
        0.21         0.31         0.17         0.16         0.31         0.24         0.15         0.06         0.08
        0.19         0.77         0.40         0.46         0.22         0.17         0.10         0.13         0.11
        0.52         0.51         0.57         0.27         0.24         0.07         0.05         0.05         0.04
        0.29         0.71         0.48         0.46         0.19         0.08         0.03         0.02         0.08
        0.59         0.61         0.71         0.45         0.13         0.08         0.04         0.03         0.04
        0.10         0.19         0.98         0.53         0.14         0.32         0.07         0.22         0.14
        0.17         0.74         0.91         1.29         0.40         0.38         0.28         0.03         0.05
        0.40         0.57         0.94         1.35         1.26         1.09         0.37         0.06         0.01
    518400      9     13
        0.06         0.06         0.24         0.16         0.16         0.19         0.09         0.07         0.24
        0.14         0.14         0.33         0.27         0.24         0.10         0.08         0.17         0.12
        0.26         0.19         0.31         0.25         0.09         0.10         0.55         0.35         0.24
        0.21         0.80         0.25         1.20         0.57         0.38         0.07         0.17         0.50
        0.27         0.50         0.24         0.91         0.52         0.27         0.14         0.51         0.56
        0.51         0.47         0.20         0.32         0.99         0.33         0.07         0.30         0.56
        0.29         0.80         0.27         0.36         0.61         0.23         0.23         0.19         0.24
        0.11         0.43         0.72         0.28         0.41         0.10         0.20         0.13         0.37
        0.16         0.53         0.80         0.73         0.31         0.06         0.03         0.22         0.41
        0.10         0.10         0.25         0.64         0.24         0.05         0.03         0.07         0.05
        0.06         0.10         0.68         0.86         0.14         0.12         0.03         0.04         0.09
        0.03         0.10         0.58         0.96         0.41         0.35         0.17         0.01         0.02
        0.07         0.06         0.53         0.59         0.76         0.80         0.26         0.08         0.01
    604800      9     13
        0.65         0.56         0.22         0.26         0.20         0.21         0.20         0.19         0.21
        0.66         0.22         0.23         0.21         0.13         0.19         0.16         0.16         0.06
        0.32         0.16         0.12         0.29         0.19         0.17         0.30         0.15         0.19
        0.04         0.25         0.20         1.32         0.22         0.21         0.30         0.16         0.34
        0.14         0.19         0.13         0.51         0.48         0.15         0.31         0.59         0.34
        0.19         0.09         0.14         0.16         0.32         0.22         0.11         0.31         0.74
        0.23         0.17         0.24         0.39         0.24         0.16         0.37         0.10         0.26
        0.21         0.15         0.58         0.17         0.19         0.14         0.10         0.29         0.53
        0.18         0.36         0.54         0.17         0.19         0.06         0.06         0.17         0.13
        0.12         0.26         0.36         0.28         0.24         0.05         0.12         0.08         0.48
        0.02         0.23         0.63         0.17         0.18         0.18         0.06         0.12         0.16
        0.08         0.59         0.45         0.54         0.42         0.30         0.16         0.09         0.08
        0.25         0.39         0.64         0.95         0.37         1.30         0.34         0.12         0.10
    691200      9     13
        0.30         0.23         0.23         0.08         0.17         0.16         0.28         0.30         0.25
        0.26         0.11         0.16         0.20         0.22         0.30         0.44         0.33         0.05
        0.13         0.15         0.25         0.32         0.25         0.33         0.58         0.11         0.10
        0.16         0.20         0.50         0.63         0.42         0.29         0.36         0.28         0.71
        0.32         0.19         0.37         0.83         0.96         0.12         0.39         0.64         0.55
        0.20         0.19         0.23         0.58         0.61         0.26         0.19         0.46         0.37
        0.19         0.30         0.32         0.25         0.24         0.26         0.31         0.24         0.60
        0.44         0.10         0.44         0.17         0.23         0.12         0.28         0.32         0.96
        0.30         0.25         0.38         0.19         0.15         0.33         0.55         0.49         0.63
        0.52         0.38         0.18         0.24         0.51         0.56         0.25         0.45         0.20
        0.40         0.36         0.41         0.38         0.23         0.17         0.17         0.51         0.35
        0.51         0.60         1.22         0.87         0.22         0.21         0.22         0.17         0.36
        0.13         0.25         0.30         0.24         0.35         1.38         0.44         0.35         1.09
    777600      9     13
        0.59         0.50         0.31         0.24         0.42         0.11         0.40         0.23         0.42
        0.52         0.30         0.22         0.15         0.10         0.38         0.35         0.38         0.11
        0.20         0.07         0.26         0.25         0.07         0.17         0.26         0.40         0.15
        0.07         0.33         0.40         0.71         0.30         0.22         0.58         0.46         0.47
        0.09         0.20         0.38         0.72         0.68         0.22         0.45         0.58         0.80
        0.10         0.14         0.26         0.35         0.19         0.38         0.34         0.77         1.29
        0.09         0.37         0.14         0.21         0.15         0.34         0.49         1.17         1.29
        0.37         0.16         0.52         0.09         0.25         0.18         0.35         0.72         0.90
        0.21         0.14         0.35         0.22         0.10         0.23         0.37         0.81         0.71
        0.79         0.33         0.12         0.26         0.27         0.82         0.48         0.52         0.48
        0.34         0.19         0.23         0.19         0.06         0.23         0.11         1.03         0.27
        0.47         0.53         1.15         0.66         0.24         0.24         0.32         0.06         0.38
        1.25         0.97         0.59         0.68         0.17         1.23         0.20         0.21         0.96