         0      9     13
        0.30         0.24         0.12         0.04         0.07         0.04         0.25         0.06         0.37
        0.08         0.06         0.05         0.09         0.22         0.17         0.21         0.40         0.10
        0.04         0.03         0.13         0.24         0.04         0.06         0.45         0.12         0.17
        0.01         0.05         0.22         0.69         0.72         0.44         0.80         0.37         0.56
        0.03         0.25         0.42         1.30         1.16         0.55         0.41         0.51         0.82
        0.13         0.42         0.32         0.50         0.68         0.36         0.33         0.63         1.04
        0.21         0.11         0.04         0.60         0.34         0.34         0.62         0.52         1.32
        0.30         0.17         0.46         0.18         0.46         0.36         0.42         0.19         0.35
        0.21         0.12         0.20         0.15         0.08         0.19         0.37         0.39         0.35
        0.12         0.35         0.15         0.25         0.41         0.32         0.05         0.14         0.26
        0.30         0.79         0.55         0.25         0.09         0.08         0.11         0.16         0.32
        0.50         0.57         0.87         0.48         0.15         0.16         0.09         0.20         0.34
        0.35         0.31         0.30         0.41         0.20         1.10         0.16         0.14         0.15
     86400      9     13
        1.05         0.53         0.56         0.25         0.12         0.06         0.04         0.25         0.08
        0.43         0.58         0.38         0.19         0.10         0.05         0.13         0.28         0.05
        0.15         0.12         0.22         0.22         0.05         0.07         0.17         0.21         0.10
        0.12         0.45         0.59         1.03         0.70         0.19         0.09         0.18         0.32
        0.18         0.47         0.69         1.00         1.14         0.24         0.31         0.56         0.44
        0.26         0.27         0.19         0.50         0.85         0.28         0.31         0.44         0.65
        0.06         0.09         0.04         0.13         0.25         0.13         0.40         0.66         0.72
        0.06         0.05         0.25         0.04         0.18         0.15         0.27         0.63         0.98
        0.04         0.11         0.06         0.09         0.03         0.04         0.45         0.37         0.67
        0.27         0.24         0.34         0.23         0.05         0.03         0.03         0.03         0.13
        0.20         0.07         0.83         0.12         0.04         0.08         0.09         0.12         0.09
        0.06         0.36         0.96         0.53         0.24         0.23         0.13         0.13         0.12
        0.38         0.91         0.39         0.64         0.29         1.02         0.12         0.23         0.87
    172800      9     13
        0.07         0.04         0.08         0.05         0.12         0.07         0.05         0.12         0.20
        0.08         0.15         0.07         0.24         0.10         0.04         0.11         0.53         0.08
        0.05         0.08         0.12         0.12         0.05         0.05         0.55         0.13         0.20
        0.03         0.08         0.10         1.06         0.43         0.19         0.10         0.04         0.26
        0.06         0.04         0.09         0.20         0.23         0.13         0.13         0.19         0.18
        0.02         0.06         0.12         0.04         0.06         0.09         0.04         0.07         0.15
        0.04         0.07         0.05         0.04         0.06         0.03         0.07         0.06         0.04
        0.04         0.03         0.17         0.09         0.07         0.04         0.03         0.03         0.02
        0.08         0.10         0.15         0.13         0.11         0.04         0.07         0.05         0.02
        0.20         0.34         0.08         0.06         0.18         0.09         0.19         0.05         0.03
        0.19         0.31         0.12         0.16         0.06         0.09         0.13         0.04         0.06
        0.58         0.43         0.34         0.17         0.24         0.11         0.28         0.04         0.06
        0.23         0.29         0.65         0.53         0.22         0.90         0.27         0.09         0.05
    259200      9     13
        0.07         0.06         0.10         0.15         0.19         0.17         0.13         0.16         0.11
        0.05         0.07         0.10         0.19         0.23         0.14         0.10         0.13         0.12
        0.06         0.07         0.11         0.28         0.14         0.20         0.22         0.23         0.10
        0.05         0.08         0.10         1.10         0.35         0.16         0.07         0.10         0.38
        0.06         0.06         0.11         0.17         0.20         0.11         0.01         0.23         0.28
        0.00         0.03         0.07         0.12         0.17         0.12         0.04         0.16         0.29
        0.03         0.05         0.04         0.02         0.10         0.08         0.18         0.21         0.34
        0.02         0.03         0.08         0.08         0.09         0.04         0.18         0.09         0.05
        0.05         0.07         0.35         0.22         0.07         0.05         0.02         0.05         0.09
        0.10         0.23         0.13         0.09         0.09         0.01         0.06         0.04         0.03
        0.02         0.05         0.10         0.19         0.06         0.09         0.09         0.04         0.03
        0.05         0.34         0.27         0.10         0.17         0.09         0.24         0.01         0.02
        0.04         0.39         0.34         0.33         0.16         0.72         0.09         0.10         0.03
    345600      9     13
        0.39         0.33         0.78         0.77         0.59         0.44         0.46         0.49         0.58
        0.43         0.54         0.65         0.50         0.62         0.28         0.36         0.34         0.15
        0.34         0.12         0.48         0.27         0.30         0.19         0.12         0.11         0.07
        0.05         0.37         0.73         0.79         0.35         0.14         0.06         0.06         0.12
        0.05         0.07         0.20         0.36         0.78         0.08         0.01         0.03         0.07
        0.08         0.04         0.02         0.15         0.42         0.08         0.00         0.01         0.01
        0.00         0.02         0.01         0.05         0.21         0.02         0.22         0.01         0.08
        0.03         0.00         0.01         0.01         0.16         0.12         0.01         0.00         0.22
        0.01         0.01         0.02         0.00         0.01         0.01         0.00         0.00         0.13
        0.01         0.01         0.00         0.00         0.00         0.00         0.00         0.00         0.00
        0.06         0.02         0.00         0.01         0.00         0.01         0.00         0.01         0.02
        0.00         0.01         0.01         0.04         0.03         0.03         0.03         0.03         0.00
        0.05         0.16         0.25         0.28         0.03         0.22         0.01         0.01         0.00
    432000      9     13
        0.90         1.05         0.91         0.75         0.53         0.52         0.49         0.54         0.21
        0.58         0.56         0.62         1.00         0.94         0.41         0.63         0.17         0.15
        0.76         0.56         0.85         0.59         0.55         0.49         0.51         0.30         0.25
        0.70         0.79         0.59         2.01         0.62         0.34         0.53         0.49         0.42
        0.38         0.58         0.99         1.57         1.07         0.27         0.39         0.45         0.43
        0.55         1.07         1.04         1.25         0.74         0.20         0.36         0.24         0.47
        0.33         0.87         0.38         0.84         0.58         0.18         0.48         0.52         0.63
        0.46         0.56         0.68         0.25         0.31         0.28         0.47         0.59         0.52
        0.12         0.24         0.42         0.36         0.06         0.33         0.45         0.40         0.63
        0.12         0.57         0.65         0.24         0.13         0.30         0.06         0.06         0.29
        0.18         0.71         0.25         0.28         0.05         0.09         0.07         0.09         0.08
        0.39         0.43         0.43         0.23         0.11         0.08         0.19         0.14         0.15
        0.60         0.41         0.47         0.13         0.07         0.39         0.09         0.19         0.46
    518400      9     13
        0.32         0.71         0.99         0.17         0.35         0.24         0.21         0.17         0.24
        0.54         0.69         0.77         0.60         0.50         0.65         0.25         0.24         0.08
        0.77         0.60         0.73         0.71         0.28         0.23         0.35         0.26         0.13
        0.77         0.95         0.66         0.60         0.49         0.23         0.42         0.25         0.38
        0.31         0.68         1.27         0.56         0.79         0.38         0.42         0.44         0.75
        0.71         1.32         1.29         0.70         0.81         0.49         0.21         0.67         1.18
        0.67         0.89         0.99         0.43         0.66         0.45         0.32         0.91         0.99
        0.66         0.73         0.72         0.25         0.64         0.43         0.38         0.79         0.74
        0.34         0.59         0.58         0.68         0.63         0.48         0.42         0.38         0.45
        0.52         0.38         0.48         0.75         0.93         0.27         0.38         0.36         0.21
        0.81         1.04         0.98         0.93         0.39         0.25         0.54         0.23         0.08
        1.02         1.15         1.32         0.53         0.52         0.25         0.30         0.21         0.30
        1.31         0.85         0.89         0.95         0.77         0.94         0.39         0.38         0.20
    604800      9     13
        0.22         0.51         0.55         0.45         0.18         0.09         0.13         0.12         0.11
        0.48         0.85         0.39         0.35         0.25         0.07         0.13         0.35         0.04
        0.38         0.33         0.67         0.41         0.25         0.38         0.38         0.08         0.05
        0.11         0.58         0.84         0.91         0.26         0.17         0.29         0.18         0.21
        0.26         0.53         0.61         0.59         0.96         0.19         0.16         0.35         0.22
        0.63         0.72         1.10         1.14         1.00         0.43         0.12         0.47         0.68
        0.63         0.99         0.42         0.68         0.55         0.19         0.47         0.85         0.80
        0.75         0.57         0.69         0.17         0.37         0.34         0.66         0.87         0.46
        0.40         0.37         0.63         0.83         0.49         0.37         0.72         0.30         0.58
        0.67         0.60         0.56         0.68         0.49         0.60         0.23         0.24         0.32
        0.32         0.95         0.74         0.39         0.30         0.27         0.42         0.47         0.44
        0.78         1.08         1.02         0.43         0.24         0.55         0.46         0.41         0.55
        0.86         0.96         0.71         0.83         0.24         1.02         0.17         0.09         0.55
    691200      9     13
        0.37         0.36         0.29         0.17         0.39         0.13         0.20         0.19         0.13
        0.31         0.40         0.15         0.18         0.26         0.20         0.25         0.32         0.10
        0.13         0.50         0.27         0.17         0.46         0.13         0.19         0.11         0.18
        0.04         0.34         0.83         0.98         0.49         0.16         0.17         0.25         0.25
        0.13         0.12         0.33         0.99         0.99         0.31         0.42         0.36         0.25
        0.20         0.18         0.36         0.57         0.40         0.25         0.22         0.23         0.45
        0.18         0.30         0.34         0.51         0.28         0.32         0.25         0.35         0.29
        0.31         0.56         0.31         0.20         0.37         0.28         0.35         0.36         0.19
        0.34         0.55         0.39         0.36         0.46         0.39         0.28         0.73         0.35
        0.62         0.65         0.77         0.59         0.39         0.57         0.15         0.12         0.19
        0.84         0.76         0.72         0.41         0.23         0.18         0.21         0.13         0.10
        0.56         0.67         0.34         0.40         0.16         0.28         0.47         0.17         0.18
        0.65         0.79         0.26         0.38         0.27         0.81         0.12         0.23         0.21
    777600      9     13
        0.37         0.60         0.28         0.38         0.26         0.22         0.18         0.10         0.30
        0.51         0.63         0.41         0.15         0.11         0.16         0.07         0.09         0.19
        0.27         0.27         0.28         0.13         0.21         0.16         0.08         0.25         0.16
        0.18         0.13         0.42         0.29         0.22         0.31         0.24         0.12         0.22
        0.15         0.38         0.56         0.38         0.25         0.19         0.27         0.26         0.25
        0.24         0.56         0.38         0.23         0.30         0.18         0.17         0.35         0.46
        0.37         0.55         0.60         0.41         0.52         0.27         0.15         0.31         0.38
        0.26         0.71         0.47         0.28         0.33         0.25         0.25         0.32         0.26
        0.35         0.24         0.63         0.81         0.37         0.37         0.12         0.28         0.32
        0.78         0.39         0.47         0.11         0.58         0.15         0.26         0.43         0.47
        0.52         0.49         0.55         0.84         0.28         0.30         0.40         0.39         0.17
        0.57         0.37         0.74         0.86         0.35         0.27         0.72         0.34         0.27
        0.41         0.78         0.82         0.52         0.59         0.19         0.82         0.43         0.31