         0      9     13
        0.69         0.55         1.00         0.37         0.42         0.33         0.51         0.37         0.21
        0.68         0.78         0.65         0.50         0.52         0.32         0.51         0.56         0.19
        0.81         0.59         0.82         0.52         0.26         0.20         0.63         0.35         0.14
        0.33         0.58         1.13         1.29         0.99         0.48         0.13         0.11         0.56
        0.31         0.57         0.54         0.56         0.45         0.24         0.17         0.38         0.53
        0.17         0.25         0.31         0.16         0.33         0.19         0.20         0.35         0.54
        0.39         0.43         0.15         0.24         0.37         0.12         0.12         0.20         0.19
        0.29         0.23         0.56         0.11         0.18         0.13         0.09         0.11         0.13
        0.21         0.38         0.16         0.16         0.15         0.19         0.41         0.56         0.49
        0.48         0.19         0.30         0.45         0.30         0.28         0.12         0.22         0.28
        0.22         0.14         0.36         0.22         0.12         0.08         0.03         0.19         0.08
        0.14         0.57         0.80         0.42         0.12         0.13         0.10         0.02         0.03
        0.12         0.50         0.67         0.40         0.35         0.82         0.16         0.04         0.04
     86400      9     13
        0.43         0.43         0.33         0.32         0.21         0.10         0.06         0.33         0.24
        0.45         0.33         0.26         0.33         0.32         0.17         0.20         0.30         0.28
        0.20         0.31         0.51         0.63         0.08         0.08         0.32         0.13         0.08
        0.09         0.30         0.44         0.86         0.55         0.29         0.04         0.02         0.13
        0.14         0.56         0.55         0.78         0.63         0.24         0.04         0.14         0.20
        0.44         0.30         0.34         0.42         0.62         0.31         0.04         0.05         0.35
        0.45         0.63         0.22         0.13         0.27         0.23         0.15         0.09         0.15
        0.36         0.14         0.37         0.11         0.15         0.20         0.10         0.06         0.05
        0.30         0.29         0.17         0.25         0.13         0.09         0.07         0.07         0.07
        0.52         0.56         0.23         0.26         0.19         0.12         0.17         0.04         0.07
        0.17         0.51         0.61         0.26         0.21         0.18         0.08         0.05         0.09
        0.30         0.21         0.45         0.53         0.28         0.28         0.43         0.09         0.03
        0.21         0.23         0.38         0.42         0.27         0.92         0.13         0.09         0.01
    172800      9     13
        0.16         0.16         0.29         0.27         0.18         0.20         0.11         0.45         0.12
        0.51         0.31         0.15         0.40         0.28         0.07         0.07         0.22         0.13
        0.23         0.28         0.38         0.48         0.14         0.09         0.47         0.58         0.22
        0.21         1.13         0.39         0.92         0.41         0.18         0.14         0.10         0.32
        0.22         0.58         0.32         0.44         0.54         0.28         0.13         0.36         0.37
        0.16         0.10         0.44         0.43         0.31         0.18         0.10         0.37         0.25
        0.20         0.55         0.56         0.27         0.37         0.11         0.16         0.22         0.29
        0.43         0.18         0.51         0.17         0.40         0.13         0.12         0.29         0.51
        0.48         0.38         0.71         0.40         0.38         0.14         0.19         0.22         0.24
        1.03         0.15         0.91         0.76         0.49         0.07         0.39         0.33         0.38
        0.23         0.41         0.49         0.43         0.15         0.22         0.08         0.33         0.25
        0.13         0.90         0.65         0.48         0.22         0.40         0.48         0.27         0.29
        0.21         0.84         0.83         0.69         0.49         1.20         0.50         0.21         0.12
    259200      9     13
        0.01         0.01         0.03         0.04         0.12         0.24         0.11         0.21         0.58
        0.00         0.02         0.02         0.04         0.04         0.03         0.04         0.31         0.74
        0.00         0.02         0.04         0.04         0.04         0.03         0.06         0.34         0.20
        0.01         0.05         0.02         0.16         0.19         0.06         0.16         0.04         0.17
        0.02         0.04         0.04         0.06         0.21         0.09         0.05         0.12         0.26
        0.01         0.02         0.03         0.03         0.06         0.06         0.07         0.30         0.66
        0.03         0.05         0.01         0.03         0.04         0.03         0.36         0.55         1.05
        0.03         0.01         0.08         0.06         0.05         0.03         0.28         0.52         1.12
        0.02         0.08         0.06         0.12         0.08         0.09         0.20         0.44         0.73
        0.10         0.11         0.06         0.06         0.16         0.03         0.09         0.36         0.54
        0.02         0.15         0.18         0.15         0.23         0.32         0.15         0.19         0.32
        0.04         0.24         0.42         0.39         0.28         0.36         0.34         0.31         0.23
        0.06         0.34         0.57         0.74         0.37         1.06         0.36         0.23         0.15
    345600      9     13
        1.32         0.96         0.40         0.60         0.73         0.72         0.24         0.36         0.88
        0.92         0.49         0.39         0.44         0.29         0.35         0.44         0.33         0.57
        0.01         0.08         0.07         0.12         0.06         0.10         0.17         0.26         0.54
        0.04         0.04         0.08         0.18         0.10         0.10         0.31         0.59         0.44
        0.01         0.10         0.14         0.24         0.54         0.30         0.37         0.29         0.57
        0.13         0.06         0.12         0.62         0.61         0.31         0.40         0.79         0.70
        0.33         0.14         0.23         0.27         0.29         0.14         0.86         0.70         0.98
        0.16         0.41         0.20         0.22         0.51         0.27         0.24         0.76         0.98
        0.08         0.14         0.43         0.43         0.12         0.30         0.47         0.52         0.51
        0.49         0.70         0.62         0.28         0.22         0.38         0.43         0.38         0.38
        0.66         0.48         0.09         0.11         0.16         0.23         0.40         0.31         0.39
        0.52         0.24         0.54         0.37         0.38         0.27         0.41         0.37         0.40
        0.29         0.27         0.29         0.59         0.34         0.82         0.61         0.33         0.64
    432000      9     13
        0.35         1.15         0.60         0.76         0.63         0.13         0.19         0.17         0.62
        0.54         0.73         0.49         0.33         0.27         0.37         0.25         1.19         0.19
        0.64         0.61         0.29         0.48         0.09         0.23         1.14         0.90         0.43
        0.25         0.84         0.32         0.78         0.38         0.29         0.40         0.53         0.25
        0.23         0.54         0.32         0.85         0.44         0.24         0.41         0.23         0.36
        0.42         0.36         0.41         0.78         0.63         0.40         0.31         0.28         0.71
        0.28         0.52         0.37         0.63         0.38         0.33         0.31         0.50         0.53
        0.30         0.24         0.85         0.30         0.48         0.51         0.64         0.56         0.47
        0.57         0.77         1.24         0.67         0.42         0.84         0.51         0.54         0.52
        1.28         2.09         1.64         1.06         0.76         0.96         0.49         0.84         0.70
        2.53         2.13         1.37         0.44         0.21         0.30         0.23         0.39         0.24
        1.15         0.91         0.70         0.55         0.23         0.46         0.51         0.35         0.24
        1.14         0.62         0.39         0.46         0.68         1.07         0.29         0.26         0.80
    518400      9     13
        0.24         0.26         0.22         0.24         0.18         0.17         0.13         0.40         0.29
        0.29         0.26         0.20         0.20         0.42         0.11         0.39         0.52         0.33
        0.33         0.16         0.25         0.62         0.09         0.13         0.93         0.94         0.12
        0.38         0.38         0.44         1.09         0.55         0.33         0.19         0.34         0.54
        0.41         0.26         0.47         1.03         0.63         0.29         0.15         0.61         0.61
        0.43         0.16         0.39         0.28         0.46         0.26         0.30         0.67         0.70
        0.37         0.50         0.18         0.34         0.42         0.55         1.15         1.35         0.46
        0.67         0.43         0.76         0.70         0.58         0.57         0.30         0.29         0.48
        0.43         0.65         0.96         0.78         0.54         0.36         0.31         0.56         0.36
        0.91         0.96         0.87         1.29         0.69         0.42         0.30         0.35         0.28
        0.78         0.92         1.37         0.73         0.82         1.05         0.84         0.79         0.80
        1.35         0.89         1.33         2.65         1.35         1.17         1.24         0.44         0.45
        0.88         1.33         1.56         1.47         0.84         1.61         0.71         0.28         0.41
    604800      9     13
        0.22         0.11         0.19         0.32         0.38         0.16         0.07         0.11         0.06
        0.08         0.47         0.15         0.29         0.20         0.05         0.05         0.14         0.16
        0.48         0.27         0.09         0.40         0.07         0.07         0.21         0.42         0.05
        0.15         0.42         0.30         1.54         0.45         0.21         0.04         0.08         0.16
        0.09         0.27         0.34         0.84         0.26         0.25         0.05         0.17         0.46
        0.08         0.14         0.23         0.28         0.14         0.20         0.14         0.09         0.20
        0.09         0.31         0.24         0.27         0.35         0.27         0.24         0.10         0.08
        0.35         0.30         0.28         0.27         0.19         0.15         0.14         0.08         0.07
        0.23         0.30         0.34         0.34         0.17         0.11         0.06         0.13         0.22
        0.19         0.25         0.34         0.28         0.43         0.14         0.11         0.10         0.06
        0.18         0.29         0.43         0.44         0.26         0.26         0.13         0.30         0.30
        0.37         0.36         0.48         0.51         0.36         0.31         0.32         0.29         0.34
        0.35         0.33         0.38         0.42         0.46         0.91         0.51         0.24         0.30
    691200      9     13
        0.11         0.09         0.09         0.11         0.35         0.12         0.14         0.09         0.13
        0.11         0.23         0.21         0.21         0.33         0.15         0.09         0.05         0.17
        0.09         0.14         0.09         0.36         0.15         0.05         0.17         0.25         0.21
        0.07         0.07         0.14         1.46         0.61         0.22         0.06         0.04         0.60
        0.05         0.16         0.14         0.51         0.95         0.33         0.03         0.02         0.18
        0.04         0.10         0.06         0.05         0.24         0.21         0.03         0.02         0.04
        0.12         0.23         0.13         0.10         0.31         0.08         0.03         0.05         0.06
        0.20         0.08         0.17         0.13         0.32         0.11         0.03         0.04         0.04
        0.14         0.24         0.31         0.18         0.19         0.06         0.01         0.03         0.04
        0.08         0.10         0.35         0.18         0.10         0.01         0.05         0.06         0.05
        0.02         0.11         0.18         0.13         0.12         0.04         0.08         0.04         0.03
        0.03         0.04         0.06         0.23         0.19         0.14         0.06         0.01         0.02
        0.01         0.06         0.36         0.31         0.32         0.53         0.11         0.01         0.00
    777600      9     13
        1.22         0.73         0.96         0.67         0.53         0.37         0.94         0.88         1.18
        0.36         0.65         0.79         0.77         0.68         0.71         0.78         1.55         1.01
        0.28         0.54         0.57         0.97         0.27         0.49         0.95         1.07         0.52
        0.36         1.15         1.07         2.15         1.60         0.64         0.60         1.25         2.13
        0.26         0.67         0.64         1.61         1.96         0.64         0.29         0.92         1.99
        0.13         0.28         0.24         0.58         1.35         0.49         0.31         0.57         1.02
        0.22         1.28         0.18         0.90         0.68         0.26         0.29         0.30         0.48
        0.41         0.29         0.55         0.36         0.66         0.17         0.22         0.22         0.25
        0.44         0.73         0.48         1.11         0.49         0.12         0.08         0.17         0.36
        0.44         0.45         0.86         1.10         0.29         0.06         0.10         0.09         0.12
        0.19         0.48         0.93         0.65         0.32         0.21         0.14         0.15         0.15
        0.41         0.48         0.59         0.86         0.69         0.58         0.61         0.21         0.21
        0.36         0.63         0.61         1.13         0.70         1.06         0.65         0.41         0.40