         0      9     13
        3.78         2.48         1.70         1.37         1.34         1.24         1.27         1.03         1.06
        3.44         2.59         1.84         1.76         1.75         1.05         1.22         0.92         1.22
        2.31         1.99         1.54         1.76         1.46         0.96         0.87         1.16         1.47
        1.74         1.47         1.68         1.96         1.39         1.12         1.19         1.76         1.26
        1.57         1.38         1.02         1.41         1.57         0.92         1.49         1.30         1.07
        1.22         1.03         0.83         0.60         0.89         0.93         0.99         1.25         1.29
        0.95         0.94         0.50         0.39         0.47         0.52         1.01         1.32         1.79
        0.81         0.61         0.52         0.39         0.48         0.55         0.87         1.03         2.01
        0.51         0.48         0.76         0.62         0.48         0.60         0.82         1.13         0.79
        0.46         0.37         0.49         0.50         0.70         0.38         0.95         0.63         0.51
        0.24         0.30         0.48         0.30         0.32         0.47         0.47         0.59         0.39
        0.22         0.23         0.45         0.63         0.59         0.28         0.28         0.53         0.31
        0.25         0.44         0.49         0.58         0.46         0.97         0.31         0.41         0.70
     86400      9     13
        1.13         0.78         0.88         0.65         0.61         0.26         0.29         0.25         0.24
        0.86         0.98         0.62         0.58         0.73         0.56         0.44         0.45         0.21
        0.54         0.77         0.59         0.52         0.56         0.65         0.47         0.45         0.27
        0.66         0.72         1.05         1.13         0.65         0.46         0.63         0.52         0.69
        0.46         1.10         1.11         0.88         0.90         0.68         0.67         0.56         0.35
        0.89         1.00         0.67         0.70         0.93         0.56         0.31         0.56         0.43
        0.74         1.35         0.69         0.68         0.89         0.43         0.39         0.57         0.63
        0.61         0.68         1.00         0.59         0.41         0.51         0.37         0.32         0.55
        0.84         0.57         1.13         0.33         0.29         0.26         0.34         0.48         0.93
        0.53         0.74         0.43         0.52         0.49         0.60         0.57         0.72         0.78
        0.45         0.40         0.34         0.48         0.42         0.34         0.27         0.28         0.55
        0.30         0.57         0.52         0.25         0.39         0.31         0.24         0.29         0.89
        0.55         0.69         1.10         0.74         0.44         0.89         0.20         0.29         0.34
    172800      9     13
        0.06         0.04         0.50         0.28         0.64         0.21         0.14         0.26         0.24
        0.06         0.06         0.17         0.10         0.11         0.07         0.09         0.19         0.24
        0.05         0.11         0.17         0.15         0.08         0.17         0.53         0.57         0.12
        0.03         0.07         0.05         0.56         0.10         0.41         0.43         0.18         0.38
        0.06         0.06         0.11         0.58         0.49         0.13         0.31         0.06         0.26
        0.08         0.05         0.21         0.14         0.28         0.11         0.05         0.05         0.06
        0.03         0.04         0.07         0.07         0.20         0.46         0.60         0.07         0.07
        0.05         0.03         0.06         0.10         0.11         0.09         0.08         0.04         0.04
        0.04         0.10         0.33         0.09         0.08         0.09         0.07         0.06         0.06
        0.08         0.05         0.03         0.04         0.12         0.55         0.09         0.09         0.06
        0.03         0.03         0.03         0.07         0.05         0.09         0.16         0.07         0.09
        0.12         0.07         0.11         0.08         0.09         0.11         0.13         0.25         0.09
        0.06         0.13         0.12         0.07         0.14         0.31         0.11         0.05         0.13
    259200      9     13
        0.88         0.87         0.73         0.63         0.74         0.67         0.42         1.27         1.11
        0.63         0.35         0.68         1.09         0.48         0.59         0.56         1.17         1.20
        0.31         0.32         0.67         0.60         0.57         0.51         0.63         0.83         0.78
        0.60         0.79         0.92         0.78         0.82         0.47         0.50         0.70         0.74
        0.19         0.50         1.23         1.48         0.98         0.41         0.89         0.33         0.46
        0.20         0.24         0.62         0.89         1.08         0.68         0.35         0.48         0.49
        0.16         0.14         0.74         0.82         0.56         0.25         0.44         0.73         0.37
        0.51         0.31         0.16         0.24         0.36         0.10         0.30         1.03         1.93
        0.42         0.43         0.81         0.21         0.15         0.08         0.37         0.97         1.92
        0.21         0.79         0.90         0.93         0.37         0.22         0.71         0.67         1.04
        0.44         0.72         0.38         0.86         0.07         0.15         0.38         0.93         0.69
        0.19         0.57         0.62         0.73         0.27         0.23         0.68         0.62         0.74
        0.04         0.08         0.47         0.57         0.29         0.68         0.36         0.29         0.60
    345600      9     13
        0.50         0.43         0.37         0.26         0.59         0.19         0.20         0.11         0.15
        0.85         0.71         0.67         0.29         0.58         0.10         0.11         0.10         0.08
        1.12         1.02         0.66         1.09         0.37         0.40         0.23         0.09         0.43
        1.03         0.94         0.97         0.55         0.93         0.61         0.26         0.17         0.56
        0.77         2.13         1.08         1.04         0.30         0.35         0.32         0.27         0.47
        0.58         1.61         1.37         0.42         0.32         0.75         0.40         0.39         0.46
        1.20         1.04         1.32         1.14         0.73         0.58         0.63         0.59         0.83
        0.86         1.45         1.47         1.06         0.84         0.52         0.67         0.58         0.56
        0.90         1.51         1.77         1.82         0.64         0.36         0.45         0.93         0.88
        0.69         1.15         1.42         1.62         1.13         0.82         0.80         1.01         1.05
        1.03         1.29         1.44         1.01         0.79         1.02         1.44         0.88         1.15
        1.12         1.23         1.00         0.71         0.94         0.97         1.57         0.99         0.99
        0.69         1.56         0.83         1.38         0.64         0.88         1.10         1.08         0.86
    432000      9     13
        0.69         0.50         0.32         0.28         0.30         0.21         0.25         0.04         0.53
        0.47         0.70         0.53         0.34         0.23         0.34         0.19         0.06         0.07
        0.45         0.71         0.45         0.16         0.18         0.24         0.07         0.13         0.56
        0.14         0.38         0.34         0.27         0.33         0.42         0.21         0.08         0.85
        0.15         0.30         0.58         0.39         0.40         0.43         0.27         0.28         0.24
        0.17         0.11         0.40         0.45         0.86         0.49         0.68         0.23         0.74
        0.40         0.45         0.39         0.31         0.78         0.73         0.66         0.42         0.28
        0.68         0.49         0.86         0.34         0.35         0.57         1.28         0.81         0.36
        0.59         0.76         0.81         0.41         0.21         0.13         0.37         0.66         0.38
        0.68         0.87         0.60         0.70         0.27         0.04         0.15         0.36         0.55
        0.21         0.68         0.67         0.38         0.23         0.16         0.13         0.26         0.67
        0.43         0.60         0.54         0.54         0.55         0.24         0.37         0.50         0.61
        0.19         0.36         0.46         0.59         0.55         0.43         0.25         0.15         0.44
    518400      9     13
        0.30         0.13         0.06         0.05         0.09         0.19         0.05         0.07         0.32
        0.30         0.20         0.05         0.17         0.16         0.08         0.10         0.12         0.10
        0.67         0.17         0.14         0.13         0.11         0.28         0.22         0.03         0.13
        0.61         0.67         0.39         0.10         0.53         0.22         0.40         0.54         0.23
        0.79         0.32         0.68         0.18         0.19         0.14         0.47         0.66         0.20
        0.82         0.41         0.62         0.52         0.30         0.32         0.83         0.13         1.21
        0.35         0.21         0.14         0.25         0.27         0.28         0.58         0.34         0.75
        0.94         0.04         0.23         0.10         0.26         0.31         0.21         0.30         0.13
        0.32         0.56         0.27         0.17         0.23         0.13         0.20         0.08         0.26
        0.35         0.20         0.18         0.16         0.12         0.14         0.10         0.14         0.18
        0.28         0.18         0.49         0.31         0.42         0.17         0.11         0.17         0.42
        0.74         0.72         0.24         0.37         1.16         0.37         0.31         0.15         0.11
        0.71         0.82         0.58         0.43         0.59         0.44         0.19         0.28         0.54
    604800      9     13
        0.18         0.23         0.20         0.08         0.11         0.09         0.17         0.06         0.09
        0.45         0.40         0.27         0.04         0.09         0.05         0.08         0.09         0.16
        0.48         0.43         0.26         0.05         0.26         0.16         0.15         0.12         0.10
        0.75         0.16         0.32         0.18         0.50         0.12         0.51         0.17         0.28
        0.43         0.27         0.78         0.45         0.62         0.41         0.47         0.38         0.25
        0.13         0.06         0.28         0.49         0.36         0.26         0.77         0.23         0.23
        0.10         0.36         0.04         0.28         0.45         0.28         0.42         0.35         0.16
        0.11         0.05         0.40         0.16         0.24         0.26         0.36         0.36         0.09
        0.17         0.57         0.13         0.28         0.18         0.35         0.69         0.29         0.20
        0.13         0.12         0.08         0.09         0.20         0.53         0.22         0.47         0.42
        0.18         0.22         0.23         0.20         0.14         0.31         0.41         0.53         0.96
        0.14         0.28         0.34         0.21         0.15         0.42         0.42         0.83         0.77
        0.67         0.20         0.10         0.13         0.31         0.26         0.45         0.67         0.77
    691200      9     13
        0.02         0.12         0.09         0.10         0.21         0.04         0.02         0.01         0.01
        0.10         0.02         0.01         0.02         0.02         0.02         0.01         0.01         0.04
        0.04         0.01         0.13         0.07         0.10         0.07         0.03         0.02         0.09
        0.06         0.02         0.32         0.44         0.33         0.03         0.04         0.01         0.08
        0.08         0.03         0.08         0.17         0.98         0.17         0.02         0.10         0.06
        0.08         0.10         0.13         0.53         0.51         0.25         0.32         0.07         0.23
        0.11         0.12         0.26         0.22         0.43         0.18         0.27         0.05         0.22
        0.14         0.18         0.16         0.05         0.03         0.06         0.10         0.21         0.22
        0.15         0.07         0.04         0.04         0.03         0.11         0.26         0.28         0.32
        0.08         0.12         0.09         0.18         0.18         0.09         0.27         0.21         0.15
        0.03         0.36         0.49         0.06         0.09         0.09         0.30         0.27         0.19
        0.96         0.83         0.17         0.59         0.25         0.05         0.20         0.28         0.31
        0.79         0.79         0.36         0.19         0.38         0.26         0.35         0.88         0.74
    777600      9     13
        0.38         0.16         0.04         0.01         0.03         0.10         0.05         0.05         0.11
        0.17         0.22         0.08         0.16         0.12         0.26         0.07         0.07         0.09
        0.32         0.19         0.16         0.06         0.10         0.13         0.04         0.13         0.25
        0.41         0.20         0.07         0.02         0.22         0.14         0.23         0.12         0.17
        0.35         0.14         0.19         0.07         0.09         0.19         0.10         0.10         0.21
        0.26         0.10         0.18         0.53         0.27         0.18         0.21         0.30         0.45
        0.15         0.34         0.21         0.46         0.14         0.26         0.30         0.20         0.27
        0.40         0.22         0.07         0.13         0.15         0.08         0.19         0.20         0.20
        0.18         0.27         0.15         0.17         0.10         0.15         0.37         0.34         0.25
        0.22         0.32         0.40         0.35         0.11         0.19         0.14         0.24         0.40
        0.27         0.49         0.60         0.17         0.05         0.13         0.19         0.46         0.34
        0.48         0.40         0.35         0.42         0.10         0.08         0.10         0.20         0.11
        0.36         0.41         0.53         0.18         0.18         0.14         0.18         0.26         0.32