         0      9     13
        2.62         0.77         0.58         1.20         0.90         1.63         1.54         1.61         1.08
        2.10         1.02         1.23         1.64         1.19         0.83         0.86         1.09         0.97
        1.82         1.52         1.34         1.50         0.81         1.01         0.99         1.75         0.58
        1.02         2.04         1.26         1.30         1.06         1.41         1.28         1.10         0.90
        0.96         1.67         1.50         1.49         1.00         1.44         1.36         1.41         0.78
        1.80         1.55         1.42         1.69         1.37         1.29         1.38         0.88         1.29
        1.98         1.06         1.53         1.32         1.36         1.61         1.58         1.70         1.86
        1.67         1.65         1.64         1.12         1.09         1.58         1.34         1.32         2.87
        0.97         1.19         1.62         1.86         1.15         1.27         1.49         1.35         1.25
        1.52         1.31         0.94         1.10         0.94         1.06         1.26         1.54         0.98
        1.26         1.24         1.33         1.46         0.94         0.58         0.99         0.68         1.06
        0.45         1.08         1.49         1.10         0.25         0.57         0.31         0.77         1.07
        0.82         1.11         1.55         0.79         0.29         0.91         0.42         0.64         1.08
     86400      9     13
        0.67         0.87         0.97         0.78         0.60         0.62         0.68         0.86         0.89
        1.12         0.55         0.91         1.09         0.63         0.12         0.90         0.38         1.02
        1.71         0.80         0.61         0.49         0.47         0.34         0.62         0.45         0.83
        1.14         0.50         1.22         0.40         0.60         0.31         0.64         0.34         0.76
        0.84         0.59         0.47         0.64         0.41         0.54         0.66         0.70         1.43
        0.97         0.56         0.49         0.59         0.70         0.74         0.49         0.95         3.12
        0.86         0.83         0.39         0.74         0.62         0.48         0.61         0.74         0.67
        0.91         1.09         0.77         0.55         0.78         0.77         1.04         0.97         1.07
        1.25         0.72         1.03         0.83         0.77         1.41         1.08         1.28         1.28
        1.15         1.19         0.55         0.77         1.37         1.04         1.04         0.95         1.44
        2.31         1.40         0.65         0.92         0.85         1.05         0.80         0.97         0.80
        1.23         1.28         0.62         0.75         0.80         0.69         1.22         1.45         1.61
        1.14         1.18         0.92         0.98         2.35         0.82         1.42         1.27         1.04
    172800      9     13
        1.26         1.34         1.02         0.64         0.55         1.09         0.80         0.90         0.62
        1.48         0.67         0.61         0.86         0.79         0.66         0.94         0.70         0.74
        1.05         0.63         0.86         0.51         0.84         0.28         0.42         0.94         1.03
        1.08         0.61         1.25         0.41         1.19         0.40         0.90         0.64         0.51
        0.93         0.67         0.58         0.76         1.37         0.70         0.83         0.89         0.92
        1.41         0.85         0.58         0.51         1.24         0.51         0.96         1.47         0.78
        1.63         0.73         1.15         0.69         1.24         0.77         0.90         0.95         1.27
        0.72         0.44         0.73         0.73         1.17         1.01         1.03         1.05         0.99
        0.84         1.39         0.87         0.93         0.43         0.90         1.03         0.99         1.01
        1.03         1.10         1.60         1.05         1.16         0.72         0.55         1.19         1.16
        1.15         1.38         1.09         0.90         0.59         0.36         1.16         0.89         1.11
        0.89         1.32         1.29         1.15         0.58         1.06         0.64         0.42         0.74
        1.04         0.78         0.92         0.98         1.09         0.97         0.68         0.87         1.07
    259200      9     13
        1.14         0.45         0.86         0.53         0.16         0.68         0.69         0.59         0.74
        1.02         0.72         0.71         0.82         0.65         0.92         0.71         0.75         0.72
        0.76         0.69         0.98         0.41         0.37         0.97         0.39         0.52         1.40
        0.43         0.55         1.47         0.77         0.75         0.34         0.74         0.72         0.44
        0.27         0.28         1.30         0.51         0.75         1.12         0.80         0.86         0.51
        0.37         0.46         0.75         0.79         1.09         0.81         0.55         0.45         1.29
        1.05         0.63         1.01         0.95         1.19         0.58         0.86         1.04         0.71
        0.58         0.43         1.18         0.92         0.82         0.28         0.58         0.63         0.99
        0.74         0.80         0.71         1.14         0.40         1.30         0.77         0.65         1.20
        0.85         0.66         0.75         0.78         0.37         0.41         0.59         0.70         0.61
        0.94         0.63         1.23         0.62         0.52         0.60         0.85         0.61         0.40
        0.51         0.77         0.95         1.63         0.78         0.89         0.70         0.33         0.55
        0.36         0.51         0.66         0.60         0.68         1.42         0.56         0.54         0.67
    345600      9     13
        0.65         0.87         0.89         0.72         0.38         0.38         0.67         0.86         0.49
        0.68         0.88         0.55         0.48         0.38         0.48         0.37         0.28         0.16
        0.58         0.44         0.49         0.51         0.20         0.13         0.21         0.39         0.38
        0.37         0.16         0.30         0.50         0.28         0.25         0.37         0.27         0.47
        0.34         0.28         0.25         0.21         0.25         0.29         0.34         0.38         0.58
        0.32         0.20         0.18         0.21         0.10         0.21         0.42         0.60         0.74
        0.33         0.38         0.24         0.19         0.20         0.30         0.45         0.65         0.77
        0.37         0.34         0.42         0.35         0.34         0.40         0.46         0.55         0.50
        0.29         0.41         0.50         0.49         0.24         0.32         0.46         0.49         0.30
        0.64         0.65         0.45         0.35         0.34         0.34         0.25         0.26         0.26
        0.73         0.58         0.43         0.26         0.28         0.26         0.39         0.26         0.50
        0.65         0.46         0.47         0.33         0.22         0.47         0.19         0.40         0.72
        0.53         0.46         0.53         0.48         0.32         0.66         0.27         0.66         0.75
    432000      9     13
        0.25         0.25         0.35         0.31         0.21         0.23         0.18         0.17         0.26
        0.30         0.32         0.32         0.25         0.24         0.28         0.29         0.37         0.31
        0.34         0.47         0.24         0.25         0.19         0.20         0.17         0.41         0.27
        0.19         0.35         0.53         0.51         0.50         0.28         0.15         0.45         0.23
        0.17         0.28         0.44         0.61         0.80         0.41         0.50         0.44         0.39
        0.32         0.31         0.44         0.64         0.79         0.57         0.45         0.32         0.57
        0.44         0.27         0.48         0.48         0.45         0.50         0.36         0.50         0.74
        0.46         0.57         0.28         0.20         0.48         0.36         0.32         0.21         0.47
        0.63         0.70         0.47         0.50         0.50         0.27         0.12         0.11         0.26
        0.65         0.89         0.74         0.80         0.24         0.17         0.05         0.30         0.08
        0.83         1.05         0.73         0.27         0.16         0.09         0.04         0.05         0.07
        0.65         0.79         0.70         0.49         0.14         0.08         0.04         0.08         0.08
        0.44         0.37         0.62         0.25         0.32         0.03         0.14         0.11         0.06
    518400      9     13
        0.14         0.13         0.09         0.07         0.22         0.13         0.10         0.08         0.04
        0.23         0.33         0.10         0.08         0.04         0.05         0.12         0.32         0.08
        0.24         0.30         0.16         0.10         0.07         0.08         0.53         0.25         0.16
        0.17         0.25         0.40         0.30         0.26         0.26         0.26         0.08         0.25
        0.23         0.33         0.23         0.13         0.28         0.19         0.34         0.19         0.21
        0.25         0.17         0.18         0.31         0.23         0.16         0.28         0.14         0.11
        0.16         0.22         0.17         0.15         0.19         0.14         0.09         0.17         0.07
        0.27         0.15         0.37         0.07         0.16         0.19         0.39         0.28         0.08
        0.28         0.17         0.28         0.41         0.19         0.17         0.22         0.35         0.09
        0.47         0.54         0.54         0.29         0.43         0.19         0.10         0.08         0.08
        0.41         0.49         0.26         0.25         0.18         0.09         0.15         0.07         0.06
        0.20         0.44         0.32         0.40         0.19         0.33         0.06         0.01         0.17
        0.37         0.30         0.64         0.46         0.38         0.64         0.11         0.16         0.11
    604800      9     13
        0.59         0.46         0.60         0.52         0.32         0.29         0.13         0.40         0.79
        0.55         0.65         0.53         0.49         0.43         0.34         0.23         0.40         0.39
        0.41         0.45         0.33         0.44         0.25         0.26         0.19         0.27         0.29
        0.32         0.38         0.28         0.66         0.44         0.25         0.08         0.06         0.33
        0.06         0.15         0.23         0.42         0.72         0.16         0.05         0.31         0.61
        0.17         0.10         0.10         0.11         0.64         0.10         0.02         0.04         0.66
        0.06         0.39         0.05         0.03         0.11         0.07         0.02         0.04         0.29
        0.17         0.03         0.24         0.04         0.03         0.02         0.02         0.03         0.21
        0.03         0.06         0.06         0.11         0.05         0.02         0.06         0.26         0.28
        0.14         0.35         0.29         0.20         0.10         0.02         0.03         0.15         0.32
        0.07         0.13         0.36         0.17         0.04         0.05         0.06         0.02         0.04
        0.12         0.32         0.55         0.58         0.16         0.08         0.11         0.01         0.01
        0.73         0.32         0.63         0.60         0.31         0.76         0.13         0.02         0.00
    691200      9     13
        0.97         1.06         0.81         0.52         0.38         0.31         0.79         0.63         0.67
        0.67         0.95         0.68         0.58         0.50         0.49         0.53         0.86         0.79
        0.89         0.51         0.42         0.59         0.36         0.39         0.65         0.92         0.71
        0.61         0.48         0.65         0.79         0.55         0.37         0.41         0.27         0.98
        0.56         0.81         0.57         0.63         1.27         0.46         0.16         0.73         0.94
        0.62         0.75         0.66         0.49         0.91         0.63         0.62         0.68         0.98
        0.36         0.49         0.41         0.53         0.66         0.60         0.89         0.87         0.84
        0.59         0.53         0.61         0.56         0.84         0.75         0.70         0.45         0.94
        0.33         0.41         0.65         0.84         0.44         0.64         0.95         0.89         0.39
        0.62         0.73         0.63         0.73         0.50         0.45         0.79         0.72         0.77
        0.79         0.68         0.96         0.54         0.42         0.54         0.21         0.29         0.51
        0.62         0.82         0.83         0.95         0.36         0.60         0.56         0.21         0.23
        0.42         0.51         0.54         0.37         0.43         1.20         0.57         0.26         0.52
    777600      9     13
        0.26         0.18         0.28         0.31         0.19         0.12         0.44         0.63         0.43
        0.32         0.10         0.18         0.34         0.34         0.40         0.31         0.47         0.16
        0.28         0.18         0.21         0.24         0.06         0.16         0.40         0.80         0.67
        0.09         0.42         0.50         0.93         0.42         0.21         0.52         0.47         0.32
        0.22         0.34         0.70         0.60         0.87         0.24         0.60         0.70         0.48
        0.61         0.59         0.36         0.34         0.61         0.35         0.77         0.89         0.89
        0.52         0.53         0.20         0.51         0.51         0.36         0.85         0.77         1.22
        0.67         0.42         0.72         0.39         0.26         0.53         0.34         1.41         1.59
        0.34         0.50         0.61         0.67         0.20         0.45         1.02         0.53         0.93
        1.28         1.12         0.55         0.57         0.59         0.68         0.55         0.66         0.80
        0.65         0.88         1.00         0.53         0.31         0.32         0.05         0.48         0.39
        0.85         1.22         1.63         0.97         0.22         0.45         0.51         0.05         0.41
        1.32         1.32         1.21         0.74         0.41         1.16         0.37         0.25         0.43