         0      9     13
        1.13         0.85         0.61         0.47         0.59         0.39         0.29         0.17         0.31
        0.87         0.64         0.54         0.52         0.34         0.29         0.17         0.17         0.23
        0.58         0.47         0.52         0.52         0.24         0.22         0.39         0.16         0.20
        0.41         0.52         0.48         0.51         0.40         0.37         0.35         0.17         0.18
        0.36         0.34         0.34         0.38         0.48         0.39         0.19         0.29         0.27
        0.23         0.21         0.38         0.44         0.64         0.35         0.33         0.34         0.33
        0.24         0.23         0.30         0.40         0.30         0.27         0.25         0.23         0.15
        0.30         0.22         0.28         0.30         0.29         0.25         0.22         0.17         0.14
        0.22         0.26         0.30         0.29         0.19         0.11         0.24         0.20         0.19
        0.24         0.40         0.28         0.16         0.10         0.07         0.21         0.16         0.53
        0.32         0.36         0.31         0.10         0.04         0.08         0.08         0.22         0.91
        0.44         0.27         0.30         0.08         0.15         0.21         0.05         0.72         0.72
        0.19         0.31         0.26         0.12         0.21         0.10         0.21         1.06         0.29
     86400      9     13
        0.68         0.55         0.49         0.53         0.64         0.29         0.24         0.25         0.23
        0.47         0.71         0.52         0.49         0.24         0.23         0.31         0.21         0.20
        0.55         0.57         0.35         0.37         0.26         0.23         0.49         0.25         0.19
        0.35         0.63         0.34         0.80         0.46         0.43         0.32         0.18         0.18
        0.15         0.40         0.42         0.21         0.36         0.26         0.23         0.24         0.25
        0.12         0.24         0.19         0.07         0.21         0.21         0.18         0.33         0.35
        0.13         0.21         0.26         0.07         0.23         0.18         0.20         0.16         0.22
        0.16         0.16         0.39         0.09         0.17         0.14         0.16         0.13         0.11
        0.21         0.26         0.27         0.19         0.13         0.17         0.08         0.05         0.07
        0.82         0.92         0.41         0.18         0.12         0.02         0.07         0.04         0.05
        1.18         0.83         0.47         0.31         0.08         0.10         0.12         0.02         0.01
        0.72         1.09         0.81         0.54         0.29         0.34         0.23         0.04         0.06
        0.53         0.25         0.66         0.24         0.40         0.80         0.19         0.15         0.03
    172800      9     13
        0.52         0.26         0.68         0.78         0.92         0.19         0.38         0.53         0.16
        0.93         0.75         0.78         0.94         0.53         0.35         0.60         0.67         0.20
        0.62         0.77         0.70         0.67         0.46         0.40         0.78         0.32         0.18
        0.56         0.48         1.52         1.38         0.65         0.38         0.14         0.08         0.37
        0.17         0.33         0.69         0.31         1.04         0.21         0.13         0.45         0.35
        0.11         0.39         0.54         0.42         0.72         0.25         0.33         0.26         0.21
        0.29         0.41         0.50         0.64         0.71         0.36         0.54         0.26         0.25
        1.01         0.28         1.01         0.15         0.55         0.21         0.19         0.24         0.20
        0.35         0.69         0.59         0.37         0.13         0.46         0.21         0.19         0.12
        0.52         0.38         0.33         0.60         0.38         0.09         0.12         0.18         0.10
        0.43         0.40         0.44         0.22         0.15         0.16         0.09         0.17         0.10
        0.51         0.88         0.72         0.79         0.25         0.13         0.23         0.08         0.11
        0.28         0.41         0.68         0.51         0.51         1.50         0.55         0.11         0.12
    259200      9     13
        0.14         0.14         0.30         0.39         0.36         0.21         0.09         0.19         0.12
        0.35         0.45         0.26         0.15         0.41         0.15         0.15         0.48         0.10
        0.34         0.24         0.23         0.28         0.16         0.34         0.58         0.50         0.45
        0.19         0.35         0.55         1.55         0.37         0.24         0.11         0.31         0.24
        0.29         0.31         0.28         0.99         0.50         0.24         0.07         0.45         0.23
        0.27         0.58         0.43         0.38         0.50         0.49         0.47         0.41         0.27
        0.31         0.65         0.30         0.53         0.44         0.34         0.46         0.36         0.27
        0.29         0.38         0.27         0.21         0.35         0.16         0.18         0.22         0.13
        0.43         0.40         0.37         0.66         0.26         0.28         0.42         0.23         0.28
        0.74         0.71         0.85         1.09         0.43         0.20         0.07         0.46         0.29
        0.45         0.52         1.03         0.81         0.36         0.34         0.11         0.31         0.49
        0.39         0.53         0.47         0.71         0.23         0.38         0.56         0.14         0.20
        0.50         0.63         0.48         0.78         0.46         1.28         0.91         0.40         0.26
    345600      9     13
        0.03         0.04         0.08         0.09         0.07         0.05         0.05         0.02         0.01
        0.12         0.34         0.09         0.19         0.10         0.06         0.04         0.06         0.13
        0.21         0.09         0.13         0.33         0.10         0.06         0.47         0.38         0.04
        0.14         0.09         0.56         1.06         0.31         0.13         0.13         0.12         0.16
        0.28         0.31         0.40         0.96         1.00         0.29         0.03         0.21         0.42
        0.43         0.39         0.56         0.63         0.92         0.15         0.07         0.21         0.41
        0.81         0.73         0.23         0.20         0.46         0.11         0.14         0.11         0.86
        0.78         0.41         0.45         0.31         0.22         0.07         0.04         0.12         0.37
        0.37         0.61         0.90         0.60         0.19         0.10         0.04         0.13         0.10
        0.56         0.66         0.42         0.61         0.27         0.14         0.43         0.82         0.42
        1.00         0.59         0.68         0.31         0.16         0.14         0.24         0.35         0.43
        0.43         0.50         0.60         0.61         0.38         0.32         0.67         0.23         0.15
        0.48         0.60         0.55         0.73         0.40         0.87         0.28         0.17         0.07
    432000      9     13
        0.08         0.44         0.33         0.29         0.41         0.13         0.36         0.13         0.34
        0.06         0.05         0.08         0.04         0.45         0.35         0.13         0.19         0.22
        0.01         0.03         0.09         0.09         0.06         0.09         0.16         0.10         0.09
        0.01         0.02         0.22         0.43         0.35         0.08         0.05         0.32         0.13
        0.03         0.05         0.07         0.46         0.57         0.11         0.10         0.13         0.31
        0.02         0.02         0.05         0.06         0.54         0.09         0.10         0.13         0.45
        0.03         0.08         0.05         0.12         0.14         0.11         0.22         0.12         0.40
        0.05         0.02         0.12         0.08         0.15         0.08         0.14         0.37         0.26
        0.03         0.09         0.24         0.09         0.20         0.20         0.36         0.24         0.32
        0.14         0.28         0.10         0.22         0.11         0.34         0.24         0.14         0.27
        0.13         0.23         0.28         0.28         0.14         0.12         0.16         0.17         0.14
        0.32         0.23         0.51         0.58         0.21         0.26         0.63         0.18         0.30
        0.16         0.15         0.22         0.48         0.24         0.71         0.35         0.23         0.45
    518400      9     13
        1.30         0.77         0.60         0.42         0.46         0.36         0.73         0.78         0.94
        0.97         0.78         0.53         0.49         0.48         0.65         0.71         0.69         0.42
        0.73         0.67         0.48         1.03         0.16         1.11         0.47         0.76         0.46
        0.20         0.63         0.62         1.58         0.82         0.68         0.63         0.96         0.43
        0.23         0.58         0.57         1.31         1.01         0.34         0.65         0.48         0.52
        0.80         0.31         0.52         0.78         0.55         0.62         0.55         0.42         0.90
        0.52         0.77         0.33         0.86         0.45         0.42         0.26         0.78         1.11
        0.45         0.28         1.07         0.31         0.44         0.65         0.82         0.78         0.70
        0.45         0.91         1.36         0.75         0.24         1.03         0.67         0.80         0.94
        0.92         1.32         1.22         0.49         0.58         0.83         0.24         0.87         0.62
        1.24         1.20         1.04         0.32         0.19         0.27         0.18         0.28         0.58
        1.33         1.18         0.95         0.61         0.21         0.76         0.39         0.12         0.21
        1.21         0.79         0.73         0.54         0.30         1.09         0.29         0.27         0.71
    604800      9     13
        0.70         1.26         1.28         0.76         0.67         0.47         0.60         0.73         0.64
        0.77         1.02         0.92         0.89         0.66         0.68         0.87         0.74         0.20
        0.73         0.93         0.65         0.51         0.23         0.89         0.75         0.69         0.38
        0.38         1.06         0.56         0.95         0.80         0.57         0.86         0.55         0.58
        0.33         0.70         0.80         1.00         0.97         0.64         1.03         0.78         0.35
        0.48         0.59         0.69         1.04         1.46         1.00         0.93         0.67         0.89
        0.51         0.57         1.26         1.81         1.39         0.61         0.85         0.80         0.67
        0.58         1.07         1.53         0.67         0.55         0.50         0.60         0.84         0.55
        1.24         1.00         0.70         0.62         0.40         0.91         0.86         0.79         0.76
        1.08         0.91         0.76         0.55         0.58         0.12         0.33         1.17         0.51
        1.15         1.05         0.81         0.59         0.36         0.21         0.30         0.54         0.25
        1.17         1.16         1.14         0.90         0.59         0.58         0.42         0.09         0.42
        1.13         1.22         0.80         0.56         0.52         1.08         0.29         0.11         0.37
    691200      9     13
        0.58         0.73         0.61         0.10         0.19         0.21         0.11         0.17         0.41
        0.65         0.81         0.47         0.25         0.19         0.14         0.19         0.74         0.16
        0.19         0.18         0.20         0.24         0.11         0.14         0.20         0.40         0.18
        0.49         0.51         1.05         1.42         0.71         0.66         0.24         0.51         0.65
        0.41         0.21         0.22         0.94         1.73         1.28         1.06         0.94         0.65
        0.56         0.35         0.34         0.75         1.46         0.84         0.57         0.91         0.48
        0.82         0.89         0.42         0.84         0.67         0.50         0.56         0.56         0.47
        0.48         0.43         0.81         0.38         0.34         0.22         0.42         0.55         0.66
        0.43         0.40         0.56         0.32         0.17         0.41         0.54         0.62         0.60
        0.81         0.72         0.37         0.59         0.31         0.16         0.30         0.76         0.68
        0.66         0.68         1.05         0.59         0.42         0.39         0.34         0.83         0.70
        0.53         1.79         1.30         1.16         0.53         0.45         0.47         0.18         0.33
        1.32         1.29         1.07         0.89         0.66         1.23         0.40         0.16         0.47
    777600      9     13
        0.48         0.46         0.41         0.32         0.21         0.30         0.17         0.41         0.44
        0.37         0.45         0.26         0.16         0.57         0.18         0.28         0.54         0.28
        0.48         0.40         0.16         0.53         0.32         0.14         0.66         1.30         0.28
        0.10         0.20         0.40         1.88         0.49         0.31         0.71         0.71         0.84
        0.10         0.21         0.34         1.31         0.93         0.32         0.07         0.45         0.84
        0.34         0.17         0.19         0.82         1.31         0.35         0.08         0.24         0.94
        0.20         0.58         0.10         0.18         0.53         0.22         0.32         0.22         0.69
        0.56         0.11         0.50         0.17         0.21         0.11         0.11         0.16         0.27
        0.43         0.34         0.64         0.32         0.35         0.05         0.08         0.42         0.28
        0.76         0.63         0.75         0.92         0.30         0.29         0.72         0.44         0.26
        0.48         0.25         0.81         0.37         0.25         0.14         0.05         0.23         0.28
        0.27         0.39         0.69         0.88         0.52         0.23         0.23         0.22         0.28
        0.43         0.23         0.68         0.65         0.64         1.02         0.59         0.30         0.28