         0      9     13
        1.33         0.95         1.26         0.81         1.14         0.40         0.66         0.60         1.25
        0.55         0.63         0.62         0.55         1.23         0.89         0.55         0.91         0.45
        0.51         0.56         0.60         1.34         0.54         0.37         0.53         1.45         0.35
        0.21         0.54         0.57         1.58         0.82         0.41         0.77         1.01         1.13
        0.20         0.37         0.37         1.21         1.02         0.72         0.58         1.69         1.78
        0.21         0.33         0.50         0.74         0.95         0.37         0.83         1.36         1.65
        0.17         0.52         0.20         0.97         0.47         0.40         1.09         1.52         1.23
        0.45         0.29         0.58         0.14         0.29         0.47         0.43         1.17         1.09
        0.36         0.30         0.31         0.40         0.43         0.45         0.57         0.75         1.09
        0.79         0.81         0.64         0.65         0.45         0.56         0.41         0.77         0.80
        0.79         0.76         0.89         0.42         0.40         0.48         0.42         0.95         0.25
        1.08         0.90         0.67         0.91         0.39         0.37         0.37         0.48         0.23
        0.83         0.49         0.38         0.59         0.59         1.15         0.14         0.22         0.42
     86400      9     13
        0.86         1.06         1.37         0.80         1.15         0.32         0.32         0.23         0.80
        0.84         1.07         0.76         0.76         0.92         0.41         0.48         0.23         0.13
        0.73         0.66         0.71         0.82         0.50         0.24         0.54         0.36         0.24
        0.09         0.97         1.09         1.16         0.36         0.26         0.32         0.49         0.85
        0.23         0.30         0.74         1.03         1.24         0.20         0.83         0.97         0.98
        0.34         0.30         0.45         0.95         0.70         0.41         0.51         0.69         0.76
        0.24         0.59         0.27         0.85         0.27         0.30         0.41         0.57         0.95
        0.27         0.42         0.73         0.19         0.40         0.25         0.26         0.41         0.65
        0.30         0.34         0.35         0.43         0.20         0.19         0.26         0.42         0.44
        0.60         0.32         0.56         0.60         0.43         0.70         0.23         0.39         0.35
        0.65         0.48         0.32         0.21         0.09         0.16         0.51         0.29         0.26
        0.21         0.41         0.55         0.26         0.25         0.15         0.17         0.21         0.26
        0.36         0.25         0.46         0.66         0.26         1.00         0.08         0.16         0.14
    172800      9     13
        0.75         1.24         0.62         0.55         0.51         0.23         0.47         0.34         0.24
        0.60         0.94         0.78         0.79         0.81         0.53         0.61         0.26         0.16
        0.36         0.59         0.37         0.58         0.29         0.26         0.52         0.41         0.35
        0.22         0.87         0.72         1.07         0.63         0.20         0.57         0.38         0.69
        0.18         0.42         0.70         0.95         1.12         0.28         0.63         0.63         0.72
        0.33         0.48         0.63         0.71         0.71         0.56         0.76         0.62         1.30
        0.39         0.50         0.13         0.74         0.52         0.56         0.90         0.74         1.42
        0.31         0.19         0.37         0.06         0.35         0.28         0.76         1.08         1.17
        0.14         0.31         0.22         0.33         0.08         0.16         0.95         0.83         0.66
        0.59         0.35         0.63         0.21         0.24         0.44         0.05         0.29         0.26
        0.55         0.41         0.29         0.19         0.07         0.18         0.22         0.26         0.21
        0.36         0.64         0.43         0.62         0.08         0.25         0.25         0.19         0.24
        0.65         0.57         0.65         0.47         0.17         0.84         0.15         0.14         0.24
    259200      9     13
        0.26         0.06         0.13         0.08         0.14         0.05         0.12         0.19         0.13
        0.17         0.09         0.08         0.12         0.16         0.15         0.17         0.23         0.08
        0.10         0.09         0.13         0.16         0.03         0.23         0.40         0.10         0.16
        0.08         0.31         0.11         0.45         0.18         0.14         0.25         0.08         0.16
        0.26         0.12         0.12         0.36         0.20         0.12         0.26         0.15         0.30
        0.14         0.09         0.23         0.14         0.08         0.18         0.14         0.05         0.52
        0.39         0.31         0.15         0.34         0.20         0.25         0.18         0.09         0.49
        0.29         0.07         0.24         0.14         0.35         0.26         0.24         0.21         0.22
        0.25         0.14         0.09         0.24         0.25         0.30         0.13         0.28         0.17
        0.17         0.10         0.09         0.20         0.46         0.35         0.14         0.24         0.08
        0.28         0.35         0.26         0.16         0.15         0.38         0.19         0.26         0.18
        0.18         0.50         0.29         0.23         0.13         0.32         0.15         0.13         0.16
        0.19         0.22         0.18         0.37         0.23         0.77         0.23         0.17         0.28
    345600      9     13
        0.06         0.05         0.14         0.06         0.08         0.08         0.06         0.06         0.04
        0.06         0.06         0.05         0.06         0.07         0.04         0.04         0.05         0.05
        0.07         0.03         0.10         0.12         0.06         0.05         0.13         0.08         0.02
        0.06         0.06         0.04         0.49         0.20         0.12         0.05         0.02         0.12
        0.08         0.14         0.05         0.10         0.50         0.11         0.05         0.08         0.12
        0.04         0.06         0.08         0.04         0.13         0.09         0.05         0.03         0.14
        0.03         0.06         0.06         0.08         0.10         0.10         0.06         0.04         0.03
        0.06         0.03         0.06         0.05         0.05         0.03         0.05         0.04         0.04
        0.04         0.10         0.10         0.06         0.03         0.04         0.02         0.03         0.03
        0.12         0.02         0.03         0.03         0.10         0.04         0.02         0.05         0.03
        0.02         0.05         0.04         0.06         0.04         0.07         0.09         0.13         0.05
        0.01         0.04         0.15         0.07         0.04         0.07         0.13         0.02         0.10
        0.02         0.03         0.03         0.08         0.09         0.49         0.03         0.02         0.13
    432000      9     13
        0.01         0.01         0.04         0.02         0.02         0.04         0.03         0.02         0.01
        0.01         0.03         0.02         0.02         0.04         0.01         0.01         0.04         0.04
        0.02         0.01         0.02         0.06         0.04         0.02         0.04         0.07         0.01
        0.03         0.01         0.02         0.15         0.05         0.05         0.06         0.00         0.06
        0.02         0.04         0.02         0.04         0.07         0.04         0.01         0.02         0.12
        0.03         0.03         0.07         0.03         0.04         0.04         0.01         0.03         0.01
        0.01         0.02         0.02         0.02         0.04         0.02         0.01         0.01         0.03
        0.01         0.01         0.04         0.07         0.06         0.03         0.02         0.02         0.02
        0.01         0.03         0.03         0.07         0.06         0.03         0.01         0.01         0.01
        0.03         0.02         0.01         0.01         0.02         0.01         0.00         0.02         0.00
        0.01         0.01         0.01         0.05         0.01         0.01         0.01         0.03         0.01
        0.02         0.02         0.04         0.07         0.09         0.06         0.10         0.10         0.02
        0.03         0.04         0.06         0.10         0.07         0.34         0.06         0.01         0.02
    518400      9     13
        0.34         0.06         0.14         0.13         0.26         0.05         0.25         0.36         0.39
        0.30         0.18         0.11         0.26         0.31         0.54         0.17         0.31         0.32
        0.34         0.21         0.20         0.22         0.18         0.22         0.31         0.69         0.22
        0.03         0.20         0.12         0.45         0.22         0.04         0.32         0.18         0.26
        0.12         0.07         0.23         0.30         0.61         0.10         0.08         0.23         0.31
        0.16         0.16         0.11         0.36         0.73         0.06         0.03         0.40         0.40
        0.03         0.03         0.07         0.02         0.03         0.01         0.03         0.14         0.37
        0.00         0.01         0.02         0.06         0.02         0.01         0.00         0.00         0.06
        0.01         0.01         0.10         0.02         0.04         0.00         0.00         0.01         0.09
        0.03         0.06         0.01         0.01         0.01         0.00         0.01         0.07         0.04
        0.01         0.02         0.08         0.04         0.01         0.01         0.01         0.00         0.10
        0.03         0.07         0.11         0.31         0.06         0.02         0.12         0.02         0.06
        0.08         0.04         0.16         0.19         0.13         0.41         0.08         0.00         0.02
    604800      9     13
        0.36         0.87         0.47         0.82         0.35         0.17         0.60         0.97         0.72
        0.71         0.70         0.80         0.39         0.41         0.33         0.46         0.31         0.65
        0.42         0.60         0.35         0.32         0.12         0.11         0.42         0.60         0.51
        0.33         0.70         0.44         0.82         0.57         0.26         0.40         0.56         0.51
        0.30         0.54         0.54         0.44         0.69         0.25         0.46         0.65         1.00
        0.86         0.26         0.27         0.21         0.37         0.32         0.48         0.95         1.02
        0.19         0.61         0.04         0.20         0.11         0.16         0.72         0.91         0.99
        0.22         0.20         0.43         0.22         0.18         0.28         0.91         0.85         0.79
        0.18         0.09         0.46         0.41         0.31         0.64         0.32         0.72         0.60
        0.51         0.65         0.67         0.34         0.48         0.23         0.82         1.19         0.39
        0.64         0.34         0.21         0.17         0.17         0.50         0.32         0.85         1.08
        0.25         0.27         0.43         0.48         0.28         0.37         0.26         0.26         0.16
        0.09         0.12         0.11         0.36         0.23         1.22         0.38         0.13         0.15
    691200      9     13
        0.68         0.90         0.61         0.65         0.47         0.21         0.31         0.38         0.25
        0.51         0.65         0.57         0.23         0.64         0.28         0.20         0.42         0.24
        0.51         1.00         0.43         0.39         0.17         0.21         0.68         0.54         0.32
        0.21         0.87         0.50         1.16         0.30         0.23         0.56         0.76         0.81
        0.25         0.20         0.44         0.73         0.51         0.44         0.83         0.66         0.52
        0.20         0.26         0.61         0.43         0.88         0.29         1.05         1.04         0.83
        0.34         0.76         0.28         0.82         0.44         0.46         0.82         0.69         0.91
        0.46         0.52         0.42         0.45         0.79         0.90         0.77         0.53         0.42
        0.25         0.35         1.48         0.74         0.34         0.65         0.71         0.92         0.59
        0.33         0.34         0.76         0.77         0.31         0.92         0.85         0.74         1.26
        0.42         0.43         0.40         0.41         0.22         0.67         0.52         0.70         1.15
        0.23         0.52         0.87         0.70         0.24         0.58         0.47         0.48         0.37
        0.25         0.69         0.78         0.59         0.29         1.06         0.23         0.21         0.50
    777600      9     13
        0.62         0.61         0.81         0.83         0.50         0.35         0.48         0.42         0.63
        0.63         1.13         0.63         0.62         0.57         0.37         0.57         0.46         0.24
        0.43         0.93         0.46         0.70         0.56         0.48         0.59         0.36         0.38
        0.17         0.51         0.89         0.76         0.42         0.47         0.40         0.47         0.60
        0.17         0.63         0.54         1.46         1.43         0.56         0.81         0.29         0.72
        0.13         0.30         0.33         0.41         0.75         0.44         0.84         0.93         1.34
        0.32         0.72         0.18         0.58         0.69         0.37         0.83         0.78         0.86
        0.64         0.59         0.35         0.30         0.21         0.24         0.28         0.41         0.38
        0.42         0.32         0.76         0.40         0.24         0.27         0.27         0.51         0.65
        0.35         0.32         0.43         0.30         0.60         0.63         0.29         0.37         0.25
        0.42         0.12         0.10         0.19         0.12         0.17         0.28         0.45         0.25
        0.15         0.21         0.25         0.31         0.09         0.13         0.19         0.32         0.15
        0.14         0.28         0.42         0.48         0.20         0.78         0.11         0.16         0.30