         0      9     13
        0.71         1.18         1.33         0.70         0.37         0.25         0.25         0.15         0.44
        0.99         1.25         0.61         0.49         0.28         0.30         0.21         0.66         0.44
        0.51         0.69         0.62         0.51         0.33         0.30         0.54         0.87         0.12
        0.16         1.15         0.32         1.19         0.24         0.26         0.55         0.45         0.50
        0.16         0.47         0.71         1.19         1.08         0.20         0.45         0.49         0.44
        0.15         0.35         0.61         0.75         0.67         0.18         0.43         0.67         0.49
        0.33         0.79         0.44         0.64         0.32         0.31         0.35         0.58         0.60
        0.55         0.28         0.52         0.10         0.24         0.15         0.36         0.51         0.47
        0.19         0.08         0.53         0.34         0.10         0.10         0.51         0.54         0.34
        0.20         0.30         0.69         0.26         0.37         0.41         0.13         0.27         0.27
        0.07         0.18         0.39         0.17         0.11         0.21         0.12         0.22         0.36
        0.21         0.07         0.40         0.97         0.09         0.36         0.10         0.27         0.41
        0.14         0.20         0.33         0.41         0.27         0.95         0.06         0.17         0.84
     86400      9     13
        0.46         0.58         1.25         1.24         0.75         0.31         0.43         0.42         0.56
        0.36         0.70         0.47         0.53         0.78         0.42         0.56         0.90         0.59
        0.23         0.60         0.37         0.66         0.28         0.52         1.12         0.66         0.30
        0.16         0.48         0.37         0.91         0.57         0.39         0.41         0.28         0.81
        0.15         0.31         0.45         1.22         0.71         0.61         0.30         0.62         0.92
        0.26         0.29         0.22         0.45         0.51         0.48         0.12         0.66         0.95
        0.30         0.32         0.18         0.25         0.17         0.23         0.67         0.30         0.90
        0.22         0.14         0.14         0.14         0.12         0.07         0.07         0.27         0.39
        0.15         0.24         0.50         0.10         0.05         0.05         0.07         0.08         0.15
        0.49         0.45         0.39         0.21         0.13         0.94         0.11         0.22         0.14
        0.14         0.33         0.18         0.14         0.07         0.22         0.04         0.14         0.25
        0.34         0.41         0.55         0.25         0.11         0.10         0.22         0.22         0.10
        0.11         0.39         0.85         0.51         0.21         0.62         0.10         0.08         0.27
    172800      9     13
        0.71         0.52         0.73         1.29         0.76         0.40         0.51         0.95         0.98
        0.57         0.58         0.69         0.81         0.96         0.49         0.27         0.91         1.09
        0.30         0.37         0.82         0.87         0.67         0.29         0.51         1.48         0.81
        0.34         0.85         1.32         1.52         0.59         0.16         1.09         0.65         1.22
        0.42         0.87         0.62         1.36         1.82         0.50         0.56         0.95         1.37
        0.72         0.90         0.57         1.38         1.58         0.51         0.41         1.09         1.41
        0.89         0.97         0.84         0.95         0.73         0.44         0.59         0.61         1.22
        0.58         0.42         0.35         0.57         0.47         0.25         0.29         0.46         0.75
        0.38         0.56         0.92         0.38         0.44         0.36         0.19         0.35         0.43
        0.33         0.40         0.22         0.25         0.30         0.50         0.33         0.53         0.48
        0.27         0.25         0.19         0.38         0.18         0.23         0.12         0.37         0.32
        0.27         0.54         0.60         0.52         0.21         0.22         0.39         0.24         0.33
        0.37         0.53         0.67         0.70         0.44         0.82         0.27         0.14         0.21
    259200      9     13
        1.30         2.42         2.17         1.82         1.58         1.44         1.77         2.20         2.27
        0.78         1.50         1.60         1.71         1.54         1.35         1.44         1.94         1.71
        0.72         1.03         1.65         1.64         0.93         0.87         1.53         1.86         0.97
        0.47         1.16         1.79         1.65         0.95         1.11         1.05         1.59         1.43
        0.42         0.53         1.04         2.45         1.46         0.58         1.16         1.66         1.34
        0.49         0.30         0.63         0.53         1.15         0.52         0.39         1.31         1.19
        0.24         0.36         0.31         0.70         0.73         0.37         0.61         0.54         1.14
        0.20         0.44         0.79         0.52         0.44         0.19         0.25         0.80         1.07
        0.12         0.31         0.68         0.79         0.40         0.20         0.36         0.34         0.86
        0.26         0.75         1.00         0.66         0.29         0.27         0.14         0.27         0.37
        0.13         0.53         0.58         0.28         0.17         0.13         0.11         0.34         0.38
        0.13         0.19         0.37         0.81         0.38         0.32         0.65         0.09         0.14
        0.12         0.28         0.56         0.57         0.48         0.63         0.06         0.02         0.02
    345600      9     13
        1.81         2.42         1.70         1.78         1.37         0.94         0.79         0.52         0.55
        1.72         1.65         1.22         0.95         0.69         0.75         0.32         0.52         0.39
        1.67         1.14         0.93         0.63         0.44         0.57         0.49         0.61         1.07
        0.73         0.88         0.75         1.02         0.84         0.46         0.74         1.16         1.01
        0.56         1.04         0.54         1.19         1.09         0.38         0.86         1.73         2.00
        0.56         0.97         0.39         0.75         1.11         0.59         0.59         1.09         1.94
        0.45         0.67         0.47         1.13         0.35         0.28         1.09         1.24         1.76
        0.56         0.38         0.46         0.19         0.33         0.29         0.42         0.70         0.70
        0.40         0.53         0.31         0.34         0.08         0.65         0.50         0.38         0.48
        0.65         0.36         0.43         0.32         0.26         0.36         0.33         0.38         0.51
        0.48         0.53         0.86         0.27         0.17         0.25         0.25         0.42         0.77
        0.84         0.61         0.65         0.68         0.10         0.23         0.10         0.41         0.52
        0.81         0.60         0.43         0.67         0.35         0.65         0.26         0.30         0.30
    432000      9     13
        0.83         0.94         0.89         0.60         0.28         0.40         0.24         0.46         0.64
        1.10         0.88         0.49         0.30         0.34         0.55         0.43         0.32         0.10
        0.66         0.42         0.28         0.28         0.25         0.27         0.19         0.21         0.41
        0.46         0.84         0.65         0.77         0.45         0.45         0.44         0.53         0.16
        0.15         0.58         0.70         0.60         0.86         0.61         0.48         0.30         0.47
        0.50         0.39         0.52         0.57         0.85         0.57         0.41         0.41         0.77
        0.83         0.58         0.56         0.31         1.04         0.48         0.36         0.36         0.95
        0.19         0.61         0.90         0.37         0.54         0.89         0.73         0.45         0.33
        0.47         0.56         0.49         0.40         0.48         0.70         0.55         0.22         0.49
        0.68         0.44         0.48         0.50         0.54         0.38         0.89         0.58         0.48
        0.55         0.78         0.49         0.29         0.26         0.40         0.40         0.54         0.58
        0.64         0.65         0.39         0.46         0.16         0.39         0.40         0.57         0.55
        0.64         0.62         0.55         0.49         0.55         0.61         0.31         0.39         0.15
    518400      9     13
        0.50         0.57         0.30         0.17         0.33         0.09         0.20         0.05         0.06
        0.31         0.29         0.31         0.50         0.41         0.22         0.11         0.22         0.36
        0.26         0.47         0.40         0.45         0.17         0.17         0.33         0.25         0.06
        0.04         0.25         0.32         0.35         0.27         0.10         0.08         0.23         0.39
        0.11         0.15         0.27         0.69         0.77         0.11         0.18         0.48         0.84
        0.08         0.11         0.29         0.44         0.57         0.23         0.39         0.82         0.47
        0.10         0.20         0.12         0.35         0.32         0.34         0.61         0.71         0.68
        0.04         0.03         0.25         0.28         0.20         0.26         0.47         0.78         0.38
        0.05         0.11         0.23         0.23         0.15         0.16         0.32         0.63         0.72
        0.07         0.20         0.22         0.19         0.31         0.40         0.39         0.57         0.50
        0.08         0.20         0.19         0.25         0.11         0.28         0.25         0.46         0.54
        0.27         0.14         0.30         0.55         0.18         0.17         0.23         0.22         0.81
        0.12         0.37         0.61         0.56         0.37         0.49         0.06         0.21         0.48
    604800      9     13
        0.38         0.44         0.31         0.58         0.17         0.22         0.50         0.16         0.16
        0.40         0.33         0.19         0.17         0.43         0.30         0.16         0.18         0.32
        0.36         0.62         0.18         0.25         0.28         0.08         0.12         0.32         0.22
        0.16         0.26         0.30         0.17         0.21         0.18         0.04         0.11         0.43
        0.03         0.14         0.22         0.25         0.27         0.04         0.17         0.30         0.48
        0.07         0.06         0.09         0.18         0.36         0.10         0.25         0.43         0.47
        0.06         0.16         0.05         0.20         0.18         0.06         0.19         0.30         0.65
        0.12         0.10         0.15         0.06         0.12         0.03         0.05         0.38         0.68
        0.01         0.04         0.08         0.09         0.03         0.06         0.03         0.11         0.41
        0.04         0.02         0.02         0.04         0.03         0.02         0.08         0.10         0.11
        0.01         0.01         0.01         0.04         0.01         0.02         0.07         0.04         0.02
        0.09         0.02         0.09         0.24         0.04         0.05         0.10         0.08         0.05
        0.13         0.02         0.11         0.21         0.03         0.24         0.01         0.04         0.07
    691200      9     13
        1.06         0.92         0.75         0.49         0.24         0.36         0.45         0.49         0.66
        0.76         0.32         0.57         0.39         0.20         0.31         0.21         0.45         0.63
        0.52         0.26         0.13         0.06         0.06         0.10         0.30         0.74         0.31
        0.25         0.07         0.06         0.31         0.40         0.30         0.41         0.77         0.79
        0.01         0.05         0.08         0.28         0.70         0.38         0.29         0.99         0.70
        0.03         0.05         0.08         0.21         0.47         0.33         0.36         1.16         1.16
        0.10         0.12         0.26         0.15         0.42         0.28         0.58         0.89         1.56
        0.03         0.10         0.25         0.13         0.11         0.63         1.05         1.52         1.40
        0.02         0.02         0.12         0.19         0.16         0.46         0.95         1.57         0.83
        0.04         0.03         0.03         0.03         0.38         0.61         0.63         0.88         0.46
        0.01         0.01         0.02         0.09         0.05         0.10         0.22         0.31         1.40
        0.01         0.24         0.14         0.28         0.10         0.11         0.24         0.50         0.67
        0.05         0.09         0.21         0.30         0.34         0.58         0.48         0.21         0.44
    777600      9     13
        0.98         1.45         0.54         0.65         0.45         0.42         0.86         0.40         0.62
        0.81         0.64         0.37         0.41         0.44         0.33         0.45         0.78         0.41
        0.47         0.39         0.50         0.45         0.59         0.45         0.34         0.77         0.48
        0.17         0.77         0.99         1.02         0.55         0.32         0.31         0.48         0.44
        0.15         0.61         0.78         0.74         1.41         0.37         0.47         0.40         0.78
        0.22         0.43         0.64         0.74         0.68         0.46         0.56         0.23         0.75
        0.39         0.55         0.46         0.73         0.42         0.46         0.37         0.54         0.28
        0.81         1.00         0.43         0.30         0.54         0.50         0.42         0.45         0.40
        0.28         0.47         0.48         0.53         0.23         0.19         0.54         0.34         0.39
        0.60         0.40         0.57         0.38         0.43         0.43         0.34         0.43         0.41
        0.57         0.64         0.55         0.18         0.10         0.24         0.12         0.28         0.48
        0.58         1.38         0.83         0.35         0.21         0.17         0.29         0.22         0.33
        1.14         0.71         0.66         1.04         0.23         0.55         0.17         0.15         0.47