         0      9     13
        0.05         0.18         0.25         0.03         0.04         0.10         0.09         0.02         0.06
        0.13         0.09         0.24         0.09         0.09         0.30         0.11         0.06         0.06
        0.12         0.22         0.21         0.27         0.10         0.57         0.06         0.04         0.20
        0.03         0.53         0.20         0.49         0.60         0.35         0.22         0.13         0.39
        0.05         0.05         0.36         0.27         0.45         0.77         0.29         0.24         0.42
        0.07         0.03         0.36         0.16         0.22         0.31         0.23         0.18         0.44
        0.12         0.06         0.36         0.12         0.27         0.39         0.49         0.52         0.23
        0.09         0.23         0.74         0.16         0.26         0.49         0.27         0.58         0.37
        0.59         0.20         0.14         0.14         0.14         0.26         0.23         0.48         0.39
        0.46         0.33         0.25         0.47         0.55         0.50         0.83         0.26         0.45
        0.79         0.56         0.31         0.50         0.53         0.31         0.41         0.18         0.25
        0.84         1.00         0.51         0.49         0.35         0.46         0.34         0.16         0.29
        0.64         0.54         0.40         0.65         0.38         0.85         0.22         0.42         0.44
     86400      9     13
        0.21         0.56         0.19         0.29         0.55         0.06         0.31         0.24         0.31
        0.35         0.39         0.15         0.35         0.14         0.15         0.25         0.18         0.07
        0.11         0.08         0.09         0.28         0.06         0.41         0.47         0.37         0.35
        0.04         0.15         0.16         0.27         0.34         0.46         0.46         0.58         0.44
        0.07         0.06         0.18         0.33         0.49         0.31         0.39         0.40         0.31
        0.06         0.06         0.17         0.21         0.47         0.33         0.33         0.36         0.26
        0.12         0.04         0.06         0.20         0.25         0.42         0.78         0.13         0.35
        0.11         0.07         0.13         0.09         0.08         0.09         0.21         0.50         0.25
        0.07         0.24         0.23         0.13         0.11         0.09         0.13         0.28         0.51
        0.16         0.17         0.06         0.09         0.24         0.36         0.12         0.07         0.16
        0.07         0.07         0.12         0.18         0.16         0.14         0.13         0.12         0.16
        0.21         0.08         0.17         0.23         0.09         0.11         0.15         0.11         0.30
        0.11         0.16         0.17         0.28         0.20         0.84         0.08         0.11         0.16
    172800      9     13
        0.31         0.52         0.62         0.31         0.45         0.16         0.15         0.10         0.21
        0.30         0.17         0.21         0.39         0.22         0.40         0.22         0.11         0.69
        0.26         0.26         0.57         0.22         0.65         0.66         0.47         0.22         0.47
        0.25         0.28         0.52         0.45         0.45         0.28         0.26         0.22         0.88
        0.31         0.45         0.47         0.37         0.09         0.39         0.23         0.24         0.37
        0.20         0.35         0.74         0.35         0.29         0.21         0.36         0.21         0.34
        0.25         0.12         0.22         0.35         0.27         0.60         0.53         0.35         0.35
        0.16         0.06         0.14         0.12         0.31         0.16         0.12         0.59         0.21
        0.11         0.32         0.32         0.18         0.06         0.24         0.13         0.24         0.32
        0.27         0.35         0.29         0.12         0.19         0.35         0.13         0.22         0.20
        0.17         0.20         0.18         0.18         0.19         0.22         0.37         0.06         0.08
        0.34         0.12         0.53         0.31         0.08         0.23         0.22         0.35         0.16
        0.21         0.11         0.24         0.28         0.20         0.50         0.10         0.09         0.25
    259200      9     13
        0.42         0.44         0.28         0.21         0.34         0.32         0.10         0.08         0.40
        0.20         0.63         0.23         0.17         0.23         0.20         0.10         0.15         0.22
        0.31         0.29         0.23         0.26         0.30         0.15         0.24         0.08         0.18
        0.12         0.34         0.55         0.25         0.46         0.15         0.20         0.14         0.22
        0.05         0.20         0.29         0.72         0.56         0.25         0.25         0.26         0.38
        0.25         0.29         0.26         0.28         0.51         0.19         0.37         0.10         0.33
        0.30         0.14         0.19         0.30         0.42         0.21         0.37         0.35         0.66
        0.17         0.11         0.53         0.27         0.41         0.43         0.48         0.47         0.28
        0.28         0.38         0.30         0.42         0.53         0.52         0.58         0.18         0.33
        0.16         0.65         0.83         0.35         0.51         0.40         0.51         0.74         0.57
        0.37         0.36         0.45         0.28         0.33         0.40         0.59         0.56         0.33
        0.42         0.21         1.27         0.72         0.40         0.48         0.53         0.52         0.56
        0.29         0.55         0.54         0.72         0.63         0.24         0.19         0.51         0.34
    345600      9     13
        0.97         0.20         0.37         0.21         0.25         0.35         0.13         0.41         0.34
        0.75         1.54         0.53         0.29         0.17         0.30         0.29         0.67         0.79
        0.42         0.75         0.51         0.50         0.27         0.36         0.84         0.64         0.55
        0.36         0.27         0.55         0.48         0.86         0.27         0.73         0.50         1.44
        0.38         0.20         0.42         0.23         0.39         0.24         0.37         1.10         0.76
        0.31         0.18         0.27         0.37         0.24         0.32         1.05         1.22         1.20
        0.35         0.22         0.23         0.29         0.26         0.25         0.87         1.40         1.10
        0.30         0.17         0.23         0.15         0.31         0.49         1.31         0.97         0.82
        0.16         0.80         0.42         0.45         0.17         0.32         0.60         0.19         0.29
        0.61         0.60         1.12         0.26         0.19         0.31         0.57         0.22         0.30
        0.70         0.72         0.39         0.21         0.10         0.20         0.26         0.70         0.50
        0.97         1.11         0.18         0.45         0.26         0.18         0.24         0.34         0.56
        0.53         0.72         0.73         0.58         0.47         0.06         0.30         0.31         0.44
    432000      9     13
        0.46         0.48         0.49         0.46         0.72         0.30         0.19         0.13         0.21
        0.17         0.16         0.73         0.82         0.47         0.29         0.11         0.32         0.36
        0.74         0.15         0.32         0.14         0.32         0.27         0.23         0.38         0.28
        0.12         0.27         0.39         0.13         0.50         0.54         0.35         0.17         0.71
        0.35         0.14         0.73         0.19         0.71         0.36         0.11         1.02         0.77
        0.41         0.10         0.42         0.09         0.78         0.40         0.89         0.88         1.26
        0.32         0.26         0.50         0.46         1.41         0.51         0.88         0.71         0.72
        0.33         0.34         0.89         0.33         0.50         0.58         0.58         0.58         0.54
        0.27         0.67         0.30         0.49         0.28         0.70         0.76         0.50         0.72
        0.34         0.32         0.37         0.20         0.48         0.32         0.39         1.13         0.85
        0.37         0.55         0.59         0.87         0.63         0.71         0.24         0.49         0.52
        0.71         0.66         0.55         0.58         0.84         0.66         0.57         0.29         0.56
        0.76         0.60         0.96         0.70         0.86         0.19         0.34         0.47         0.57
    518400      9     13
        0.52         0.82         0.64         0.45         0.29         0.24         0.37         0.27         0.41
        0.66         0.60         0.42         0.24         0.14         0.34         0.37         0.41         0.30
        0.49         0.40         0.26         0.13         0.19         0.41         0.43         0.66         0.22
        0.20         0.27         0.33         0.43         0.38         0.42         0.43         0.18         0.50
        0.16         0.22         0.28         0.20         0.51         0.30         0.45         0.84         0.60
        0.29         0.20         0.37         0.43         0.39         0.32         0.35         0.37         0.69
        0.41         0.31         0.13         0.34         0.27         0.40         0.34         0.44         0.75
        0.23         0.34         0.36         0.32         0.30         0.39         0.43         0.71         0.56
        0.25         0.20         0.65         0.39         0.20         0.41         0.49         0.57         0.52
        0.38         0.21         0.24         0.40         0.29         0.63         0.17         0.50         0.57
        0.33         0.11         0.21         0.30         0.28         0.28         0.48         0.33         0.14
        0.19         0.25         0.23         0.64         0.40         0.19         0.62         0.13         0.13
        0.35         0.28         0.32         0.56         0.18         0.57         0.20         0.13         0.09
    604800      9     13
        0.81         0.73         0.51         0.48         0.34         0.79         0.39         0.35         0.31
        0.63         0.96         1.04         0.59         0.91         0.61         0.40         0.34         0.28
        0.90         0.74         0.79         0.38         0.81         0.41         0.42         0.40         0.45
        0.67         0.52         0.52         0.61         0.74         0.92         0.27         0.15         0.95
        0.48         0.41         0.48         0.92         0.59         0.81         0.35         0.32         1.20
        0.41         0.64         0.90         0.90         0.62         0.83         0.71         0.50         0.71
        0.68         0.63         0.45         0.66         0.36         0.53         0.72         0.68         0.62
        0.69         0.74         0.54         0.73         0.50         0.28         0.68         0.65         0.77
        0.60         0.79         1.06         0.88         0.55         0.58         0.50         0.96         1.38
        1.09         1.20         1.14         0.94         0.73         0.53         0.67         1.38         1.19
        0.81         0.98         0.91         0.81         0.56         0.71         0.49         0.69         1.13
        0.57         0.40         0.51         0.83         0.85         0.48         0.53         0.37         0.80
        0.86         0.55         0.73         0.65         0.34         0.59         0.56         0.53         0.47
    691200      9     13
        0.72         1.05         0.21         0.18         0.61         0.82         0.31         0.33         0.57
        0.66         0.44         0.17         0.28         0.45         0.25         0.36         0.22         0.55
        0.27         0.50         0.34         0.34         0.26         0.35         0.29         0.27         0.19
        0.31         0.36         0.38         0.30         0.45         0.42         0.28         0.45         0.30
        0.27         0.16         0.47         0.49         0.48         0.25         0.15         0.11         0.43
        0.35         0.25         0.34         0.97         0.67         0.20         0.46         0.63         0.43
        0.39         0.41         0.27         0.47         0.39         0.27         0.48         0.71         0.76
        0.46         0.51         0.46         0.43         0.23         0.35         0.55         0.54         0.51
        0.18         0.36         0.19         0.38         0.17         0.19         0.21         0.42         0.53
        0.47         0.41         0.19         0.24         0.26         0.56         0.35         0.87         0.57
        0.94         1.13         0.85         0.38         0.50         0.34         0.28         0.50         0.49
        0.67         1.43         0.92         0.52         0.81         0.83         0.50         0.63         0.78
        0.83         0.65         1.15         0.51         1.00         0.55         0.42         0.63         0.90
    777600      9     13
        0.66         1.16         0.52         0.51         0.44         0.25         0.48         0.45         0.54
        0.73         1.16         0.37         0.53         0.38         0.47         0.46         0.48         0.32
        0.57         0.58         0.23         0.21         0.40         0.24         0.13         0.74         0.49
        0.37         0.16         0.34         0.23         0.30         0.17         1.00         0.45         0.41
        0.43         0.10         0.27         0.18         0.52         0.20         0.53         0.41         0.82
        0.15         0.12         0.18         0.51         0.37         0.31         0.38         0.83         0.70
        0.18         0.52         0.37         0.62         0.45         0.51         1.11         0.87         1.29
        0.81         0.71         0.53         0.43         0.36         0.71         0.74         0.87         0.60
        0.71         0.81         0.34         0.54         0.51         0.80         0.92         1.45         0.99
        0.65         1.36         0.95         0.91         0.69         1.01         1.22         1.20         1.06
        0.86         0.93         1.09         0.96         0.49         0.88         0.62         1.20         0.86
        1.46         1.20         0.86         0.57         1.08         0.81         0.82         1.49         1.02
        2.47         1.70         1.02         0.54         1.53         0.85         0.75         1.20         0.83