         0      9     13
        1.01         0.68         1.57         0.75         1.12         0.84         0.70         0.48         0.44
        1.10         0.30         0.67         0.58         0.60         0.48         0.54         0.71         0.43
        0.48         0.33         0.69         0.62         0.56         0.49         0.82         0.22         0.33
        0.30         0.41         0.69         1.02         0.44         0.21         0.15         0.12         0.38
        0.94         0.51         0.62         0.59         0.65         0.26         0.27         0.32         0.35
        0.59         0.75         0.45         0.34         0.34         0.51         0.55         0.17         0.38
        0.44         0.79         0.30         0.82         0.66         0.32         0.33         0.21         0.16
        0.77         0.39         0.84         0.20         0.21         0.08         0.18         0.21         0.11
        0.64         0.43         0.13         0.34         0.04         0.08         0.12         0.30         0.22
        0.38         0.23         0.34         0.05         0.08         0.09         0.05         0.07         0.08
        0.02         0.18         0.10         0.12         0.06         0.04         0.05         0.04         0.07
        0.25         0.57         0.09         0.24         0.12         0.08         0.06         0.18         0.16
        0.21         0.31         0.34         0.71         0.14         0.61         0.06         0.06         0.06
     86400      9     13
        0.85         0.72         1.50         0.96         0.89         0.47         0.81         0.75         0.60
        0.96         1.23         0.59         0.75         0.75         0.37         0.55         1.14         0.59
        0.55         0.60         0.98         0.74         0.56         0.90         0.79         1.51         0.78
        0.23         0.76         0.46         1.31         0.64         0.42         0.66         0.68         0.70
        0.73         0.61         0.55         1.29         1.19         0.38         0.48         1.08         0.71
        0.87         0.54         0.67         0.66         0.48         0.33         0.57         0.85         0.51
        0.53         0.79         0.23         0.37         0.56         0.48         0.58         0.36         0.61
        0.62         0.38         0.41         0.53         0.31         0.24         0.52         0.42         0.80
        0.37         0.38         0.94         0.36         0.11         0.22         0.64         0.79         0.46
        0.49         0.26         0.34         0.34         0.65         0.49         0.18         0.41         0.48
        0.26         0.43         0.22         0.14         0.08         0.22         0.21         0.58         0.52
        0.30         0.36         0.44         0.21         0.09         0.15         0.29         0.25         0.36
        0.05         0.14         0.23         0.24         0.09         1.24         0.16         0.22         0.66
    172800      9     13
        1.33         1.25         1.45         1.07         0.60         0.94         0.95         0.89         0.83
        1.30         1.41         0.78         0.85         1.01         1.04         1.17         0.91         0.53
        0.95         0.96         0.48         0.87         0.35         0.82         0.88         0.83         0.76
        0.35         1.39         1.03         1.25         0.34         0.47         0.81         0.49         0.48
        0.36         0.93         0.61         1.04         1.01         0.61         0.93         1.17         0.32
        0.50         0.65         0.64         0.85         0.76         0.85         0.61         0.94         0.47
        0.58         0.96         0.24         1.19         0.37         0.56         0.37         0.62         0.63
        0.49         0.32         0.80         0.30         0.72         0.64         0.28         0.35         0.67
        0.47         0.55         1.05         0.77         0.46         0.71         0.71         0.36         0.41
        0.50         0.50         0.67         0.90         0.86         0.62         0.69         0.71         0.65
        0.54         0.66         0.49         0.38         0.22         0.31         0.27         0.35         0.58
        0.52         0.84         0.47         0.25         0.15         0.13         0.39         0.19         0.36
        0.69         0.29         0.26         0.37         0.29         0.92         0.35         0.33         0.78
    259200      9     13
        0.56         0.81         1.00         0.85         1.09         0.28         0.42         0.30         0.45
        0.46         0.32         0.48         0.33         0.37         0.31         0.31         0.58         0.38
        0.71         0.38         0.50         0.46         0.23         0.72         0.40         0.60         0.45
        0.23         0.43         0.14         0.86         0.38         0.48         0.33         0.13         0.68
        0.22         0.32         0.12         0.53         0.61         0.53         0.46         0.79         0.77
        0.12         0.23         0.49         0.29         0.24         0.43         0.24         0.45         0.60
        0.18         0.27         0.09         0.47         0.20         0.32         0.45         0.50         0.53
        0.11         0.05         0.28         0.27         0.22         0.16         0.09         0.21         0.63
        0.19         0.20         0.18         0.36         0.18         0.27         0.30         0.38         1.08
        0.22         0.53         0.42         0.51         0.61         0.24         0.13         0.50         0.63
        0.73         0.56         0.46         0.17         0.10         0.16         0.21         0.55         0.29
        0.77         0.59         0.21         0.16         0.10         0.13         0.16         0.21         0.32
        0.13         0.56         0.27         0.31         0.21         0.91         0.31         0.17         0.38
    345600      9     13
        0.39         1.18         0.88         1.06         0.31         0.30         0.58         0.44         0.56
        0.79         1.66         0.90         0.81         0.67         0.42         0.54         0.70         0.56
        0.34         0.81         1.02         0.76         0.70         0.56         0.38         0.76         0.26
        0.09         0.65         0.43         1.30         0.30         0.28         0.58         0.67         0.42
        0.10         0.24         0.28         1.79         1.56         0.35         0.47         0.55         0.63
        0.06         0.07         0.39         0.38         0.65         0.26         0.30         0.85         0.80
        0.11         0.46         0.09         0.19         0.21         0.17         0.34         0.46         0.50
        0.35         0.26         0.27         0.30         0.31         0.12         0.53         0.48         0.37
        0.26         0.37         0.36         0.53         0.22         0.05         0.36         0.39         0.44
        0.34         0.42         0.42         0.33         0.09         0.18         0.55         0.83         0.48
        0.46         0.52         0.31         0.51         0.13         0.31         0.06         0.23         0.58
        0.45         0.74         0.46         0.32         0.19         0.16         0.15         0.04         0.40
        0.48         0.35         0.22         0.52         0.41         0.60         0.17         0.17         0.35
    432000      9     13
        0.51         0.73         1.37         1.20         1.18         1.00         0.93         0.87         1.59
        0.67         1.06         0.70         0.93         0.94         0.87         0.67         1.19         1.11
        0.82         0.86         1.02         0.96         0.72         0.42         0.94         1.05         0.58
        0.36         0.98         1.95         1.17         0.69         0.32         1.19         0.98         1.05
        0.39         0.36         0.34         1.06         1.89         0.51         1.24         1.07         1.22
        0.46         0.27         0.53         0.79         1.04         1.00         0.63         0.69         0.85
        0.38         0.52         0.40         1.07         0.81         0.63         1.10         1.21         1.27
        0.54         0.38         0.51         0.59         0.71         0.63         0.54         1.09         1.43
        0.76         0.44         0.84         0.67         0.31         0.40         0.60         0.54         0.69
        0.44         0.98         0.57         0.40         0.54         0.40         0.26         0.36         0.71
        0.87         0.60         0.34         0.45         0.14         0.36         0.33         0.28         0.44
        0.63         0.64         0.55         0.40         0.12         0.14         0.37         0.21         0.27
        0.27         0.46         0.48         0.39         0.54         1.04         0.14         0.16         0.26
    518400      9     13
        2.70         2.87         2.72         2.62         2.27         2.16         1.72         1.70         1.72
        2.47         2.47         1.44         1.61         2.06         1.83         1.35         1.25         0.67
        1.57         1.23         1.33         1.36         1.60         1.12         1.39         0.98         0.75
        0.44         1.65         1.48         1.76         1.28         0.98         0.97         1.12         1.53
        0.40         0.51         0.59         1.60         1.96         0.57         0.94         1.47         1.67
        0.58         0.56         0.51         0.66         1.03         0.56         0.77         1.19         1.06
        0.35         0.79         0.40         0.82         0.68         0.40         1.06         0.87         0.99
        0.47         0.57         0.59         0.16         0.53         0.36         0.41         0.87         0.53
        0.73         0.53         0.71         0.32         0.32         0.27         0.48         0.61         0.69
        0.31         0.45         0.50         0.72         0.50         0.41         0.33         0.65         0.43
        0.63         0.76         0.66         0.26         0.09         0.21         0.12         0.20         0.27
        0.58         0.86         1.17         0.48         0.16         0.10         0.07         0.27         0.11
        0.96         0.34         1.32         0.84         0.67         0.87         0.16         0.06         0.57
    604800      9     13
        1.85         2.31         1.63         1.69         1.20         0.93         0.51         0.42         0.35
        1.35         1.36         1.19         0.83         0.97         0.86         0.36         0.45         0.17
        1.28         0.71         0.78         0.66         0.62         0.40         0.36         0.35         0.71
        0.68         1.39         0.99         1.48         0.76         0.41         0.50         0.28         0.63
        0.21         0.59         0.65         1.63         0.71         0.40         0.59         0.43         0.42
        0.58         0.72         0.32         0.56         0.60         0.40         0.41         0.57         0.95
        0.22         0.45         0.18         0.41         0.38         0.27         0.56         0.56         0.63
        0.26         0.58         0.44         0.09         0.25         0.34         0.49         0.63         0.53
        0.25         0.33         0.68         0.27         0.29         0.24         0.68         0.61         0.58
        0.45         0.82         0.42         0.49         0.47         0.56         0.70         0.45         0.54
        1.11         0.71         0.36         0.20         0.06         0.26         0.22         0.70         0.64
        0.83         0.84         0.75         0.68         0.32         0.28         0.47         0.47         0.30
        0.83         0.45         0.66         0.67         0.26         1.28         0.21         0.24         0.73
    691200      9     13
        0.77         0.56         0.30         0.15         0.17         0.20         0.11         0.32         0.62
        0.55         0.60         0.24         0.19         0.19         0.06         0.27         0.52         0.07
        0.30         0.20         0.10         0.52         0.04         0.06         0.29         0.31         0.14
        0.14         0.38         0.38         1.50         0.29         0.25         0.26         0.10         0.27
        0.18         0.35         0.20         1.13         0.47         0.09         0.48         0.30         0.30
        0.11         0.35         0.40         0.59         0.29         0.24         0.32         0.25         0.33
        0.22         0.27         0.33         0.41         0.19         0.14         0.41         0.36         0.43
        0.32         0.08         0.16         0.11         0.36         0.25         0.26         0.42         0.64
        0.26         0.22         0.36         0.33         0.20         0.34         0.44         0.31         0.60
        0.13         0.21         0.31         0.24         0.45         0.88         0.47         0.43         0.55
        0.28         0.28         0.27         0.23         0.18         0.46         0.23         0.16         0.29
        0.36         0.15         0.55         0.33         0.10         0.08         0.14         0.18         0.18
        0.41         0.42         0.31         0.29         0.22         0.61         0.26         0.14         0.36
    777600      9     13
        0.18         0.12         0.27         0.31         0.15         0.17         0.45         0.40         0.28
        0.14         0.20         0.31         0.20         0.27         0.42         0.54         0.25         0.11
        0.16         0.19         0.17         0.30         0.11         0.50         0.38         0.10         0.47
        0.10         0.43         0.26         0.46         0.35         0.33         0.40         0.20         0.27
        0.28         0.45         0.32         0.47         0.49         0.60         0.30         0.44         0.35
        0.34         0.16         0.47         0.32         0.54         0.39         0.61         0.31         0.45
        0.21         0.42         0.30         0.43         0.70         0.44         0.20         0.31         0.48
        0.46         0.39         0.47         0.70         0.72         0.52         0.35         0.23         0.46
        0.54         0.25         0.26         0.61         0.39         0.43         0.65         0.44         0.44
        0.18         0.47         0.42         0.88         0.57         0.13         0.92         0.58         0.36
        0.40         0.68         0.48         0.31         0.42         0.40         0.51         0.33         0.19
        0.73         0.45         0.65         0.54         0.28         0.21         0.21         0.14         0.18
        0.78         0.54         0.52         0.43         0.39         0.12         0.24         0.10         0.37