         0      9     13
        0.55         0.75         0.78         0.68         0.24         0.16         0.46         0.45         0.44
        0.84         0.68         0.59         0.39         0.54         0.39         0.24         0.72         0.66
        0.44         0.69         0.46         0.98         0.24         0.15         0.41         0.96         0.41
        0.22         0.62         0.98         1.37         0.88         0.34         0.46         0.38         0.44
        0.09         0.44         0.58         1.13         1.44         0.26         0.39         0.68         0.50
        0.23         0.34         0.39         0.72         1.13         0.28         0.28         0.45         1.01
        0.13         0.69         0.41         0.86         0.40         0.45         1.12         0.89         1.53
        0.29         0.15         0.41         0.23         0.41         0.54         0.72         1.35         1.06
        0.12         0.26         0.86         0.91         0.25         0.21         0.73         0.92         0.70
        0.29         0.37         0.57         0.57         0.42         0.59         0.19         0.38         0.61
        0.59         0.79         0.40         0.32         0.16         0.07         0.06         0.04         0.24
        0.56         0.66         0.62         0.42         0.23         0.12         0.03         0.12         0.07
        0.75         0.62         0.54         0.57         0.20         0.82         0.07         0.02         0.09
     86400      9     13
        0.72         0.60         0.68         0.50         0.63         0.19         0.44         0.82         0.68
        0.76         0.61         0.46         0.34         0.42         0.17         0.36         0.83         0.32
        0.59         0.29         0.16         0.81         0.35         0.33         0.51         0.74         0.41
        0.16         0.92         0.78         1.11         0.85         0.35         0.87         0.73         0.67
        0.32         0.24         0.68         1.44         1.37         0.30         1.02         0.47         0.29
        0.10         0.16         0.35         0.56         0.71         0.42         0.89         0.56         0.82
        0.22         0.64         0.15         0.75         0.69         0.32         1.10         0.82         1.03
        0.26         0.12         0.23         0.11         0.38         0.49         0.81         0.61         0.51
        0.22         0.10         0.28         0.29         0.17         0.27         0.21         0.59         0.79
        0.56         0.18         0.14         0.14         0.39         0.45         0.18         0.70         0.71
        0.20         0.13         0.15         0.27         0.17         0.12         0.10         0.51         0.44
        0.18         0.20         0.83         0.45         0.18         0.28         0.41         0.18         0.73
        0.41         0.40         0.76         0.58         0.33         1.01         0.07         0.19         0.82
    172800      9     13
        1.08         1.28         0.63         0.34         0.35         0.15         0.20         0.69         0.70
        1.03         0.81         0.41         0.44         0.42         0.30         0.56         0.85         0.20
        0.51         0.68         0.57         0.41         0.28         0.12         0.51         0.46         0.19
        0.06         0.66         0.97         1.09         0.36         0.16         0.16         0.48         0.62
        0.17         0.31         0.54         1.05         1.17         0.37         0.21         0.48         0.74
        0.25         0.29         0.51         0.68         1.07         0.20         0.12         0.62         0.58
        0.30         0.41         0.15         0.75         0.44         0.15         0.33         0.54         0.58
        0.13         0.21         0.40         0.09         0.19         0.16         0.08         0.56         0.63
        0.12         0.11         0.26         0.12         0.12         0.21         0.20         0.50         0.65
        0.23         0.08         0.33         0.23         0.25         0.43         0.24         0.11         0.21
        0.35         0.24         0.21         0.13         0.12         0.19         0.20         0.18         0.14
        0.19         0.08         0.25         0.39         0.06         0.14         0.12         0.25         0.17
        0.28         0.31         0.37         0.66         0.15         0.88         0.11         0.09         0.12
    259200      9     13
        0.98         1.39         1.09         0.76         0.65         0.35         0.23         0.20         0.18
        0.71         0.94         0.48         0.85         0.90         0.61         0.24         0.21         0.07
        0.73         1.03         0.31         0.86         0.39         0.15         0.39         0.34         0.21
        0.34         0.74         0.55         1.10         0.79         0.23         0.29         0.49         0.67
        0.15         0.35         0.46         1.28         1.78         0.46         0.49         0.75         1.06
        0.20         0.36         0.36         1.54         1.32         0.49         0.63         0.63         1.31
        0.34         0.81         0.42         1.09         0.57         0.53         1.10         1.13         1.11
        0.43         0.50         0.56         0.14         0.61         0.52         0.42         0.76         0.74
        0.30         0.08         0.17         0.41         0.25         0.22         0.64         0.51         0.47
        0.27         0.53         0.39         0.24         0.29         0.40         0.42         0.31         0.17
        0.32         0.66         0.83         0.21         0.26         0.08         0.35         0.27         0.25
        0.81         0.70         0.79         0.45         0.23         0.17         0.35         0.59         0.28
        0.26         0.43         0.49         0.37         0.21         0.76         0.17         0.17         0.34
    345600      9     13
        0.53         0.44         0.18         0.35         0.26         0.10         0.32         0.31         0.26
        0.47         0.19         0.21         0.30         0.32         0.23         0.24         0.53         0.10
        0.21         0.35         0.36         0.39         0.13         0.15         0.37         0.25         0.25
        0.15         0.38         0.23         1.29         0.36         0.40         0.36         0.15         0.23
        0.35         0.10         0.15         0.30         0.25         0.28         0.45         0.35         0.34
        0.12         0.25         0.35         0.27         0.15         0.40         0.22         0.28         0.22
        0.26         0.23         0.22         0.46         0.20         0.46         0.40         0.29         0.25
        0.15         0.12         0.29         0.12         0.22         0.25         0.19         0.14         0.05
        0.15         0.35         0.55         0.30         0.17         0.20         0.33         0.12         0.13
        0.28         0.12         0.23         0.25         0.39         0.40         0.32         0.19         0.29
        0.09         0.19         0.20         0.35         0.12         0.19         0.45         0.16         0.15
        0.28         0.51         0.32         0.21         0.09         0.13         0.18         0.12         0.11
        0.50         0.29         0.30         0.42         0.20         0.55         0.19         0.21         0.17
    432000      9     13
        0.03         0.04         0.08         0.06         0.12         0.07         0.05         0.06         0.03
        0.14         0.07         0.06         0.05         0.06         0.05         0.04         0.04         0.04
        0.13         0.06         0.11         0.08         0.04         0.08         0.11         0.06         0.03
        0.05         0.11         0.07         0.50         0.20         0.11         0.05         0.02         0.13
        0.21         0.16         0.14         0.29         0.28         0.13         0.06         0.08         0.14
        0.04         0.26         0.11         0.06         0.20         0.10         0.12         0.09         0.08
        0.09         0.18         0.14         0.29         0.20         0.24         0.26         0.09         0.06
        0.15         0.07         0.07         0.12         0.11         0.09         0.09         0.05         0.08
        0.14         0.12         0.22         0.10         0.09         0.08         0.05         0.05         0.10
        0.08         0.05         0.08         0.17         0.11         0.12         0.05         0.04         0.04
        0.04         0.05         0.05         0.11         0.16         0.15         0.12         0.04         0.04
        0.06         0.06         0.06         0.08         0.08         0.14         0.12         0.02         0.03
        0.03         0.05         0.04         0.19         0.14         0.40         0.05         0.02         0.02
    518400      9     13
        0.01         0.01         0.03         0.02         0.04         0.03         0.05         0.02         0.01
        0.01         0.02         0.01         0.04         0.02         0.02         0.01         0.01         0.04
        0.01         0.01         0.03         0.05         0.03         0.07         0.02         0.09         0.03
        0.01         0.02         0.01         0.11         0.02         0.10         0.02         0.01         0.09
        0.03         0.03         0.02         0.07         0.05         0.04         0.01         0.02         0.08
        0.01         0.03         0.04         0.03         0.04         0.08         0.01         0.03         0.09
        0.02         0.05         0.01         0.02         0.03         0.03         0.02         0.02         0.02
        0.01         0.02         0.02         0.06         0.03         0.01         0.00         0.00         0.02
        0.03         0.03         0.04         0.01         0.03         0.05         0.01         0.01         0.02
        0.02         0.03         0.02         0.03         0.00         0.01         0.02         0.01         0.01
        0.01         0.02         0.02         0.04         0.00         0.02         0.01         0.01         0.01
        0.01         0.03         0.04         0.06         0.08         0.02         0.03         0.00         0.01
        0.03         0.03         0.03         0.06         0.04         0.31         0.03         0.00         0.00
    604800      9     13
        0.05         0.04         0.14         0.10         0.05         0.02         0.13         0.12         0.34
        0.04         0.03         0.05         0.06         0.05         0.08         0.07         0.23         0.30
        0.01         0.18         0.06         0.04         0.05         0.18         0.05         0.32         0.25
        0.02         0.17         0.05         0.25         0.11         0.07         0.15         0.05         0.27
        0.02         0.03         0.02         0.05         0.08         0.07         0.01         0.02         0.08
        0.01         0.02         0.01         0.01         0.03         0.08         0.00         0.01         0.09
        0.01         0.04         0.07         0.01         0.03         0.02         0.02         0.01         0.02
        0.00         0.01         0.05         0.05         0.02         0.01         0.01         0.00         0.01
        0.01         0.01         0.05         0.02         0.03         0.01         0.00         0.00         0.01
        0.02         0.02         0.01         0.02         0.02         0.01         0.00         0.01         0.02
        0.01         0.01         0.01         0.05         0.01         0.01         0.02         0.03         0.01
        0.01         0.01         0.04         0.05         0.06         0.04         0.10         0.00         0.00
        0.01         0.03         0.05         0.05         0.06         0.21         0.04         0.00         0.00
    691200      9     13
        0.49         0.94         0.77         0.73         0.71         0.64         1.02         0.75         0.84
        0.29         0.67         0.78         0.69         0.71         0.64         0.59         1.10         0.78
        0.15         0.67         0.72         0.79         0.85         0.83         0.53         1.06         0.86
        0.39         0.61         0.58         1.11         0.69         0.80         1.08         0.94         0.64
        0.30         0.51         0.68         0.82         0.54         0.60         0.81         0.99         1.10
        0.29         0.54         0.54         0.81         0.63         0.40         0.36         0.58         1.13
        0.41         0.77         0.51         0.49         0.44         0.32         0.48         0.55         0.70
        0.60         0.45         0.38         0.29         0.21         0.22         0.42         0.49         0.79
        0.15         0.09         0.40         0.32         0.07         0.20         0.50         0.23         0.42
        0.06         0.17         0.26         0.17         0.24         0.11         0.25         0.37         0.24
        0.19         0.26         0.23         0.30         0.07         0.08         0.07         0.06         0.15
        0.06         0.26         0.31         0.18         0.09         0.10         0.14         0.27         0.28
        0.23         0.43         0.28         0.41         0.27         0.58         0.08         0.04         0.05
    777600      9     13
        1.48         1.40         1.85         1.49         0.64         0.98         1.06         1.38         0.98
        0.66         1.32         1.11         1.35         1.16         0.78         0.68         1.26         0.95
        0.50         1.17         1.02         1.28         0.57         0.58         0.74         2.02         0.91
        0.46         0.73         0.77         1.97         1.45         0.65         1.62         1.56         0.68
        0.40         0.54         0.57         0.77         1.32         0.34         0.80         1.20         1.10
        0.55         0.19         0.48         0.72         1.26         0.65         0.68         1.44         1.37
        0.11         0.33         0.42         0.62         0.48         0.24         0.68         1.06         1.37
        0.26         0.08         0.35         0.21         0.52         0.44         0.84         0.53         0.51
        0.08         0.47         0.60         0.84         0.39         0.45         0.43         0.27         0.57
        0.10         0.36         0.39         0.46         0.08         0.62         0.63         0.27         0.59
        0.05         0.07         0.48         0.37         0.31         0.55         0.39         0.33         0.68
        0.03         0.41         0.63         0.59         0.09         0.09         0.24         0.17         0.27
        0.18         0.56         0.65         0.57         0.30         0.65         0.12         0.09         0.29