         0      9     13
        0.53         0.73         0.91         0.42         0.90         0.71         0.97         0.66         0.94
        1.19         1.73         0.70         1.36         0.46         0.40         0.55         1.02         0.62
        1.32         1.81         1.16         1.08         0.65         0.22         0.25         0.52         0.68
        0.73         1.10         1.28         1.22         1.06         0.56         0.80         0.51         1.23
        0.70         1.15         0.94         0.43         1.19         1.04         0.65         0.69         1.19
        0.76         0.35         0.78         0.50         1.16         1.17         0.67         1.10         1.79
        0.85         0.29         0.56         0.49         1.01         0.33         0.41         1.08         1.04
        0.94         0.15         0.56         0.69         0.82         0.05         0.28         0.45         1.35
        0.95         0.21         0.37         0.46         0.52         0.17         0.14         0.38         1.29
        0.42         0.32         0.26         0.68         0.92         0.13         0.22         0.28         0.59
        0.45         0.34         0.74         1.05         0.38         0.18         0.15         0.15         0.33
        0.68         0.44         0.77         0.64         0.12         0.09         0.42         0.12         0.30
        0.68         0.44         0.76         0.39         0.52         0.23         0.44         0.44         0.19
     86400      9     13
        0.18         0.02         0.15         0.06         0.07         0.05         0.31         0.20         0.36
        0.10         0.07         0.13         0.23         0.46         0.18         0.15         0.21         0.08
        0.09         0.07         0.51         0.26         0.26         0.46         0.43         0.09         0.40
        0.16         0.75         0.35         1.07         0.08         0.53         0.08         0.42         0.27
        0.18         0.28         0.33         0.29         0.33         0.41         0.51         0.22         0.21
        0.04         0.17         0.59         0.56         0.21         0.72         0.35         0.14         0.21
        0.48         0.25         0.22         0.18         0.27         0.77         0.28         0.19         0.19
        0.46         0.13         0.45         0.26         0.22         0.13         0.25         0.30         0.35
        0.31         0.36         0.09         0.68         0.24         0.42         0.15         0.29         0.29
        0.49         0.07         0.08         0.34         0.97         0.13         0.09         0.22         0.07
        0.13         0.24         0.17         0.34         0.11         0.11         0.25         0.08         0.09
        0.80         0.44         0.30         0.52         0.14         0.41         0.59         0.11         0.33
        0.42         0.45         0.88         0.23         0.69         0.42         0.49         0.56         0.36
    172800      9     13
        0.03         0.01         0.05         0.05         0.04         0.07         0.06         0.07         0.09
        0.02         0.02         0.02         0.05         0.10         0.05         0.07         0.07         0.04
        0.01         0.02         0.10         0.11         0.05         0.18         0.13         0.07         0.04
        0.02         0.09         0.13         0.18         0.14         0.18         0.12         0.22         0.23
        0.06         0.08         0.18         0.21         0.15         0.27         0.37         0.17         0.18
        0.03         0.07         0.31         0.18         0.12         0.16         0.25         0.13         0.24
        0.09         0.02         0.18         0.08         0.13         0.41         0.17         0.21         0.09
        0.06         0.03         0.30         0.10         0.10         0.21         0.22         0.25         0.27
        0.06         0.07         0.08         0.11         0.04         0.29         0.17         0.24         0.05
        0.04         0.05         0.05         0.08         0.29         0.22         0.10         0.26         0.19
        0.03         0.06         0.28         0.20         0.22         0.18         0.24         0.13         0.33
        0.04         0.20         0.24         0.28         0.08         0.25         0.82         0.12         0.10
        0.08         0.08         0.19         0.19         0.46         0.60         0.18         0.61         0.25
    259200      9     13
        0.00         0.00         0.02         0.03         0.02         0.05         0.12         0.03         0.17
        0.00         0.00         0.01         0.04         0.09         0.02         0.04         0.09         0.02
        0.00         0.00         0.12         0.14         0.05         0.10         0.13         0.07         0.01
        0.00         0.01         0.02         0.10         0.08         0.91         0.08         0.01         0.37
        0.08         0.08         0.08         0.12         0.06         0.36         0.03         0.08         0.19
        0.12         0.04         0.48         0.03         0.07         0.31         0.20         0.05         0.08
        0.07         0.09         0.13         0.07         0.08         0.28         0.11         0.15         0.12
        0.04         0.04         0.17         0.12         0.23         0.14         0.13         0.17         0.29
        0.06         0.23         0.41         0.38         0.08         0.39         0.25         0.07         0.06
        0.24         0.08         0.05         0.13         0.55         0.04         0.06         0.05         0.11
        0.11         0.06         0.19         0.74         0.33         0.14         0.19         0.10         0.03
        0.09         0.15         0.36         0.37         0.53         0.41         0.59         0.03         0.05
        0.22         0.07         0.28         0.24         0.41         0.44         0.23         0.14         0.02
    345600      9     13
        0.08         0.18         0.03         0.07         0.20         0.26         0.28         0.35         0.18
        0.11         0.02         0.11         0.03         0.07         0.11         0.25         0.34         0.25
        0.24         0.02         0.11         0.13         0.11         0.06         0.70         0.26         0.55
        0.29         0.17         0.11         0.29         0.27         0.72         0.41         0.53         0.54
        0.18         0.49         0.32         0.42         0.21         0.50         0.39         0.48         0.90
        0.07         0.22         0.22         0.56         0.26         0.48         0.17         0.65         0.46
        0.33         0.11         0.38         0.55         0.29         0.59         0.53         0.63         0.38
        0.06         0.08         0.37         0.33         0.41         0.62         0.38         0.58         0.32
        0.37         0.19         0.61         0.43         0.69         0.99         0.23         0.45         0.45
        1.34         0.59         0.30         0.24         0.20         0.09         0.22         0.49         0.69
        0.80         0.63         0.34         0.75         0.87         0.58         0.66         0.43         0.87
        0.41         0.61         0.69         0.74         0.82         0.87         1.03         0.12         0.59
        0.37         0.46         0.41         0.41         0.25         0.30         0.76         0.34         0.47
    432000      9     13
        0.39         0.52         0.32         0.36         0.36         0.19         0.44         0.26         0.24
        0.41         0.36         0.45         0.45         0.24         0.27         0.44         0.31         0.18
        0.23         0.38         0.44         0.62         0.39         0.15         0.22         0.23         0.15
        0.07         0.40         0.31         0.61         0.37         0.46         0.08         0.17         0.10
        0.11         0.19         0.29         0.34         0.19         0.17         0.12         0.32         0.18
        0.11         0.07         0.26         0.10         0.06         0.19         0.10         0.08         0.05
        0.23         0.21         0.20         0.21         0.19         0.38         0.48         0.55         0.22
        0.22         0.29         0.30         0.11         0.19         0.10         0.06         0.06         0.10
        0.23         0.09         0.23         0.19         0.07         0.16         0.06         0.09         0.08
        0.35         0.24         0.14         0.14         0.30         0.02         0.05         0.07         0.08
        0.49         0.51         0.16         0.19         0.15         0.02         0.05         0.02         0.20
        0.18         0.23         0.23         0.13         0.20         0.10         0.52         0.04         0.18
        0.07         0.21         0.14         0.20         0.24         0.16         0.08         0.12         0.06
    518400      9     13
        0.40         0.25         0.74         0.39         0.28         0.28         0.27         0.29         0.33
        0.29         0.26         0.37         0.27         0.20         0.12         0.26         0.38         0.39
        0.23         0.06         0.31         0.19         0.05         0.17         0.18         0.37         0.16
        0.09         0.08         0.28         0.11         0.07         0.32         0.26         0.40         0.32
        0.17         0.16         0.20         0.14         0.06         0.10         0.24         0.27         0.49
        0.04         0.20         0.23         0.16         0.12         0.09         0.21         0.39         0.68
        0.16         0.23         0.21         0.21         0.10         0.16         0.22         0.40         0.59
        0.36         0.16         0.19         0.08         0.12         0.03         0.07         0.12         0.37
        0.16         0.19         0.12         0.16         0.06         0.17         0.04         0.03         0.19
        0.17         0.04         0.12         0.05         0.16         0.02         0.07         0.06         0.03
        0.10         0.14         0.14         0.20         0.13         0.16         0.13         0.09         0.04
        0.04         0.08         0.08         0.16         0.48         0.16         0.25         0.06         0.09
        0.04         0.08         0.08         0.05         0.22         0.16         0.21         0.26         0.07
    604800      9     13
        0.52         0.24         0.39         0.44         0.16         0.38         0.13         0.13         0.16
        0.63         0.24         0.16         0.19         0.06         0.23         0.25         0.28         0.18
        0.57         0.48         0.28         0.25         0.06         0.10         0.17         0.06         0.20
        0.68         0.48         0.39         0.18         0.28         0.16         0.27         0.13         0.25
        0.57         0.42         0.29         0.12         0.18         0.26         0.45         0.15         0.40
        0.91         0.39         0.35         0.09         0.14         0.26         0.17         0.46         0.57
        0.70         0.43         0.12         0.21         0.18         0.39         0.46         1.09         0.90
        0.49         0.43         0.29         0.18         0.33         0.69         0.70         1.08         1.14
        0.44         0.37         0.57         0.59         0.29         0.50         0.76         0.56         0.48
        0.56         0.71         0.46         0.48         0.13         0.46         0.49         0.73         0.52
        0.63         0.51         0.63         0.36         0.22         0.24         0.19         0.48         0.42
        0.62         0.40         0.27         0.38         0.27         0.30         0.56         0.24         0.47
        0.64         0.42         0.74         0.20         0.43         0.64         0.39         0.29         0.56
    691200      9     13
        0.56         0.57         0.69         0.55         0.26         0.05         0.12         0.12         0.29
        0.26         0.25         0.41         0.34         0.25         0.07         0.18         0.23         0.07
        0.59         0.36         0.23         0.05         0.27         0.07         0.16         0.07         0.06
        0.33         0.10         0.27         0.18         0.08         0.18         0.11         0.12         0.38
        0.16         0.05         0.22         0.23         0.17         0.10         0.12         0.28         0.70
        0.09         0.05         0.24         0.30         0.17         0.11         0.31         0.56         0.88
        0.27         0.16         0.21         0.29         0.13         0.28         0.49         0.56         0.77
        0.13         0.15         0.24         0.04         0.24         0.26         0.55         0.45         0.38
        0.16         0.11         0.14         0.18         0.06         0.38         0.19         0.36         0.28
        0.22         0.15         0.36         0.15         0.16         0.03         0.12         0.31         0.11
        0.39         0.37         0.31         0.17         0.16         0.09         0.17         0.14         0.12
        0.32         0.44         0.34         0.40         0.25         0.16         0.39         0.05         0.12
        0.17         0.33         0.46         0.51         0.23         0.24         0.15         0.29         0.12
    777600      9     13
        0.02         0.08         0.61         0.40         0.14         0.07         0.05         0.09         0.03
        0.04         0.07         0.19         0.16         0.13         0.04         0.11         0.07         0.09
        0.05         0.06         0.52         0.14         0.07         0.08         0.12         0.10         0.03
        0.07         0.31         0.55         0.30         0.25         0.21         0.21         0.17         0.17
        0.13         0.16         0.28         0.55         0.91         0.16         0.33         0.40         0.22
        0.27         0.15         0.49         0.33         0.60         0.26         0.31         0.40         0.53
        0.33         0.17         0.12         0.43         0.26         0.35         0.47         0.65         0.60
        0.26         0.05         0.17         0.13         0.29         0.39         0.33         0.56         0.57
        0.14         0.13         0.10         0.13         0.17         0.35         0.28         0.65         0.48
        0.30         0.07         0.19         0.07         0.32         0.14         0.24         0.11         0.26
        0.35         0.49         0.32         0.18         0.13         0.17         0.17         0.09         0.08
        0.22         0.16         0.43         0.43         0.43         0.22         0.21         0.09         0.11
        0.30         0.28         0.30         0.30         0.33         0.71         0.28         0.30         0.54