         0      9     13
        1.45         1.39         1.73         1.68         1.82         1.70         1.74         1.53         1.42
        1.96         2.10         1.66         1.85         1.49         0.90         0.92         1.30         0.75
        1.04         1.45         1.31         1.36         1.58         0.78         1.10         0.89         0.47
        0.59         1.53         1.04         1.86         0.87         0.61         0.69         0.62         0.53
        0.75         1.21         0.93         1.46         1.05         0.39         0.60         0.71         0.69
        0.52         0.87         0.54         0.56         0.84         0.34         0.32         0.76         1.02
        0.42         0.71         0.30         0.60         0.38         0.25         0.27         0.34         0.76
        0.64         0.47         0.44         0.41         0.45         0.36         0.35         0.34         0.59
        0.84         0.42         0.99         0.42         0.31         0.32         0.27         0.28         0.45
        0.79         0.76         0.95         1.18         0.42         0.47         0.17         0.21         0.41
        0.81         0.99         0.80         0.66         0.25         0.23         0.16         0.14         0.27
        0.48         0.59         0.53         0.45         0.28         0.44         0.37         0.11         0.09
        0.18         0.54         0.86         0.60         0.37         1.52         0.43         0.09         0.14
     86400      9     13
        1.17         1.01         1.25         0.83         0.72         2.14         1.00         0.75         0.55
        1.40         1.83         0.51         1.14         1.99         1.09         1.08         1.16         0.24
        1.17         1.01         1.52         1.36         0.73         0.67         0.85         0.75         0.32
        0.84         1.75         1.34         2.93         0.85         0.46         1.05         0.30         0.66
        0.87         1.10         1.32         2.66         1.99         0.65         0.82         0.87         0.78
        0.48         0.85         0.95         0.57         0.87         0.72         1.17         0.95         0.63
        0.52         1.68         0.35         0.72         0.88         0.36         0.74         0.45         0.60
        1.02         0.56         0.37         0.19         0.32         0.09         0.48         0.70         0.52
        1.29         0.44         0.92         0.94         0.26         0.19         0.40         0.34         0.32
        0.96         1.29         0.57         0.36         0.28         0.27         0.29         0.38         0.28
        0.12         0.72         0.46         0.31         0.16         0.12         0.14         0.22         0.10
        0.04         0.66         0.83         0.72         0.15         0.09         0.10         0.13         0.21
        0.13         0.28         0.25         0.19         0.23         0.87         0.15         0.21         0.27
    172800      9     13
        0.25         1.10         0.83         0.18         0.49         0.24         0.20         0.31         0.19
        0.55         0.73         0.43         0.59         0.28         0.27         0.57         0.25         0.11
        0.21         0.27         0.58         0.48         0.20         0.59         0.26         0.22         0.15
        0.24         0.59         0.47         0.74         0.25         0.18         0.28         0.16         0.22
        0.22         0.22         0.26         0.39         0.89         0.17         0.20         0.23         0.30
        0.24         0.26         0.38         0.64         0.47         0.38         0.26         0.31         0.30
        0.25         0.22         0.13         0.38         0.38         0.34         0.27         0.25         0.26
        0.14         0.07         0.43         0.15         0.15         0.14         0.14         0.10         0.15
        0.06         0.13         0.12         0.13         0.04         0.14         0.34         0.16         0.12
        0.24         0.31         0.10         0.06         0.17         0.21         0.18         0.07         0.11
        0.97         0.30         0.05         0.10         0.05         0.04         0.09         0.09         0.15
        0.17         0.18         0.31         0.17         0.07         0.04         0.10         0.09         0.08
        0.10         0.14         0.21         0.18         0.14         0.79         0.09         0.09         0.14
    259200      9     13
        0.63         0.89         0.76         0.47         0.49         0.55         0.23         0.31         0.43
        1.30         0.76         0.37         0.37         0.29         0.22         0.30         0.29         0.40
        0.36         0.46         0.42         0.20         0.26         0.24         0.19         0.18         0.26
        0.25         0.63         0.54         0.39         0.33         0.27         0.25         0.30         0.29
        0.27         0.36         0.29         0.34         0.56         0.34         0.34         0.39         0.32
        0.07         0.13         0.49         0.30         0.51         0.32         0.21         0.36         0.52
        0.27         0.62         0.18         0.37         0.33         0.20         0.28         0.24         0.86
        0.27         0.32         0.32         0.07         0.14         0.16         0.14         0.27         0.78
        0.38         0.28         0.29         0.36         0.09         0.12         0.24         0.22         0.42
        0.49         0.06         0.11         0.12         0.29         0.12         0.14         0.31         0.36
        0.83         0.26         0.17         0.15         0.07         0.14         0.22         0.20         0.27
        0.54         0.55         0.47         0.36         0.13         0.11         0.17         0.12         0.16
        0.21         0.33         0.39         0.48         0.29         0.95         0.09         0.07         0.21
    345600      9     13
        0.63         1.02         0.97         0.57         0.55         0.43         0.43         0.28         0.50
        1.00         1.27         0.67         0.48         0.55         0.37         0.19         0.64         0.22
        0.75         0.80         0.41         0.88         0.17         0.63         0.26         0.23         0.22
        0.45         0.67         0.64         0.99         0.54         0.21         0.36         0.15         0.40
        0.31         0.63         0.57         0.63         0.69         0.30         0.39         0.26         0.42
        0.15         0.78         0.78         0.76         0.48         0.25         0.19         0.37         0.50
        0.49         0.82         0.44         0.35         0.23         0.25         0.31         0.34         0.32
        0.58         0.42         0.49         0.18         0.51         0.44         0.34         0.22         0.26
        0.44         0.29         0.20         0.39         0.28         0.62         0.57         0.31         0.19
        0.38         0.21         0.51         0.29         0.40         0.23         0.40         0.46         0.68
        0.71         0.46         0.36         0.15         0.13         0.27         0.34         0.50         0.32
        0.39         0.61         0.40         0.57         0.07         0.17         0.32         0.24         0.48
        0.90         0.21         0.32         0.14         0.13         0.65         0.24         0.19         0.18
    432000      9     13
        0.70         0.70         0.60         0.35         0.45         0.39         0.50         0.36         0.28
        0.78         0.86         0.45         0.47         0.33         0.40         0.54         0.22         0.23
        0.31         0.55         0.51         0.49         0.22         0.66         0.16         0.41         0.28
        0.27         0.53         0.43         0.43         0.29         0.27         0.45         0.38         0.39
        0.14         0.47         0.39         0.45         0.41         0.20         0.41         0.49         0.55
        0.13         0.48         0.35         0.36         0.33         0.28         0.15         0.47         0.64
        0.27         0.39         0.18         0.21         0.34         0.33         0.36         0.25         0.57
        0.37         0.45         0.49         0.19         0.24         0.71         0.44         0.44         0.54
        0.84         0.48         0.34         0.30         0.34         0.47         0.33         0.37         0.50
        0.60         0.44         0.24         0.53         0.23         0.14         0.24         0.35         0.33
        0.51         0.25         0.16         0.13         0.12         0.17         0.29         0.18         0.27
        0.62         0.37         0.33         0.24         0.08         0.28         0.15         0.10         0.42
        0.49         0.47         0.60         0.21         0.50         0.54         0.31         0.34         0.24
    518400      9     13
        0.60         1.05         0.68         0.69         0.79         0.21         0.17         0.36         0.31
        0.63         0.56         0.34         0.50         0.40         0.18         0.34         0.47         0.26
        0.27         0.34         0.44         0.35         0.19         0.22         0.40         0.38         0.16
        0.16         0.52         0.40         1.08         0.34         0.15         0.27         0.29         0.40
        0.10         0.42         0.30         0.55         0.75         0.32         0.27         0.52         0.75
        0.31         0.16         0.47         0.25         0.27         0.27         0.35         0.31         0.66
        0.16         0.25         0.21         0.56         0.25         0.10         0.19         0.30         0.54
        0.07         0.14         0.24         0.08         0.12         0.05         0.19         0.55         0.29
        0.16         0.22         0.30         0.29         0.15         0.17         0.32         0.37         0.36
        0.25         0.16         0.16         0.25         0.23         0.21         0.27         0.42         0.42
        0.28         0.22         0.21         0.13         0.10         0.09         0.12         0.34         0.25
        0.44         0.11         0.17         0.17         0.05         0.11         0.09         0.03         0.13
        0.19         0.24         0.09         0.13         0.18         0.53         0.20         0.06         0.20
    604800      9     13
        1.23         1.15         1.23         0.95         0.51         0.33         0.56         0.40         0.64
        0.84         1.20         0.59         0.45         0.47         0.24         0.55         0.29         0.18
        0.38         0.23         0.44         0.39         0.29         0.15         0.37         0.46         0.18
        0.09         0.11         0.75         0.91         0.23         0.15         0.36         0.31         0.51
        0.18         0.41         0.42         1.34         1.23         0.26         0.44         0.38         0.27
        0.47         0.31         0.48         0.75         0.70         0.21         0.23         0.31         0.32
        0.51         0.84         0.43         0.48         0.69         0.19         0.36         0.45         0.29
        0.46         0.56         0.30         0.22         0.39         0.16         0.47         0.31         0.24
        0.42         0.37         0.50         0.59         0.13         0.14         0.24         0.25         0.12
        0.51         0.60         0.74         0.64         0.25         0.34         0.16         0.11         0.07
        0.33         0.50         0.59         0.24         0.06         0.15         0.14         0.06         0.06
        0.16         0.43         0.61         0.61         0.10         0.07         0.07         0.05         0.07
        0.22         0.20         0.54         0.54         0.12         0.68         0.07         0.08         0.07
    691200      9     13
        1.24         1.50         1.11         1.38         0.82         0.51         0.58         1.08         1.06
        1.03         1.34         0.75         0.53         0.59         0.61         0.34         0.95         0.64
        0.58         0.51         0.87         0.99         0.67         0.34         0.70         0.79         0.40
        0.33         0.48         1.04         1.16         0.91         0.25         0.47         0.46         0.42
        0.39         0.13         0.36         1.23         1.19         0.22         0.37         0.68         0.98
        0.19         0.25         0.42         0.42         0.65         0.17         0.11         0.89         1.11
        0.22         0.59         0.08         0.44         0.40         0.28         0.33         0.72         0.52
        0.19         0.14         0.14         0.11         0.13         0.17         0.06         0.40         0.33
        0.22         0.13         0.43         0.37         0.08         0.10         0.24         0.32         0.34
        0.35         0.53         0.44         0.57         0.26         0.10         0.08         0.11         0.08
        0.37         0.43         0.32         0.21         0.15         0.13         0.11         0.16         0.05
        0.34         0.35         0.26         0.15         0.09         0.17         0.13         0.11         0.15
        0.26         0.25         0.33         0.29         0.21         1.02         0.20         0.12         0.19
    777600      9     13
        1.54         2.00         2.00         1.68         1.53         1.61         1.08         0.85         1.22
        2.30         1.78         1.39         1.52         2.00         1.15         1.01         1.19         1.04
        1.47         1.08         1.27         1.66         1.22         1.09         1.30         1.25         0.45
        0.40         1.65         1.37         2.06         1.13         0.54         0.87         1.26         1.09
        0.47         0.85         1.30         1.95         1.31         0.73         0.99         1.29         1.11
        0.52         0.74         0.97         1.06         0.93         0.62         0.62         1.50         1.47
        0.45         0.50         0.20         0.75         0.65         0.33         1.07         1.31         1.26
        0.56         0.41         0.50         0.18         0.30         0.37         0.43         0.65         0.60
        0.60         0.53         1.00         0.61         0.45         0.37         0.50         0.57         0.85
        0.74         0.69         0.63         0.55         0.34         0.55         0.35         0.56         0.59
        1.16         0.83         0.61         0.28         0.14         0.18         0.09         0.24         0.28
        0.51         0.79         0.44         0.48         0.36         0.17         0.16         0.12         0.11
        0.51         0.32         0.53         0.49         0.57         1.26         0.22         0.06         0.23