         0      9     13
        0.02         0.01         0.04         0.33         0.17         0.30         0.35         0.17         0.20
        0.00         0.00         0.02         0.30         0.15         0.09         0.36         0.46         0.15
        0.00         0.00         0.07         0.04         0.34         0.26         0.37         0.16         0.18
        0.00         0.01         0.01         0.45         0.10         0.16         0.63         0.14         0.32
        0.00         0.00         0.01         0.01         0.11         0.10         0.62         0.33         0.45
        0.00         0.00         0.01         0.00         0.03         0.03         0.22         0.13         0.21
        0.00         0.01         0.00         0.01         0.05         0.02         0.00         0.07         0.17
        0.00         0.01         0.03         0.01         0.00         0.00         0.00         0.05         0.22
        0.00         0.02         0.02         0.08         0.00         0.01         0.00         0.04         0.05
        0.00         0.01         0.19         0.01         0.10         0.00         0.01         0.02         0.09
        0.00         0.00         0.01         0.02         0.03         0.00         0.02         0.01         0.07
        0.01         0.02         0.11         0.03         0.01         0.01         0.03         0.03         0.13
        0.00         0.00         0.00         0.10         0.11         0.06         0.02         0.06         0.02
     86400      9     13
        0.05         0.02         0.06         0.02         0.10         0.03         0.33         0.55         0.28
        0.12         0.10         0.05         0.02         0.06         0.11         0.15         0.41         0.51
        0.19         0.38         0.28         0.03         0.02         0.05         0.25         0.17         0.14
        0.04         0.25         0.27         0.31         0.20         0.14         0.08         0.27         0.29
        0.19         0.11         0.20         0.81         0.62         0.31         0.25         0.32         0.30
        0.14         0.34         0.25         0.61         0.40         0.41         0.43         0.34         0.22
        0.32         0.13         0.20         0.19         0.59         0.34         0.30         0.12         0.05
        0.44         0.42         0.28         0.32         0.27         0.38         0.37         0.11         0.13
        0.80         0.45         0.24         0.07         0.06         0.15         0.18         0.10         0.06
        0.41         0.20         0.19         0.12         0.12         0.07         0.04         0.08         0.03
        0.74         0.42         0.54         0.11         0.07         0.05         0.29         0.03         0.23
        0.52         0.65         0.12         0.15         0.09         0.08         0.11         0.03         0.07
        0.72         0.68         0.32         0.31         0.23         0.11         0.16         0.11         0.00
    172800      9     13
        0.40         0.46         0.31         0.07         0.13         0.16         0.23         0.06         0.06
        0.60         0.33         0.29         0.35         0.18         0.08         0.15         0.11         0.14
        0.55         0.45         0.47         0.06         0.17         0.21         0.17         0.04         0.06
        0.40         0.59         0.44         0.16         0.11         0.33         0.24         0.04         0.34
        0.43         0.53         0.40         0.05         0.04         0.14         0.13         0.12         0.14
        0.71         0.47         0.33         0.02         0.02         0.11         0.29         0.02         0.16
        0.85         0.54         0.25         0.01         0.04         0.36         0.14         0.25         0.17
        0.45         0.53         0.32         0.17         0.08         0.40         0.04         0.17         0.50
        0.53         0.12         0.05         0.38         0.19         0.23         0.11         0.12         0.39
        0.14         0.23         0.15         0.20         0.47         0.12         0.08         0.39         0.17
        0.14         0.07         0.16         0.24         0.53         0.18         0.61         0.61         0.66
        0.19         0.04         0.13         0.22         0.16         0.03         0.34         0.32         0.41
        0.17         0.26         0.16         0.28         0.30         0.06         0.22         0.22         0.11
    259200      9     13
        0.82         1.10         1.32         0.56         0.62         0.31         0.70         0.63         0.47
        1.54         0.38         0.87         0.60         0.65         0.78         0.57         0.55         0.62
        0.66         0.78         0.47         0.66         0.60         0.64         0.64         0.46         0.57
        1.07         0.89         0.45         0.73         0.87         0.46         0.44         0.48         0.58
        0.51         0.75         0.68         0.44         0.77         0.50         0.35         0.62         0.43
        0.43         0.47         0.65         0.51         0.64         0.60         0.56         0.55         0.58
        1.38         0.44         0.39         0.43         0.73         0.66         0.41         0.54         0.84
        1.29         0.43         0.74         0.44         0.64         0.30         0.23         0.26         1.01
        0.90         0.82         0.56         0.68         0.52         0.38         0.40         0.36         0.58
        0.60         0.95         0.45         0.55         0.63         0.38         0.40         0.42         0.95
        0.67         0.54         0.16         0.29         0.79         0.36         0.80         0.25         0.71
        0.59         0.59         0.25         0.55         0.37         0.26         0.78         0.33         0.46
        0.74         0.75         0.35         0.31         0.62         0.31         0.90         0.57         0.48
    345600      9     13
        1.38         1.53         0.64         0.45         0.31         0.09         0.12         0.07         0.31
        0.86         0.49         0.75         0.18         0.16         0.14         0.14         0.14         0.16
        0.34         0.56         0.25         0.09         0.07         0.08         0.23         0.18         0.39
        0.29         0.47         0.16         0.21         0.15         0.16         0.27         0.25         0.13
        0.37         0.23         0.18         0.19         0.20         0.15         0.13         0.16         0.27
        0.07         0.22         0.21         0.22         0.27         0.25         0.25         0.20         0.28
        0.17         0.11         0.15         0.30         0.34         0.21         0.32         0.27         0.37
        0.25         0.09         0.09         0.07         0.26         0.24         0.30         0.41         0.33
        0.14         0.25         0.07         0.19         0.14         0.19         0.10         0.41         0.24
        0.19         0.38         0.14         0.31         0.32         0.09         0.11         0.19         0.21
        0.41         0.55         0.26         0.40         0.45         0.21         0.28         0.21         0.16
        0.90         0.49         0.29         0.57         0.32         0.17         0.38         0.17         0.20
        0.73         0.60         0.35         0.24         0.32         0.27         0.40         0.48         0.44
    432000      9     13
        0.01         0.14         0.08         0.26         0.17         0.04         0.05         0.03         0.01
        0.03         0.05         0.08         0.14         0.05         0.04         0.08         0.03         0.03
        0.05         0.01         0.11         0.08         0.03         0.08         0.19         0.14         0.09
        0.02         0.02         0.06         0.16         0.09         0.08         0.24         0.12         0.25
        0.02         0.07         0.06         0.19         0.09         0.15         0.62         0.04         0.17
        0.01         0.03         0.15         0.19         0.17         0.28         0.54         0.30         0.21
        0.06         0.20         0.16         0.08         0.08         0.33         0.37         0.28         0.25
        0.04         0.05         0.24         0.12         0.20         0.20         0.38         0.42         0.14
        0.09         0.09         0.52         0.22         0.16         0.47         0.11         0.40         0.40
        0.12         0.19         0.23         0.19         0.59         0.36         0.59         0.68         0.35
        0.02         0.04         0.17         0.44         0.57         0.40         0.69         0.36         0.41
        0.02         0.07         0.14         0.27         0.13         0.31         0.78         0.21         0.35
        0.14         0.05         0.06         0.11         0.99         0.44         0.26         0.39         0.32
    518400      9     13
        0.02         0.01         0.03         0.02         0.04         0.03         0.03         0.02         0.01
        0.01         0.01         0.01         0.02         0.03         0.01         0.02         0.03         0.03
        0.01         0.01         0.03         0.03         0.03         0.04         0.03         0.03         0.06
        0.00         0.03         0.02         0.04         0.12         0.08         0.01         0.02         0.09
        0.01         0.03         0.06         0.03         0.13         0.06         0.01         0.04         0.09
        0.01         0.03         0.07         0.01         0.04         0.03         0.04         0.01         0.06
        0.02         0.01         0.04         0.01         0.08         0.07         0.02         0.03         0.04
        0.03         0.01         0.06         0.02         0.04         0.03         0.05         0.07         0.03
        0.02         0.07         0.06         0.09         0.05         0.08         0.05         0.04         0.04
        0.10         0.03         0.02         0.05         0.21         0.10         0.09         0.04         0.07
        0.02         0.02         0.04         0.12         0.09         0.07         0.06         0.08         0.07
        0.03         0.02         0.04         0.10         0.14         0.16         0.16         0.06         0.07
        0.01         0.02         0.03         0.06         0.12         0.31         0.04         0.12         0.13
    604800      9     13
        0.03         0.00         0.01         0.01         0.02         0.01         0.01         0.01         0.01
        0.00         0.00         0.01         0.01         0.01         0.01         0.01         0.01         0.01
        0.00         0.00         0.01         0.01         0.01         0.01         0.03         0.02         0.03
        0.00         0.01         0.01         0.03         0.05         0.02         0.01         0.04         0.08
        0.01         0.01         0.02         0.02         0.04         0.03         0.01         0.05         0.13
        0.00         0.01         0.02         0.01         0.03         0.04         0.04         0.02         0.08
        0.01         0.02         0.01         0.01         0.07         0.12         0.13         0.04         0.13
        0.02         0.00         0.03         0.03         0.06         0.05         0.02         0.14         0.24
        0.01         0.08         0.03         0.02         0.01         0.08         0.27         0.06         0.18
        0.29         0.04         0.02         0.04         0.14         0.45         0.24         0.07         0.17
        0.05         0.02         0.06         0.27         0.28         0.18         0.49         0.07         0.30
        0.10         0.02         0.07         0.10         0.33         0.55         0.52         0.29         0.06
        0.06         0.04         0.07         0.39         0.17         0.51         0.13         0.99         0.15
    691200      9     13
        0.00         0.00         0.01         0.01         0.01         0.00         0.01         0.01         0.00
        0.00         0.01         0.00         0.01         0.01         0.00         0.00         0.01         0.00
        0.00         0.00         0.01         0.01         0.01         0.01         0.02         0.01         0.01
        0.00         0.01         0.00         0.02         0.02         0.01         0.01         0.00         0.05
        0.01         0.00         0.00         0.01         0.04         0.01         0.00         0.01         0.02
        0.00         0.00         0.01         0.00         0.01         0.00         0.00         0.01         0.01
        0.00         0.01         0.00         0.01         0.01         0.00         0.01         0.00         0.01
        0.00         0.00         0.01         0.00         0.00         0.00         0.00         0.00         0.00
        0.00         0.01         0.01         0.00         0.00         0.00         0.00         0.00         0.01
        0.01         0.01         0.01         0.00         0.01         0.00         0.00         0.00         0.01
        0.01         0.02         0.01         0.01         0.00         0.00         0.00         0.00         0.01
        0.01         0.02         0.02         0.03         0.01         0.00         0.00         0.00         0.00
        0.02         0.01         0.00         0.01         0.02         0.08         0.01         0.00         0.00
    777600      9     13
        0.00         0.00         0.00         0.00         0.01         0.01         0.02         0.00         0.00
        0.00         0.00         0.00         0.01         0.00         0.00         0.00         0.00         0.01
        0.00         0.00         0.01         0.01         0.00         0.02         0.02         0.00         0.01
        0.00         0.00         0.00         0.01         0.01         0.01         0.01         0.00         0.13
        0.00         0.00         0.00         0.00         0.00         0.00         0.00         0.01         0.01
        0.00         0.00         0.01         0.00         0.00         0.00         0.00         0.00         0.01
        0.00         0.01         0.01         0.00         0.00         0.00         0.01         0.00         0.00
        0.00         0.00         0.03         0.01         0.00         0.00         0.00         0.00         0.00
        0.00         0.01         0.00         0.01         0.01         0.00         0.00         0.00         0.00
        0.01         0.00         0.00         0.00         0.02         0.01         0.00         0.00         0.00
        0.00         0.00         0.00         0.01         0.00         0.00         0.00         0.00         0.00
        0.00         0.00         0.00         0.00         0.00         0.00         0.00         0.00         0.00
        0.00         0.00         0.00         0.00         0.02         0.03         0.00         0.00         0.00