         0      9     13
        0.22         0.04         0.11         0.04         0.13         0.23         0.04         0.03         0.09
        0.15         0.17         0.05         0.08         0.06         0.06         0.06         0.02         0.10
        0.08         0.12         0.06         0.07         0.06         0.03         0.04         0.09         0.66
        0.12         0.02         0.06         0.01         0.14         0.05         0.07         0.19         0.22
        0.09         0.01         0.03         0.03         0.02         0.05         0.08         0.03         0.08
        0.05         0.05         0.03         0.06         0.05         0.02         0.02         0.04         0.09
        0.09         0.04         0.02         0.02         0.05         0.05         0.10         0.04         0.08
        0.04         0.20         0.04         0.05         0.02         0.12         0.28         0.04         0.05
        0.03         0.23         0.07         0.06         0.03         0.06         0.11         0.06         0.02
        0.14         0.20         0.10         0.23         0.16         0.05         0.03         0.04         0.04
        0.20         0.37         0.55         0.32         0.09         0.05         0.11         0.14         0.05
        0.21         0.28         0.28         0.16         0.33         0.28         0.11         0.44         0.10
        0.46         0.12         0.13         0.62         0.62         0.04         0.14         0.16         0.22
     86400      9     13
        0.46         0.24         0.22         0.03         0.02         0.02         0.02         0.01         0.01
        0.62         0.37         0.05         0.03         0.01         0.01         0.02         0.02         0.02
        0.53         0.16         0.09         0.06         0.05         0.03         0.02         0.01         0.01
        0.80         0.60         0.30         0.22         0.37         0.12         0.06         0.02         0.17
        0.39         0.23         0.43         0.23         0.56         0.21         0.14         0.09         0.08
        0.45         0.39         0.50         0.62         0.28         0.19         0.45         0.23         0.25
        0.30         0.21         0.18         0.32         0.22         0.45         0.58         0.62         0.29
        0.40         0.16         0.43         0.07         0.09         0.17         0.91         0.62         0.22
        0.31         0.18         0.08         0.13         0.10         0.26         1.13         0.37         0.04
        0.08         0.15         0.17         0.14         0.12         0.57         0.60         0.79         0.61
        0.62         0.33         0.37         0.15         0.16         0.19         0.45         0.97         0.63
        0.84         0.21         0.09         0.31         0.17         0.58         0.35         1.26         1.27
        0.62         0.65         0.53         0.12         0.29         0.83         0.33         0.72         0.77
    172800      9     13
        0.09         0.02         0.04         0.01         0.02         0.01         0.02         0.00         0.01
        0.06         0.09         0.02         0.03         0.02         0.01         0.02         0.01         0.02
        0.24         0.11         0.09         0.05         0.03         0.04         0.03         0.01         0.03
        0.07         0.09         0.31         0.05         0.07         0.03         0.01         0.01         0.06
        0.08         0.07         0.17         0.18         0.02         0.06         0.05         0.07         0.04
        0.03         0.06         0.13         0.04         0.14         0.11         0.03         0.08         0.11
        0.07         0.03         0.03         0.03         0.04         0.09         0.05         0.12         0.52
        0.02         0.09         0.01         0.03         0.04         0.08         0.02         0.04         0.09
        0.04         0.04         0.02         0.01         0.06         0.06         0.03         0.02         0.05
        0.10         0.04         0.02         0.02         0.10         0.08         0.03         0.02         0.04
        0.07         0.12         0.07         0.02         0.11         0.05         0.10         0.02         0.03
        0.21         0.38         0.06         0.08         0.07         0.03         0.11         0.05         0.04
        0.44         0.91         0.35         0.18         0.06         0.02         0.09         0.13         0.06
    259200      9     13
        0.00         0.00         0.01         0.00         0.00         0.00         0.00         0.00         0.00
        0.01         0.04         0.01         0.00         0.00         0.00         0.00         0.00         0.00
        0.03         0.00         0.01         0.00         0.00         0.00         0.00         0.00         0.00
        0.03         0.01         0.02         0.00         0.06         0.00         0.00         0.00         0.00
        0.02         0.02         0.07         0.00         0.05         0.00         0.00         0.00         0.01
        0.01         0.02         0.06         0.00         0.02         0.02         0.01         0.00         0.00
        0.03         0.03         0.02         0.00         0.04         0.01         0.00         0.01         0.00
        0.02         0.01         0.06         0.01         0.01         0.00         0.00         0.00         0.00
        0.02         0.05         0.01         0.03         0.00         0.00         0.00         0.00         0.00
        0.04         0.02         0.00         0.00         0.03         0.00         0.00         0.00         0.00
        0.02         0.02         0.00         0.02         0.01         0.00         0.00         0.00         0.00
        0.02         0.03         0.01         0.01         0.04         0.00         0.07         0.00         0.00
        0.05         0.02         0.04         0.02         0.05         0.00         0.00         0.00         0.00
    345600      9     13
        0.00         0.00         0.00         0.00         0.00         0.01         0.00         0.00         0.00
        0.00         0.00         0.02         0.00         0.00         0.00         0.00         0.00         0.00
        0.00         0.00         0.02         0.01         0.00         0.00         0.00         0.00         0.00
        0.00         0.00         0.01         0.00         0.01         0.00         0.00         0.00         0.00
        0.00         0.01         0.01         0.01         0.00         0.02         0.00         0.00         0.00
        0.00         0.01         0.03         0.00         0.00         0.01         0.00         0.00         0.00
        0.01         0.00         0.02         0.00         0.00         0.00         0.00         0.00         0.00
        0.01         0.00         0.03         0.00         0.00         0.00         0.00         0.00         0.00
        0.01         0.01         0.01         0.01         0.00         0.00         0.00         0.00         0.00
        0.02         0.01         0.00         0.01         0.00         0.00         0.00         0.00         0.00
        0.01         0.01         0.01         0.00         0.00         0.00         0.00         0.00         0.00
        0.01         0.01         0.02         0.01         0.01         0.00         0.01         0.00         0.00
        0.01         0.01         0.01         0.01         0.00         0.01         0.05         0.00         0.00
    432000      9     13
        0.19         0.44         0.06         0.11         0.05         0.03         0.03         0.06         0.01
        0.40         0.39         0.25         0.07         0.03         0.05         0.03         0.03         0.00
        0.20         0.21         0.14         0.10         0.03         0.10         0.06         0.02         0.02
        0.22         0.25         0.13         0.21         0.26         0.18         0.03         0.03         0.12
        0.12         0.18         0.23         0.31         0.18         0.08         0.10         0.08         0.30
        0.05         0.24         0.36         0.27         0.29         0.21         0.06         0.17         0.17
        0.07         0.21         0.26         0.53         0.37         0.25         0.09         0.11         0.38
        0.26         0.37         0.49         0.17         0.61         0.37         0.21         0.43         0.96
        0.25         0.36         0.25         0.38         0.40         0.43         0.60         0.89         0.97
        0.41         0.32         0.21         0.33         0.37         0.31         0.36         0.64         0.62
        0.07         0.35         0.58         0.56         0.42         0.20         0.22         0.70         0.42
        0.04         0.14         0.42         0.57         0.55         0.10         0.17         0.13         0.32
        0.02         0.20         0.13         0.41         0.19         0.14         0.17         0.11         0.44
    518400      9     13
        0.02         0.02         0.03         0.01         0.00         0.00         0.00         0.00         0.00
        0.01         0.01         0.03         0.05         0.02         0.01         0.00         0.00         0.00
        0.01         0.05         0.04         0.09         0.02         0.01         0.00         0.00         0.00
        0.10         0.02         0.34         0.10         0.80         0.20         0.00         0.00         0.00
        0.04         0.06         0.13         0.46         0.29         0.48         0.00         0.00         0.01
        0.01         0.08         0.27         0.30         0.04         0.59         0.00         0.01         0.00
        0.02         0.11         0.35         0.20         0.03         0.46         0.04         0.01         0.01
        0.21         0.12         0.32         0.06         0.25         0.29         0.28         0.02         0.01
        0.06         0.13         0.19         0.19         0.11         0.15         0.37         0.06         0.01
        0.14         0.10         0.07         0.29         0.30         0.35         0.24         0.16         0.01
        0.12         0.25         0.09         0.22         0.38         0.42         0.10         0.05         0.04
        0.06         0.11         0.16         0.34         0.32         0.18         0.32         0.03         0.18
        0.17         0.09         0.15         0.66         0.20         0.39         0.36         0.45         0.22
    604800      9     13
        0.00         0.00         0.00         0.00         0.00         0.00         0.00         0.00         0.00
        0.00         0.00         0.00         0.00         0.00         0.00         0.00         0.00         0.00
        0.00         0.00         0.00         0.00         0.00         0.00         0.00         0.00         0.00
        0.00         0.00         0.00         0.00         0.00         0.00         0.00         0.00         0.00
        0.00         0.00         0.00         0.00         0.01         0.00         0.00         0.00         0.00
        0.00         0.00         0.00         0.00         0.00         0.00         0.00         0.00         0.00
        0.00         0.00         0.00         0.01         0.02         0.00         0.00         0.00         0.00
        0.00         0.00         0.00         0.00         0.01         0.00         0.00         0.00         0.00
        0.00         0.02         0.00         0.00         0.01         0.00         0.00         0.00         0.00
        0.00         0.01         0.00         0.00         0.00         0.00         0.00         0.00         0.00
        0.00         0.04         0.00         0.00         0.01         0.00         0.00         0.01         0.01
        0.03         0.01         0.01         0.02         0.01         0.00         0.02         0.00         0.01
        0.05         0.02         0.02         0.07         0.02         0.00         0.03         0.00         0.01
    691200      9     13
        0.00         0.00         0.00         0.00         0.00         0.00         0.00         0.00         0.00
        0.00         0.00         0.00         0.00         0.00         0.00         0.00         0.00         0.00
        0.00         0.00         0.00         0.00         0.00         0.00         0.00         0.00         0.00
        0.00         0.00         0.00         0.00         0.03         0.00         0.00         0.00         0.00
        0.00         0.00         0.00         0.00         0.00         0.00         0.00         0.00         0.01
        0.00         0.00         0.00         0.00         0.00         0.00         0.00         0.00         0.01
        0.00         0.00         0.00         0.00         0.01         0.00         0.00         0.00         0.00
        0.00         0.00         0.02         0.00         0.01         0.00         0.00         0.01         0.00
        0.00         0.01         0.01         0.07         0.00         0.00         0.00         0.01         0.01
        0.01         0.02         0.00         0.00         0.00         0.00         0.00         0.01         0.02
        0.07         0.01         0.01         0.00         0.01         0.00         0.00         0.01         0.02
        0.05         0.01         0.03         0.06         0.02         0.00         0.07         0.02         0.00
        0.03         0.01         0.02         0.29         0.03         0.00         0.10         0.04         0.00
    777600      9     13
        0.00         0.00         0.00         0.00         0.00         0.00         0.00         0.00         0.00
        0.00         0.00         0.00         0.00         0.00         0.00         0.00         0.00         0.01
        0.00         0.00         0.01         0.00         0.00         0.00         0.00         0.01         0.00
        0.00         0.00         0.00         0.00         0.00         0.00         0.00         0.00         0.01
        0.00         0.01         0.03         0.00         0.00         0.01         0.00         0.01         0.02
        0.00         0.01         0.04         0.00         0.00         0.01         0.02         0.01         0.01
        0.02         0.01         0.04         0.00         0.01         0.04         0.01         0.02         0.01
        0.02         0.00         0.10         0.02         0.05         0.03         0.02         0.02         0.02
        0.02         0.05         0.03         0.03         0.03         0.09         0.00         0.01         0.02
        0.05         0.02         0.02         0.00         0.06         0.01         0.01         0.01         0.03
        0.02         0.02         0.04         0.07         0.02         0.01         0.03         0.01         0.01
        0.02         0.03         0.02         0.05         0.06         0.02         0.04         0.00         0.03
        0.02         0.02         0.02         0.03         0.05         0.04         0.05         0.04         0.02