         0      9     13
        2.03         2.45         2.25         2.27         2.33         2.24         1.92         1.89         1.69
        1.89         1.74         1.79         1.80         1.84         1.91         1.66         1.54         1.50
        1.38         1.56         1.37         1.35         1.27         1.36         1.60         1.22         0.93
        1.10         1.19         1.01         1.57         1.39         1.41         1.00         0.82         0.86
        0.68         0.74         0.63         1.35         1.06         0.84         0.66         0.74         0.79
        0.41         0.40         0.65         0.49         0.71         0.45         0.35         0.52         1.14
        0.44         0.54         0.24         0.55         0.42         0.21         0.20         0.28         0.93
        0.38         0.17         0.29         0.20         0.19         0.12         0.14         0.20         0.21
        0.22         0.39         0.61         0.24         0.22         0.13         0.13         0.20         0.20
        0.29         0.49         0.53         0.38         0.31         0.11         0.14         0.07         0.17
        0.34         0.54         0.63         0.44         0.17         0.18         0.09         0.11         0.08
        0.74         0.92         0.53         1.05         0.41         0.57         0.26         0.11         0.06
        0.36         0.32         0.52         0.59         0.44         1.26         0.25         0.05         0.05
     86400      9     13
        2.12         2.84         3.35         2.64         3.40         2.06         1.67         1.96         1.61
        2.28         3.06         3.36         3.13         2.30         3.69         2.22         1.88         1.19
        2.30         2.69         2.96         2.41         2.48         2.79         1.88         1.29         1.44
        1.64         2.02         2.62         3.39         2.12         2.17         1.78         1.31         1.59
        0.98         1.08         1.46         2.17         1.95         1.83         2.08         1.61         1.18
        1.01         0.90         1.15         1.16         1.79         1.64         1.93         1.58         1.32
        0.70         0.71         0.48         0.64         0.83         1.09         1.83         1.63         1.52
        0.66         0.47         0.64         0.45         0.87         1.01         1.24         1.72         1.58
        0.42         0.44         0.82         0.96         0.87         0.81         1.11         2.00         1.76
        0.62         1.18         1.00         0.96         0.81         0.72         0.93         1.02         1.12
        0.97         0.76         0.82         0.80         0.60         0.62         0.61         0.94         0.90
        0.71         0.73         0.81         0.72         0.62         0.97         0.94         0.56         1.06
        0.26         0.40         0.74         1.12         1.27         1.56         1.19         0.62         1.28
    172800      9     13
        0.88         1.40         1.94         1.73         1.82         1.85         1.30         0.80         0.85
        1.59         2.04         1.49         1.83         2.00         1.38         0.87         1.40         1.21
        0.74         1.17         1.29         1.42         1.45         0.98         0.95         1.08         0.51
        0.90         1.37         1.35         1.39         1.04         1.13         1.00         0.67         0.71
        0.56         0.84         0.87         1.22         1.55         1.22         1.04         0.82         0.81
        0.64         0.80         1.20         0.70         0.90         0.79         0.68         0.71         0.45
        0.59         1.37         1.06         0.83         0.83         0.67         0.81         0.41         0.67
        0.85         0.74         0.65         0.59         0.83         0.90         0.49         0.54         0.66
        0.51         0.24         0.55         0.35         0.30         0.52         0.82         0.79         0.47
        0.89         0.51         0.72         0.91         0.31         1.00         0.60         0.43         0.29
        0.36         0.50         0.31         0.33         0.32         0.30         0.27         0.28         0.51
        0.41         0.37         0.62         0.58         0.22         0.21         0.23         0.49         0.39
        0.54         0.40         0.56         0.53         0.24         1.09         0.36         0.31         1.02
    259200      9     13
        0.34         0.43         0.69         0.55         0.50         0.50         0.33         0.26         0.28
        0.12         0.46         0.52         0.41         0.60         0.39         0.29         0.55         0.64
        0.11         0.62         0.59         0.57         0.38         0.27         0.21         0.68         0.15
        0.07         0.53         0.14         0.68         0.14         0.09         0.21         0.16         0.33
        0.27         0.41         0.45         0.35         0.24         0.06         0.07         0.25         0.46
        0.08         0.20         0.36         0.56         0.44         0.10         0.26         0.20         0.25
        0.13         0.13         0.17         0.20         0.19         0.56         0.37         0.09         0.07
        0.16         0.07         0.08         0.11         0.08         0.08         0.06         0.18         0.11
        0.12         0.16         0.60         0.22         0.08         0.10         0.13         0.09         0.07
        0.19         0.08         0.10         0.05         0.13         0.36         0.13         0.14         0.20
        0.21         0.19         0.09         0.10         0.06         0.07         0.36         0.07         0.37
        0.06         0.26         0.09         0.30         0.13         0.12         0.33         0.53         0.21
        0.13         0.04         0.05         0.19         0.27         0.50         0.09         0.12         0.40
    345600      9     13
        1.47         1.27         0.96         0.82         0.65         0.35         0.45         0.64         1.00
        0.87         1.01         0.92         0.72         0.91         0.62         0.30         0.65         1.13
        0.84         1.04         1.12         0.79         1.23         0.34         0.56         0.58         0.78
        0.98         1.14         1.26         1.43         0.78         0.45         0.37         0.41         0.46
        0.54         0.62         0.71         2.36         0.95         0.40         0.66         0.48         0.66
        0.25         0.55         1.06         1.21         1.45         0.54         0.74         0.56         0.72
        1.56         0.66         0.57         0.63         1.24         0.49         0.80         1.25         0.64
        0.84         0.76         0.58         1.08         0.57         0.46         0.84         0.43         1.06
        0.59         0.76         1.51         0.59         0.51         0.63         0.82         0.71         1.04
        0.52         0.43         0.92         0.78         0.32         0.51         0.82         0.68         0.87
        0.45         0.43         0.81         0.72         0.11         0.32         0.57         0.55         0.49
        0.65         0.25         0.86         1.03         0.46         0.51         0.37         0.39         0.49
        0.32         0.59         0.87         0.96         0.46         0.50         0.29         0.28         0.65
    432000      9     13
        0.85         1.01         0.66         0.66         0.89         0.65         0.44         0.28         0.13
        0.44         1.17         0.95         0.77         0.69         0.41         0.38         0.23         0.11
        0.98         0.84         1.08         0.78         0.42         0.89         0.47         0.36         0.66
        0.67         0.97         0.75         0.74         1.27         0.92         0.49         0.44         1.10
        0.76         1.22         1.16         1.15         0.61         0.52         0.57         0.85         1.10
        0.64         1.54         1.08         0.98         0.30         0.56         0.76         0.82         0.91
        0.93         1.32         1.06         0.76         0.53         0.69         0.79         0.87         0.98
        1.22         1.23         1.90         0.87         0.91         0.78         0.87         1.06         0.54
        1.59         1.42         2.08         1.47         1.17         0.97         0.60         0.77         0.78
        1.30         1.41         1.72         2.37         1.27         0.72         0.96         0.64         0.79
        2.03         2.15         2.25         1.15         0.83         1.08         1.28         0.95         1.06
        1.94         1.81         1.45         1.81         1.30         0.72         1.09         0.87         1.27
        0.73         1.49         1.73         2.04         0.99         1.09         1.07         1.28         1.43
    518400      9     13
        0.31         0.28         0.37         0.40         0.17         0.06         0.17         0.35         0.57
        0.19         0.40         0.13         0.30         0.24         0.08         0.11         0.26         0.50
        0.16         0.07         0.12         0.34         0.19         0.17         0.18         0.21         0.27
        0.21         0.03         0.07         0.10         0.18         0.11         0.14         0.27         0.40
        0.12         0.06         0.31         0.29         0.05         0.08         0.13         0.35         0.42
        0.29         0.15         0.25         0.46         0.42         0.07         0.18         0.43         0.84
        0.19         0.21         0.17         0.26         0.79         0.13         0.28         0.38         0.64
        0.56         0.13         0.41         0.14         0.21         0.16         0.31         1.14         0.55
        0.37         0.51         0.24         0.32         0.28         0.31         0.41         0.47         0.70
        1.00         0.47         0.27         0.18         0.15         0.16         0.39         0.45         0.43
        0.31         0.45         0.58         0.57         0.33         0.14         0.34         0.82         0.44
        0.57         0.42         0.40         0.68         0.77         0.74         0.43         0.57         0.76
        0.52         0.54         0.78         0.73         0.31         0.49         0.34         0.67         0.72
    604800      9     13
        0.34         0.40         0.52         0.35         0.13         0.08         0.07         0.02         0.07
        0.10         0.30         0.12         0.11         0.07         0.02         0.03         0.08         0.03
        0.40         0.33         0.18         0.14         0.05         0.06         0.10         0.11         0.05
        0.31         0.18         0.35         0.11         0.47         0.04         0.08         0.17         0.07
        0.25         0.21         0.49         0.24         0.09         0.11         0.31         0.16         0.17
        0.20         0.14         0.13         0.31         0.30         0.05         0.27         0.36         0.30
        0.28         0.19         0.12         0.28         0.55         0.17         0.32         0.38         0.33
        0.49         0.05         0.25         0.24         0.42         0.36         0.19         0.38         0.50
        0.24         0.85         0.32         0.51         0.53         0.51         0.77         0.38         0.20
        0.57         0.27         0.44         0.14         0.27         0.32         0.20         0.90         0.29
        0.18         0.15         0.55         0.62         0.26         0.26         0.41         0.54         0.77
        0.34         0.24         0.17         0.09         0.30         0.29         0.36         1.38         0.86
        0.36         0.37         0.33         0.25         0.86         0.68         0.25         0.50         0.71
    691200      9     13
        0.31         0.01         0.01         0.01         0.04         0.02         0.03         0.02         0.03
        0.12         0.07         0.02         0.04         0.02         0.01         0.02         0.04         0.04
        0.60         0.04         0.02         0.00         0.01         0.12         0.05         0.02         0.02
        0.09         0.06         0.04         0.01         0.21         0.01         0.05         0.01         0.10
        0.31         0.08         0.89         0.63         0.33         0.05         0.02         0.07         0.05
        0.58         0.28         0.54         0.53         0.54         0.09         0.04         0.27         0.25
        0.35         0.30         0.13         0.70         0.66         0.37         0.34         0.46         0.34
        0.21         0.10         0.34         1.05         0.49         0.53         0.69         0.55         0.56
        0.31         0.83         0.18         0.69         0.64         0.78         0.64         0.54         0.26
        0.56         0.38         0.35         0.30         0.40         0.57         0.64         0.36         0.13
        0.21         0.70         0.84         0.28         0.21         0.14         0.28         0.21         0.09
        0.52         0.53         0.62         0.15         0.13         0.29         0.35         0.48         1.21
        0.33         1.02         0.67         0.20         0.41         0.26         0.37         0.96         0.40
    777600      9     13
        0.15         0.06         0.22         0.20         0.13         0.26         0.49         0.13         0.14
        0.05         0.11         0.22         0.25         0.12         0.07         0.02         0.07         0.08
        0.12         0.21         0.35         0.21         0.11         0.09         0.07         0.05         0.11
        0.08         0.30         0.05         0.22         0.46         0.22         0.09         0.03         0.25
        0.34         0.15         0.23         0.12         0.27         0.28         0.03         0.14         0.17
        0.06         0.07         0.14         0.20         0.17         0.11         0.26         0.08         0.43
        0.06         0.21         0.06         0.30         0.42         0.17         0.46         0.08         0.06
        0.18         0.44         0.05         0.27         0.39         0.05         0.08         0.03         0.02
        0.15         0.90         0.28         0.65         0.19         0.06         0.02         0.03         0.04
        0.28         0.87         0.56         0.93         1.00         0.11         0.03         0.03         0.08
        0.78         0.57         0.61         1.13         0.11         0.39         0.34         0.35         0.13
        0.73         0.84         1.03         0.79         0.08         0.27         0.30         0.35         0.27
        1.09         0.45         0.41         0.27         0.73         0.14         0.21         0.16         0.09