         0      9     13
        0.57         0.51         0.46         0.37         0.17         0.24         0.36         1.12         1.02
        1.16         0.47         0.39         0.25         0.36         0.53         0.72         0.93         0.75
        0.39         0.39         0.36         0.56         0.16         0.17         0.88         0.57         0.14
        0.14         0.30         0.63         1.43         0.58         0.28         0.59         0.49         0.53
        0.14         0.20         0.33         1.10         0.68         0.17         0.32         0.98         1.08
        0.37         0.19         0.59         0.80         0.88         0.40         0.42         1.32         1.86
        0.14         0.53         0.29         0.80         0.62         0.52         1.39         2.27         1.64
        0.26         0.14         0.51         0.36         0.52         0.87         1.01         1.03         0.88
        0.34         0.60         0.94         0.55         0.45         0.50         1.04         0.86         0.73
        0.62         0.80         0.62         0.61         1.00         0.56         0.53         0.30         0.58
        0.60         1.14         0.97         0.56         0.17         0.21         0.22         0.32         0.33
        0.16         0.83         0.96         0.79         0.12         0.20         0.13         0.42         0.50
        0.15         0.66         0.80         0.73         0.27         1.01         0.33         0.51         0.29
     86400      9     13
        0.14         0.22         0.86         0.44         0.30         0.35         0.86         0.63         0.27
        0.49         0.37         0.21         0.75         0.93         0.51         0.52         0.63         0.28
        0.51         0.32         0.32         0.63         0.29         0.14         0.61         0.95         0.19
        0.10         0.46         0.58         1.32         1.01         0.37         0.19         0.38         0.50
        0.11         0.32         0.33         1.12         2.02         0.28         0.18         0.77         1.00
        0.11         0.53         0.53         0.28         0.88         0.28         0.22         0.57         0.72
        0.27         0.31         0.45         0.40         0.53         0.19         0.45         0.67         0.95
        0.33         0.17         0.29         0.28         0.35         0.11         0.26         0.47         0.55
        0.23         0.35         0.92         0.31         0.10         0.21         0.14         0.27         0.44
        0.69         0.42         0.51         0.33         0.16         0.08         0.33         0.60         0.79
        0.07         0.37         1.01         0.30         0.33         0.32         0.22         0.38         0.35
        0.06         0.37         0.74         0.48         0.21         0.56         0.34         0.05         0.19
        0.09         0.62         1.28         1.08         0.65         1.03         0.22         0.11         0.25
    172800      9     13
        0.06         0.16         0.16         0.32         0.24         0.06         0.19         0.37         0.22
        0.10         0.22         0.18         0.18         0.14         0.11         0.13         0.49         0.17
        0.06         0.07         0.13         0.14         0.35         0.33         0.58         0.42         0.10
        0.04         0.11         0.29         0.83         0.31         0.27         0.30         0.12         0.49
        0.06         0.14         0.18         0.32         0.52         0.25         0.04         0.28         1.13
        0.05         0.12         0.23         0.09         0.14         0.06         0.03         0.19         0.42
        0.03         0.08         0.07         0.19         0.14         0.04         0.05         0.10         0.35
        0.05         0.03         0.12         0.06         0.11         0.04         0.03         0.02         0.11
        0.06         0.26         0.49         0.25         0.12         0.03         0.01         0.02         0.04
        0.18         0.10         0.10         0.12         0.15         0.01         0.07         0.08         0.06
        0.08         0.07         0.19         0.23         0.11         0.08         0.03         0.03         0.04
        0.05         0.09         0.14         0.25         0.17         0.13         0.10         0.08         0.11
        0.13         0.29         0.24         0.14         0.21         0.69         0.11         0.05         0.08
    259200      9     13
        0.23         0.21         0.37         0.20         0.06         0.07         0.29         0.50         0.67
        0.21         0.12         0.08         0.12         0.10         0.07         0.31         0.45         0.38
        0.04         0.30         0.24         0.21         0.03         0.26         0.33         0.14         0.12
        0.22         0.71         0.27         0.42         0.24         0.23         0.18         0.34         0.32
        0.14         0.20         0.38         0.14         0.59         0.08         0.37         0.45         0.56
        0.04         0.04         0.26         0.30         0.55         0.09         0.53         0.62         0.97
        0.06         0.18         0.10         0.14         0.22         0.07         0.59         0.67         0.69
        0.06         0.07         0.07         0.06         0.07         0.03         0.18         0.24         0.59
        0.10         0.09         0.20         0.11         0.06         0.02         0.05         0.19         0.31
        0.08         0.32         0.05         0.03         0.06         0.01         0.09         0.20         0.28
        0.05         0.04         0.09         0.12         0.06         0.08         0.13         0.38         0.70
        0.08         0.04         0.19         0.52         0.16         0.17         0.32         0.14         0.06
        0.03         0.18         0.23         0.48         0.38         1.05         0.18         0.08         0.05
    345600      9     13
        0.58         0.78         1.23         0.51         0.99         0.89         0.77         0.76         0.37
        0.72         0.40         0.91         0.57         0.78         1.08         0.80         0.73         0.40
        0.51         1.09         0.76         0.82         1.02         0.64         1.07         0.62         1.47
        0.29         0.98         0.60         0.60         1.03         0.91         1.37         1.23         1.01
        0.33         0.38         1.06         0.53         0.53         0.77         0.54         0.92         0.92
        0.06         0.36         0.76         0.57         0.26         0.48         0.58         1.01         1.15
        0.22         0.22         0.72         0.46         0.74         0.78         0.95         0.80         0.63
        0.45         0.25         1.23         0.43         0.64         0.46         0.51         0.75         1.18
        0.29         0.41         0.69         1.03         0.57         0.60         0.78         0.70         0.82
        0.52         0.64         0.46         0.36         0.88         0.66         0.43         0.72         0.58
        0.44         0.49         0.57         0.52         0.58         0.38         0.84         0.65         0.61
        0.25         0.68         0.84         1.30         0.35         0.37         0.57         0.61         0.67
        0.29         0.76         0.50         0.61         0.49         1.05         0.46         0.58         0.97
    432000      9     13
        0.82         0.88         1.54         0.82         0.79         1.08         0.85         0.89         0.48
        0.73         0.99         0.86         0.95         0.70         0.90         0.94         0.81         1.65
        0.20         0.30         1.56         1.20         0.93         0.93         0.82         0.85         0.57
        0.20         1.03         1.00         1.38         1.10         0.88         1.28         0.93         1.24
        0.14         0.22         0.50         1.42         0.95         1.42         1.24         1.32         0.67
        0.14         0.12         0.70         1.33         1.29         0.79         1.55         1.09         1.16
        0.18         0.17         0.23         0.92         0.87         0.75         1.08         1.73         1.65
        0.16         0.17         0.62         0.36         0.71         0.72         1.21         1.49         2.38
        0.13         0.43         0.46         0.41         0.54         1.03         1.36         1.57         1.63
        0.48         0.34         0.52         0.22         0.60         0.92         0.98         1.06         0.98
        0.20         0.41         0.64         0.49         0.77         0.51         0.81         0.78         0.90
        0.66         0.70         0.93         1.02         0.86         0.68         0.76         0.72         1.03
        0.22         0.51         0.69         0.67         0.70         1.06         0.77         0.83         1.08
    518400      9     13
        1.83         0.75         1.24         0.93         0.57         0.45         0.83         0.80         1.21
        1.38         1.84         1.56         2.29         1.54         0.51         0.79         0.74         0.39
        4.17         1.70         2.26         1.54         2.86         1.09         1.02         0.58         0.50
        3.54         2.88         2.11         1.70         2.32         2.25         2.53         0.73         1.17
        2.43         2.38         2.80         2.38         2.60         2.62         2.42         1.54         1.66
        2.05         3.84         3.59         2.05         2.12         3.11         3.78         2.24         2.24
        2.63         1.48         2.19         2.21         2.39         2.72         2.97         2.96         2.47
        2.44         1.90         2.02         2.77         2.14         2.27         2.67         2.25         2.69
        1.89         1.53         2.25         2.76         2.18         2.03         1.53         1.69         2.46
        1.05         1.30         1.37         1.66         1.05         1.88         2.29         2.29         2.47
        1.20         1.18         0.67         0.76         0.61         0.90         0.86         1.26         2.17
        0.61         1.14         1.18         0.90         0.57         0.49         0.70         0.78         0.70
        0.74         1.10         0.93         0.86         0.56         1.50         0.38         0.32         0.94
    604800      9     13
        1.24         1.62         0.76         0.76         0.46         0.59         0.74         1.04         0.82
        1.20         1.20         0.87         0.60         0.96         1.03         0.59         0.67         1.47
        1.16         1.06         0.81         0.47         0.60         0.71         0.27         0.73         1.53
        0.88         0.69         0.81         0.70         1.32         0.53         0.90         0.66         0.83
        0.52         0.55         1.12         0.73         1.35         1.41         1.13         1.12         1.13
        0.63         0.49         0.71         0.88         1.21         0.77         1.64         0.91         1.45
        0.40         0.62         0.88         0.91         1.15         0.74         1.10         1.50         1.38
        0.35         0.64         0.90         0.58         0.63         0.87         1.14         1.21         1.14
        0.36         0.79         0.71         1.55         0.58         1.02         0.83         0.95         1.30
        1.54         1.16         0.96         0.91         1.08         0.70         1.16         0.92         0.97
        1.45         0.82         0.77         0.39         0.54         0.64         1.49         0.88         0.87
        1.17         0.90         0.82         0.94         0.29         0.90         0.72         0.99         1.23
        1.03         0.81         0.73         0.84         0.79         1.12         0.59         1.32         0.96
    691200      9     13
        0.87         0.91         1.19         0.67         0.24         0.67         0.15         0.46         0.51
        0.49         0.67         0.64         0.77         0.77         0.60         0.71         0.57         0.50
        0.61         0.21         0.30         0.28         0.78         0.10         0.18         0.54         0.97
        0.91         0.39         1.18         0.28         0.94         0.19         0.76         1.02         0.38
        0.37         0.30         0.56         0.68         1.06         0.74         0.68         0.86         0.77
        0.16         0.24         0.22         1.31         1.08         0.40         0.78         1.00         1.73
        0.14         0.39         0.56         0.75         0.86         0.51         1.11         0.95         1.23
        0.24         0.65         0.61         0.95         0.79         0.40         1.06         0.80         0.75
        0.68         0.57         0.48         1.50         0.65         0.59         0.55         0.46         0.78
        0.51         1.22         1.48         1.06         1.47         0.80         0.35         0.43         0.23
        0.94         1.08         1.05         1.00         0.47         0.76         0.74         0.57         0.73
        0.72         1.33         1.06         0.54         1.07         0.45         1.04         0.46         0.87
        1.02         1.35         1.12         0.90         1.51         0.95         0.69         1.11         0.59
    777600      9     13
        0.06         0.14         0.46         0.11         0.15         0.64         0.20         0.18         0.55
        0.14         0.23         0.29         0.28         0.51         0.51         0.42         0.32         0.54
        0.12         0.38         0.74         0.20         0.15         1.12         0.38         0.23         0.70
        0.17         0.28         0.78         0.54         0.53         0.32         0.25         0.16         0.68
        0.14         0.23         0.70         0.77         0.47         0.51         0.43         0.39         0.53
        0.23         0.10         0.64         0.31         0.14         0.72         0.32         0.29         0.36
        0.15         0.17         0.24         0.31         0.39         0.51         0.46         0.45         0.51
        0.16         0.06         0.84         0.15         0.47         0.45         0.63         0.41         0.52
        0.15         0.30         0.33         0.36         0.23         0.58         0.34         0.85         0.45
        0.63         0.51         0.60         0.62         0.81         1.51         0.67         0.36         0.34
        0.87         1.19         0.70         0.71         0.16         0.23         0.68         0.81         1.15
        0.65         1.08         0.58         0.44         0.28         0.19         0.30         0.40         0.19
        0.43         0.51         0.54         0.88         0.75         1.42         0.29         0.74         1.23