  location                           N.1
         i                           127
         j                           328
  Num_Cell                          5729
         0                         0.000
      1800                         0.128
      3600                         0.256
      5400                         0.384
      7200                         0.512
      9000                         0.640
     10800                         0.768
     12600                         0.896
     14400                         1.024
     16200                         1.152
     18000                         1.281
     19800                         1.409
     21600                         1.537
     23400                         1.665
     25200                         1.793
     27000                         1.921
     28800                         2.049
     30600                         2.177
     32400                         2.305
     34200                         2.433
     36000                         2.561
     37800                         2.689
     39600                         2.817
     41400                         2.945
     43200                         3.073
     45000                         3.201
     46800                         3.329
     48600                         3.457
     50400                         3.585
     52200                         3.713
     54000                         3.842
     55800                         3.970
     57600                         4.098
     59400                         4.226
     61200                         4.354
     63000                         4.482
     64800                         4.610
     66600                         4.738
     68400                         4.866
     70200                         4.994
     72000                         5.122
     73800                         5.250
     75600                         5.378
     77400                         5.506
     79200                         5.634
     81000                         5.762
     82800                         5.890
     84600                         6.018
     86400                         6.146
     88200                         6.313
     90000                         6.480
     91800                         6.647
     93600                         6.814
     95400                         6.981
     97200                         7.148
     99000                         7.315
    100800                         7.482
    102600                         7.648
    104400                         7.815
    106200                         7.982
    108000                         8.149
    109800                         8.316
    111600                         8.483
    113400                         8.650
    115200                         8.817
    117000                         8.983
    118800                         9.150
    120600                         9.317
    122400                         9.484
    124200                         9.651
    126000                         9.818
    127800                         9.985
    129600                        10.152
    131400                        10.319
    133200                        10.485
    135000                        10.652
    136800                        10.819
    138600                        10.986
    140400                        11.153
    142200                        11.320
    144000                        11.487
    145800                        11.654
    147600                        11.820
    149400                        11.987
    151200                        12.154
    153000                        12.321
    154800                        12.488
    156600                        12.655
    158400                        12.822
    160200                        12.989
    162000                        13.156
    163800                        13.322
    165600                        13.489
    167400                        13.656
    169200                        13.823
    171000                        13.990
    172800                        14.157
    174600                        14.596
    176400                        15.035
    178200                        15.474
    180000                        15.913
    181800                        16.352
    183600                        16.792
    185400                        17.231
    187200                        17.670
    189000                        18.109
    190800                        18.548
    192600                        18.987
    194400                        19.426
    196200                        19.866
    198000                        20.305
    199800                        20.744
    201600                        21.183
    203400                        21.622
    205200                        22.061
    207000                        22.500
    208800                        22.939
    210600                        23.379
    212400                        23.818
    214200                        24.257
    216000                        24.696
    217800                        25.135
    219600                        25.574
    221400                        26.013
    223200                        26.452
    225000                        26.892
    226800                        27.331
    228600                        27.770
    230400                        28.209
    232200                        28.648
    234000                        29.087
    235800                        29.526
    237600                        29.966
    239400                        30.405
    241200                        30.844
    243000                        31.283
    244800                        31.722
    246600                        32.161
    248400                        32.600
    250200                        33.039
    252000                        33.479
    253800                        33.918
    255600                        34.357
    257400                        34.796
    259200                        35.235
    261000                        35.378
    262800                        35.521
    264600                        35.664
    266400                        35.806
    268200                        35.949
    270000                        36.092
    271800                        36.235
    273600                        36.378
    275400                        36.520
    277200                        36.663
    279000                        36.806
    280800                        36.949
    282600                        37.092
    284400                        37.234
    286200                        37.377
    288000                        37.520
    289800                        37.663
    291600                        37.806
    293400                        37.949
    295200                        38.091
    297000                        38.234
    298800                        38.377
    300600                        38.520
    302400                        38.663
    304200                        38.805
    306000                        38.948
    307800                        39.091
    309600                        39.234
    311400                        39.377
    313200                        39.520
    315000                        39.662
    316800                        39.805
    318600                        39.948
    320400                        40.091
    322200                        40.234
    324000                        40.376
    325800                        40.519
    327600                        40.662
    329400                        40.805
    331200                        40.948
    333000                        41.090
    334800                        41.233
    336600                        41.376
    338400                        41.519
    340200                        41.662
    342000                        41.805
    343800                        41.947
    345600                        42.090
    347400                        42.265
    349200                        42.440
    351000                        42.615
    352800                        42.791
    354600                        42.966
    356400                        43.141
    358200                        43.316
    360000                        43.491
    361800                        43.666
    363600                        43.841
    365400                        44.016
    367200                        44.191
    369000                        44.366
    370800                        44.542
    372600                        44.717
    374400                        44.892
    376200                        45.067
    378000                        45.242
    379800                        45.417
    381600                        45.592
    383400                        45.767
    385200                        45.942
    387000                        46.117
    388800                        46.293
    390600                        46.468
    392400                        46.643
    394200                        46.818
    396000                        46.993
    397800                        47.168
    399600                        47.343
    401400                        47.518
    403200                        47.693
    405000                        47.868
    406800                        48.044
    408600                        48.219
    410400                        48.394
    412200                        48.569
    414000                        48.744
    415800                        48.919
    417600                        49.094
    419400                        49.269
    421200                        49.444
    423000                        49.619
    424800                        49.795
    426600                        49.970
    428400                        50.145
    430200                        50.320
    432000                        50.495
    433800                        51.055
    435600                        51.615
    437400                        52.174
    439200                        52.734
    441000                        53.294
    442800                        53.854
    444600                        54.414
    446400                        54.973
    448200                        55.533
    450000                        56.093
    451800                        56.653
    453600                        57.213
    455400                        57.772
    457200                        58.332
    459000                        58.892
    460800                        59.452
    462600                        60.012
    464400                        60.571
    466200                        61.131
    468000                        61.691
    469800                        62.251
    471600                        62.811
    473400                        63.370
    475200                        63.930
    477000                        64.490
    478800                        65.050
    480600                        65.610
    482400                        66.169
    484200                        66.729
    486000                        67.289
    487800                        67.849
    489600                        68.408
    491400                        68.968
    493200                        69.528
    495000                        70.088
    496800                        70.648
    498600                        71.207
    500400                        71.767
    502200                        72.327
    504000                        72.887
    505800                        73.447
    507600                        74.006
    509400                        74.566
    511200                        75.126
    513000                        75.686
    514800                        76.246
    516600                        76.805
    518400                        77.365
    520200                        77.838
    522000                        78.311
    523800                        78.784
    525600                        79.257
    527400                        79.730
    529200                        80.202
    531000                        80.675
    532800                        81.148
    534600                        81.621
    536400                        82.094
    538200                        82.567
    540000                        83.040
    541800                        83.513
    543600                        83.985
    545400                        84.458
    547200                        84.931
    549000                        85.404
    550800                        85.877
    552600                        86.350
    554400                        86.823
    556200                        87.296
    558000                        87.768
    559800                        88.241
    561600                        88.714
    563400                        89.187
    565200                        89.660
    567000                        90.133
    568800                        90.606
    570600                        91.078
    572400                        91.551
    574200                        92.024
    576000                        92.497
    577800                        92.970
    579600                        93.443
    581400                        93.916
    583200                        94.389
    585000                        94.861
    586800                        95.334
    588600                        95.807
    590400                        96.280
    592200                        96.753
    594000                        97.226
    595800                        97.699
    597600                        98.172
    599400                        98.644
    601200                        99.117
    603000                        99.590
    604800                       100.063
    606600                       100.181
    608400                       100.298
    610200                       100.416
    612000                       100.533
    613800                       100.651
    615600                       100.768
    617400                       100.886
    619200                       101.003
    621000                       101.121
    622800                       101.238
    624600                       101.356
    626400                       101.473
    628200                       101.591
    630000                       101.709
    631800                       101.826
    633600                       101.944
    635400                       102.061
    637200                       102.179
    639000                       102.296
    640800                       102.414
    642600                       102.531
    644400                       102.649
    646200                       102.766
    648000                       102.884
    649800                       103.002
    651600                       103.119
    653400                       103.237
    655200                       103.354
    657000                       103.472
    658800                       103.589
    660600                       103.707
    662400                       103.824
    664200                       103.942
    666000                       104.059
    667800                       104.177
    669600                       104.294
    671400                       104.412
    673200                       104.530
    675000                       104.647
    676800                       104.765
    678600                       104.882
    680400                       105.000
    682200                       105.117
    684000                       105.235
    685800                       105.352
    687600                       105.470
    689400                       105.587
    691200                       105.705
    693000                       106.198
    694800                       106.691
    696600                       107.184
    698400                       107.677
    700200                       108.170
    702000                       108.662
    703800                       109.155
    705600                       109.648
    707400                       110.141
    709200                       110.634
    711000                       111.127
    712800                       111.620
    714600                       112.113
    716400                       112.606
    718200                       113.099
    720000                       113.592
    721800                       114.084
    723600                       114.577
    725400                       115.070
    727200                       115.563
    729000                       116.056
    730800                       116.549
    732600                       117.042
    734400                       117.535
    736200                       118.028
    738000                       118.521
    739800                       119.014
    741600                       119.507
    743400                       119.999
    745200                       120.492
    747000                       120.985
    748800                       121.478
    750600                       121.971
    752400                       122.464
    754200                       122.957
    756000                       123.450
    757800                       123.943
    759600                       124.436
    761400                       124.929
    763200                       125.421
    765000                       125.914
    766800                       126.407
    768600                       126.900
    770400                       127.393
    772200                       127.886
    774000                       128.379
    775800                       128.872
    777600                       129.365
    779400                       129.715
    781200                       130.064
    783000                       130.414
    784800                       130.764
    786600                       131.114
    788400                       131.464
    790200                       131.813
    792000                       132.163
    793800                       132.513
    795600                       132.863
    797400                       133.213
    799200                       133.562
    801000                       133.912
    802800                       134.262
    804600                       134.612
    806400                       134.962
    808200                       135.311
    810000                       135.661
    811800                       136.011
    813600                       136.361
    815400                       136.711
    817200                       137.060
    819000                       137.410
    820800                       137.760
    822600                       138.110
    824400                       138.460
    826200                       138.809
    828000                       139.159
    829800                       139.509
    831600                       139.859
    833400                       140.209
    835200                       140.558
    837000                       140.908
    838800                       141.258
    840600                       141.608
    842400                       141.958
    844200                       142.307
    846000                       142.657
    847800                       143.007
    849600                       143.357
    851400                       143.707
    853200                       144.056
    855000                       144.406
    856800                       144.756
    858600                       145.106
    860400                       145.456
    862200                       145.806
    864000                       146.155
    865800                       146.444
    867600                       146.732
    869400                       147.020
    871200                       147.309
    873000                       147.597
    874800                       147.885
    876600                       148.174
    878400                       148.462
    880200                       148.750
    882000                       149.039
    883800                       149.327
    885600                       149.615
    887400                       149.904
    889200                       150.192
    891000                       150.480
    892800                       150.769
    894600                       151.057
    896400                       151.345
    898200                       151.634
    900000                       151.922
    901800                       152.210
    903600                       152.498
    905400                       152.787
    907200                       153.075
    909000                       153.363
    910800                       153.652
    912600                       153.940
    914400                       154.228
    916200                       154.517
    918000                       154.805
    919800                       155.093
    921600                       155.382
    923400                       155.670
    925200                       155.958
    927000                       156.247
    928800                       156.535
    930600                       156.823
    932400                       157.112
    934200                       157.400
    936000                       157.688
    937800                       157.977
    939600                       158.265
    941400                       158.553
    943200                       158.842
    945000                       159.130
    946800                       159.418
    948600                       159.707
    950400                       159.995
    952200                       160.511
    954000                       161.027
    955800                       161.542
    957600                       162.058
    959400                       162.574
    961200                       163.090
    963000                       163.606
    964800                       164.121
    966600                       164.637
    968400                       165.153
    970200                       165.669
    972000                       166.185
    973800                       166.700
    975600                       167.216
    977400                       167.732
    979200                       168.248
    981000                       168.764
    982800                       169.279
    984600                       169.795
    986400                       170.311
    988200                       170.827
    990000                       171.343
    991800                       171.858
    993600                       172.374
    995400                       172.890
    997200                       173.406
    999000                       173.922
   1000800                       174.437
   1002600                       174.953
   1004400                       175.469
   1006200                       175.985
   1008000                       176.501
   1009800                       177.016
   1011600                       177.532
   1013400                       178.048
   1015200                       178.564
   1017000                       179.080
   1018800                       179.595
   1020600                       180.111
   1022400                       180.627
   1024200                       181.143
   1026000                       181.659
   1027800                       182.174
   1029600                       182.690
   1031400                       183.206
   1033200                       183.722
   1035000                       184.238
   1036800                       184.753
   1038600                       184.852
   1040400                       184.951
   1042200                       185.049
   1044000                       185.148
   1045800                       185.247
   1047600                       185.345
   1049400                       185.444
   1051200                       185.543
   1053000                       185.641
   1054800                       185.740
   1056600                       185.839
   1058400                       185.937
   1060200                       186.036
   1062000                       186.135
   1063800                       186.233
   1065600                       186.332
   1067400                       186.431
   1069200                       186.529
   1071000                       186.628
   1072800                       186.726
   1074600                       186.825
   1076400                       186.924
   1078200                       187.022
   1080000                       187.121
   1081800                       187.220
   1083600                       187.318
   1085400                       187.417
   1087200                       187.516
   1089000                       187.614
   1090800                       187.713
   1092600                       187.812
   1094400                       187.910
   1096200                       188.009
   1098000                       188.108
   1099800                       188.206
   1101600                       188.305
   1103400                       188.404
   1105200                       188.502
   1107000                       188.601
   1108800                       188.700
   1110600                       188.798
   1112400                       188.897
   1114200                       188.995
   1116000                       189.094
   1117800                       189.193
   1119600                       189.291
   1121400                       189.390
   1123200                       189.489
   1125000                       189.547
   1126800                       189.604
   1128600                       189.662
   1130400                       189.720
   1132200                       189.778
   1134000                       189.835
   1135800                       189.893
   1137600                       189.951
   1139400                       190.009
   1141200                       190.066
   1143000                       190.124
   1144800                       190.182
   1146600                       190.240
   1148400                       190.298
   1150200                       190.355
   1152000                       190.413
   1153800                       190.471
   1155600                       190.529
   1157400                       190.586
   1159200                       190.644
   1161000                       190.702
   1162800                       190.760
   1164600                       190.818
   1166400                       190.875
   1168200                       190.933
   1170000                       190.991
   1171800                       191.049
   1173600                       191.106
   1175400                       191.164
   1177200                       191.222
   1179000                       191.280
   1180800                       191.338
   1182600                       191.395
   1184400                       191.453
   1186200                       191.511
   1188000                       191.569
   1189800                       191.626
   1191600                       191.684
   1193400                       191.742
   1195200                       191.800
   1197000                       191.858
   1198800                       191.915
   1200600                       191.973
   1202400                       192.031
   1204200                       192.089
   1206000                       192.146
   1207800                       192.204
   1209600                       192.262
   1211400                       192.313
   1213200                       192.364
   1215000                       192.416
   1216800                       192.467
   1218600                       192.518
   1220400                       192.569
   1222200                       192.620
   1224000                       192.672
   1225800                       192.723
   1227600                       192.774
   1229400                       192.825
   1231200                       192.876
   1233000                       192.928
   1234800                       192.979
   1236600                       193.030
   1238400                       193.081
   1240200                       193.132
   1242000                       193.184
   1243800                       193.235
   1245600                       193.286
   1247400                       193.337
   1249200                       193.388
   1251000                       193.440
   1252800                       193.491
   1254600                       193.542
   1256400                       193.593
   1258200                       193.644
   1260000                       193.696
   1261800                       193.747
   1263600                       193.798
   1265400                       193.849
   1267200                       193.900
   1269000                       193.952
   1270800                       194.003
   1272600                       194.054
   1274400                       194.105
   1276200                       194.156
   1278000                       194.208
   1279800                       194.259
   1281600                       194.310
   1283400                       194.361
   1285200                       194.412
   1287000                       194.464
   1288800                       194.515
   1290600                       194.566
   1292400                       194.617
   1294200                       194.669
   1296000                       194.720
