      600.00     279.70437
     1200.00     279.41090
     1800.00     279.10733
     2400.00     278.79383
     3000.00     278.47055
     3600.00     278.13758
     4200.00     277.79503
     4800.00     277.44309
     5400.00     277.08204
     6000.00     276.71221
     6600.00     276.33402
     7200.00     275.94791
     7800.00     275.55436
     8400.00     275.15387
     9000.00     274.74693
     9600.00     274.33402
    10200.00     273.91560
    10800.00     273.49208
    11400.00     273.06385
    12000.00     272.63124
    12600.00     272.19456
    13200.00     271.75405
    13800.00     271.30997
    14400.00     270.86249
    15000.00     270.41180
    15600.00     269.95806
    16200.00     269.50140
    16800.00     269.04198
    17400.00     268.57992
    18000.00     268.11535
