         0    9   13
       2.15       1.47       1.22       1.04       0.99       0.93       0.83       0.82       0.83
       1.39       1.02       1.07       0.77       0.68       0.85       1.09       1.10       0.88
       1.41       1.05       0.96       0.81       0.73       1.08       1.25       1.24       1.17
       1.19       1.07       1.06       0.85       0.69       0.71       1.02       1.00       0.87
       1.12       0.93       1.08       1.02       0.68       0.38       0.77       1.00       0.96
       0.91       0.68       0.66       0.73       0.58       0.48       0.52       0.76       0.86
       0.56       0.49       0.53       0.45       0.42       0.42       0.34       0.27       0.54
       0.45       0.30       0.37       0.29       0.35       0.37       0.21       0.14       0.40
       0.45       0.34       0.45       0.30       0.17       0.36       0.25       0.33       0.53
       0.45       0.46       0.46       0.33       0.29       0.62       0.47       0.56       0.68
       0.16       0.22       0.38       0.48       0.32       0.53       0.54       0.73       0.75
       0.17       0.31       0.39       0.47       0.29       0.23       0.46       0.58       0.66
       0.64       0.82       0.71       0.46       0.50       0.51       0.33       0.55       0.53
     86400    9   13
       0.83       0.95       0.99       0.84       0.73       0.46       0.43       0.38       0.42
       0.55       0.60       0.63       0.72       0.62       0.43       0.43       0.40       0.42
       0.34       0.55       0.51       0.57       0.48       0.50       0.49       0.57       0.57
       0.36       0.56       0.65       0.46       0.42       0.32       0.54       0.64       0.83
       0.52       0.62       0.63       0.36       0.38       0.32       0.47       0.63       0.76
       0.78       0.62       0.46       0.39       0.53       0.25       0.43       0.52       0.57
       0.56       0.44       0.26       0.40       0.40       0.18       0.24       0.27       0.28
       0.39       0.39       0.24       0.40       0.21       0.08       0.22       0.19       0.23
       0.82       0.64       0.59       0.61       0.27       0.29       0.27       0.26       0.41
       0.77       0.66       0.86       0.83       0.49       0.42       0.33       0.38       0.61
       0.56       0.54       0.52       0.51       0.36       0.30       0.25       0.45       0.51
       0.24       0.35       0.40       0.28       0.13       0.12       0.18       0.17       0.36
       0.17       0.54       0.62       0.55       0.54       0.25       0.08       0.17       0.25
    172800    9   13
       0.51       0.52       0.60       0.67       0.40       0.22       0.17       0.16       0.33
       0.33       0.49       0.93       0.86       0.47       0.25       0.17       0.26       0.31
       0.21       0.25       0.72       1.30       0.75       0.26       0.23       0.28       0.31
       0.09       0.15       0.33       0.51       0.41       0.26       0.18       0.25       0.39
       0.13       0.07       0.12       0.17       0.20       0.11       0.07       0.11       0.20
       0.12       0.12       0.10       0.07       0.07       0.02       0.03       0.06       0.13
       0.03       0.09       0.12       0.09       0.09       0.03       0.01       0.03       0.04
       0.04       0.06       0.12       0.15       0.12       0.08       0.05       0.03       0.02
       0.10       0.16       0.26       0.31       0.14       0.02       0.07       0.04       0.11
       0.15       0.17       0.30       0.25       0.09       0.10       0.14       0.12       0.12
       0.08       0.17       0.18       0.21       0.19       0.16       0.13       0.20       0.17
       0.05       0.35       0.64       0.47       0.27       0.21       0.18       0.15       0.08
       0.21       0.50       0.77       0.76       0.56       0.12       0.05       0.05       0.04
    259200    9   13
       0.11       0.10       0.23       0.36       0.30       0.18       0.32       0.39       0.27
       0.26       0.08       0.17       0.20       0.18       0.15       0.20       0.18       0.16
       0.48       0.21       0.22       0.12       0.14       0.23       0.13       0.03       0.11
       0.68       0.30       0.29       0.11       0.13       0.20       0.32       0.17       0.10
       0.46       0.17       0.16       0.14       0.17       0.15       0.28       0.30       0.17
       0.35       0.17       0.16       0.14       0.18       0.14       0.15       0.10       0.12
       0.15       0.14       0.10       0.20       0.19       0.07       0.07       0.03       0.02
       0.06       0.15       0.18       0.30       0.22       0.09       0.05       0.08       0.12
       0.19       0.37       0.15       0.09       0.10       0.06       0.09       0.18       0.30
       0.18       0.28       0.26       0.29       0.22       0.12       0.19       0.24       0.41
       0.11       0.22       0.50       0.52       0.25       0.10       0.08       0.21       0.41
       0.09       0.11       0.27       0.39       0.24       0.14       0.04       0.03       0.17
       0.16       0.42       0.18       0.17       0.25       0.24       0.19       0.09       0.09
    345600    9   13
       0.04       0.12       0.21       0.23       0.24       0.16       0.20       0.29       0.18
       0.02       0.08       0.24       0.24       0.11       0.04       0.09       0.09       0.08
       0.01       0.02       0.10       0.08       0.03       0.14       0.17       0.03       0.12
       0.04       0.04       0.04       0.02       0.01       0.02       0.02       0.01       0.08
       0.22       0.24       0.23       0.06       0.07       0.04       0.00       0.00       0.01
       0.46       0.48       0.38       0.17       0.22       0.04       0.02       0.00       0.01
       0.38       0.51       0.20       0.20       0.25       0.03       0.02       0.00       0.04
       0.23       0.42       0.19       0.18       0.13       0.02       0.00       0.00       0.01
       0.08       0.26       0.18       0.20       0.05       0.00       0.02       0.01       0.04
       0.04       0.11       0.16       0.08       0.02       0.04       0.03       0.03       0.04
       0.01       0.02       0.03       0.04       0.02       0.05       0.05       0.06       0.08
       0.02       0.16       0.18       0.13       0.05       0.04       0.03       0.08       0.09
       0.10       0.34       0.41       0.42       0.26       0.31       0.05       0.03       0.05
    432000    9   13
       0.31       0.33       0.24       0.22       0.25       0.14       0.21       0.26       0.16
       0.22       0.26       0.17       0.24       0.21       0.18       0.21       0.15       0.07
       0.22       0.21       0.24       0.24       0.22       0.20       0.30       0.18       0.13
       0.06       0.07       0.15       0.20       0.26       0.21       0.22       0.14       0.30
       0.02       0.04       0.16       0.39       0.39       0.09       0.05       0.13       0.18
       0.10       0.10       0.13       0.33       0.47       0.05       0.01       0.03       0.05
       0.15       0.25       0.16       0.24       0.17       0.01       0.00       0.00       0.08
       0.12       0.39       0.39       0.26       0.15       0.01       0.00       0.00       0.03
       0.49       0.70       0.35       0.11       0.02       0.00       0.00       0.00       0.00
       0.41       0.44       0.17       0.07       0.02       0.01       0.01       0.00       0.00
       0.08       0.15       0.17       0.04       0.01       0.01       0.01       0.00       0.00
       0.03       0.22       0.36       0.17       0.08       0.04       0.03       0.00       0.00
       0.22       0.52       0.69       0.70       0.41       0.08       0.03       0.00       0.00
    518400    9   13
       0.63       0.78       1.02       0.84       0.92       0.88       1.71       1.86       1.12
       0.60       0.76       0.96       0.90       0.48       0.39       1.06       1.13       0.78
       0.71       0.93       0.89       0.72       0.62       0.40       0.80       1.03       1.00
       0.82       1.19       1.17       1.05       1.29       0.63       0.81       1.04       1.09
       0.76       1.12       0.89       1.09       1.39       0.69       0.49       0.68       1.00
       0.46       0.69       0.52       0.57       0.68       0.39       0.23       0.44       0.56
       0.12       0.14       0.13       0.27       0.34       0.11       0.10       0.19       0.35
       0.06       0.09       0.12       0.12       0.09       0.04       0.09       0.13       0.11
       0.08       0.14       0.16       0.07       0.02       0.02       0.03       0.05       0.04
       0.10       0.21       0.20       0.16       0.06       0.02       0.03       0.08       0.06
       0.03       0.20       0.31       0.26       0.06       0.02       0.02       0.05       0.03
       0.02       0.17       0.37       0.42       0.25       0.08       0.08       0.01       0.01
       0.02       0.07       0.21       0.29       0.35       0.18       0.13       0.04       0.02
    604800    9   13
       0.84       0.76       1.32       1.86       1.53       0.84       1.20       1.52       0.99
       0.92       0.96       1.35       1.61       1.42       1.07       1.26       1.12       0.77
       0.81       1.14       1.41       1.56       1.31       1.11       0.93       0.94       1.00
       0.60       0.83       1.41       1.80       1.54       1.17       0.89       0.88       1.08
       0.52       0.63       1.11       1.47       1.46       1.28       1.15       0.89       0.67
       0.43       0.56       0.79       1.04       1.36       1.38       1.12       0.98       0.64
       0.39       0.48       0.71       0.88       1.19       1.04       0.59       0.42       0.41
       0.47       0.42       0.63       0.73       0.72       0.55       0.31       0.17       0.15
       0.54       0.46       0.57       0.69       0.47       0.23       0.21       0.21       0.18
       0.50       0.40       0.40       0.47       0.28       0.13       0.20       0.24       0.22
       0.27       0.22       0.30       0.33       0.17       0.11       0.07       0.12       0.20
       0.15       0.22       0.29       0.32       0.22       0.20       0.16       0.04       0.08
       0.18       0.18       0.26       0.31       0.33       0.30       0.24       0.13       0.09
    691200    9   13
       0.28       0.21       0.14       0.17       0.15       0.17       0.22       0.27       0.36
       0.33       0.25       0.17       0.19       0.18       0.16       0.20       0.29       0.35
       0.23       0.23       0.17       0.17       0.11       0.15       0.26       0.26       0.18
       0.17       0.18       0.17       0.19       0.12       0.10       0.25       0.15       0.16
       0.11       0.10       0.20       0.22       0.11       0.05       0.09       0.14       0.15
       0.07       0.07       0.14       0.10       0.08       0.05       0.05       0.06       0.09
       0.07       0.11       0.20       0.09       0.08       0.04       0.07       0.13       0.10
       0.07       0.07       0.16       0.16       0.09       0.03       0.03       0.09       0.09
       0.09       0.15       0.14       0.13       0.08       0.04       0.05       0.08       0.03
       0.09       0.17       0.17       0.18       0.11       0.07       0.11       0.13       0.08
       0.08       0.13       0.19       0.22       0.13       0.06       0.04       0.10       0.16
       0.10       0.16       0.19       0.23       0.18       0.14       0.11       0.04       0.05
       0.04       0.14       0.15       0.17       0.18       0.14       0.14       0.04       0.02
    777600    9   13
       0.03       0.01       0.10       0.30       0.49       0.32       0.24       0.23       0.19
       0.05       0.04       0.29       0.58       0.57       0.42       0.29       0.30       0.21
       0.08       0.09       0.50       0.66       0.55       0.66       0.43       0.26       0.46
       0.14       0.26       0.54       0.65       0.70       0.71       0.37       0.28       0.66
       0.24       0.27       0.41       0.29       0.27       0.39       0.16       0.15       0.44
       0.18       0.18       0.35       0.46       0.22       0.27       0.11       0.07       0.32
       0.18       0.17       0.24       0.46       0.51       0.12       0.10       0.16       0.46
       0.18       0.17       0.21       0.35       0.22       0.07       0.17       0.22       0.20
       0.24       0.23       0.21       0.16       0.08       0.08       0.12       0.07       0.05
       0.36       0.37       0.27       0.22       0.09       0.10       0.08       0.07       0.10
       0.73       0.59       0.45       0.26       0.07       0.04       0.01       0.01       0.03
       0.65       0.74       0.71       0.48       0.21       0.13       0.08       0.01       0.01
       0.31       0.57       0.57       0.37       0.41       0.29       0.11       0.02       0.01
    864000    9   13
       0.59       0.76       1.09       1.43       1.34       1.02       0.85       0.78       0.53
       0.35       0.51       0.92       1.50       1.18       1.11       0.89       0.59       0.52
       0.21       0.30       0.60       1.09       0.97       0.99       1.07       0.83       0.84
       0.23       0.26       0.46       0.90       0.95       0.89       1.03       1.01       0.95
       0.29       0.28       0.42       0.83       0.76       0.66       0.96       1.09       0.97
       0.27       0.36       0.37       0.66       0.54       0.48       0.74       1.11       1.37
       0.16       0.24       0.39       0.53       0.40       0.34       0.49       1.07       1.47
       0.14       0.14       0.31       0.36       0.27       0.22       0.27       0.45       0.66
       0.19       0.15       0.16       0.09       0.08       0.05       0.07       0.08       0.09
       0.35       0.28       0.10       0.05       0.04       0.01       0.01       0.01       0.03
       0.33       0.23       0.16       0.13       0.06       0.01       0.01       0.00       0.01
       0.10       0.21       0.20       0.22       0.12       0.08       0.07       0.01       0.00
       0.13       0.26       0.22       0.16       0.24       0.10       0.06       0.01       0.00
    950400    9   13
       0.24       0.14       0.09       0.13       0.15       0.15       0.19       0.48       0.60
       0.22       0.11       0.08       0.10       0.11       0.09       0.06       0.16       0.36
       0.24       0.17       0.11       0.14       0.10       0.09       0.07       0.07       0.13
       0.27       0.22       0.17       0.14       0.10       0.13       0.13       0.06       0.11
       0.37       0.34       0.27       0.21       0.14       0.17       0.14       0.05       0.15
       0.52       0.40       0.28       0.26       0.16       0.14       0.14       0.07       0.08
       0.94       0.66       0.60       0.68       0.47       0.24       0.23       0.16       0.14
       1.17       1.00       1.21       1.32       0.86       0.51       0.36       0.27       0.31
       1.02       1.05       0.99       0.76       0.51       0.45       0.53       0.46       0.43
       0.71       0.71       0.64       0.63       0.51       0.38       0.39       0.43       0.51
       0.62       0.68       0.63       0.46       0.33       0.24       0.26       0.45       0.49
       0.78       0.91       0.77       0.63       0.52       0.53       0.27       0.17       0.32
       0.83       0.91       0.70       0.51       0.73       0.67       0.32       0.09       0.35
   1036800    9   13
       0.39       0.30       0.35       0.46       0.37       0.27       0.34       0.48       0.29
       0.44       0.35       0.39       0.56       0.51       0.49       0.61       0.61       0.39
       0.54       0.43       0.59       0.74       0.61       0.71       0.73       0.58       0.51
       0.47       0.40       0.58       0.60       0.47       0.64       0.62       0.59       0.77
       0.41       0.32       0.46       0.44       0.35       0.37       0.41       0.54       0.59
       0.52       0.40       0.57       0.44       0.43       0.39       0.36       0.42       0.62
       0.40       0.50       0.58       0.47       0.67       0.61       0.47       0.43       0.57
       0.40       0.54       0.50       0.51       0.78       0.62       0.60       0.75       0.87
       0.29       0.33       0.25       0.40       0.49       0.57       0.71       0.73       0.72
       0.36       0.44       0.36       0.44       0.50       0.37       0.29       0.53       0.65
       0.44       0.50       0.53       0.57       0.56       0.24       0.11       0.29       0.44
       0.60       0.64       0.55       0.57       0.54       0.33       0.13       0.17       0.26
       0.45       0.29       0.20       0.28       0.58       0.35       0.17       0.18       0.27
   1123200    9   13
       0.99       0.53       0.39       0.46       0.47       0.36       0.52       0.79       0.76
       1.06       0.94       0.63       0.46       0.42       0.36       0.51       0.76       0.71
       0.85       0.98       0.90       0.36       0.41       0.42       0.49       0.54       0.70
       0.72       0.68       0.82       0.59       0.62       0.55       0.50       0.53       0.82
       1.09       0.98       1.16       1.10       1.02       0.72       0.88       0.58       0.79
       1.63       1.89       2.33       2.74       2.18       1.33       0.99       1.11       0.83
       1.20       1.37       2.06       3.18       3.65       2.53       1.41       1.33       1.41
       0.65       1.14       1.26       1.58       1.71       1.61       1.67       2.02       1.82
       0.38       0.78       0.85       1.05       0.93       0.84       1.25       1.87       1.80
       0.28       0.45       0.60       0.83       0.72       0.49       0.56       0.86       1.04
       0.28       0.41       0.53       0.55       0.41       0.30       0.30       0.32       0.57
       0.39       0.72       0.75       0.62       0.48       0.46       0.26       0.17       0.32
       0.68       0.82       0.83       0.58       0.54       0.64       0.28       0.14       0.15
   1209600    9   13
       1.40       0.96       0.88       0.82       0.73       0.39       0.33       0.40       0.37
       0.94       0.70       0.76       0.65       0.42       0.41       0.43       0.43       0.45
       0.63       0.79       1.00       0.55       0.51       0.59       0.53       0.45       0.87
       1.78       1.03       1.04       0.79       0.57       0.47       0.41       0.52       0.84
       1.38       0.62       0.46       0.80       0.69       0.23       0.22       0.34       0.50
       1.16       0.69       0.48       0.42       0.55       0.13       0.07       0.26       0.40
       0.74       0.71       0.49       0.39       0.51       0.11       0.09       0.15       0.16
       0.66       0.61       0.55       0.70       0.60       0.53       0.40       0.16       0.23
       0.75       0.73       0.91       0.72       0.44       0.49       0.55       0.25       0.15
       0.89       1.25       1.03       0.85       0.81       0.72       0.52       0.29       0.35
       0.70       0.86       0.88       0.93       1.12       1.30       1.15       0.64       0.45
       0.39       0.61       0.75       0.80       0.92       1.17       1.14       0.67       0.27
       0.22       0.38       0.54       0.61       0.88       1.11       1.10       0.86       0.43
   1296000    9   13
       0.25       0.28       0.41       0.47       0.54       0.47       0.53       0.50       0.46
       0.23       0.26       0.48       0.47       0.48       0.38       0.33       0.35       0.38
       0.16       0.20       0.57       0.40       0.35       0.36       0.38       0.25       0.58
       0.32       0.32       0.50       0.50       0.41       0.32       0.34       0.25       0.65
       0.56       0.43       0.46       0.41       0.27       0.18       0.14       0.19       0.54
       0.58       0.49       0.36       0.46       0.33       0.08       0.05       0.06       0.34
       0.43       0.40       0.22       0.30       0.29       0.05       0.02       0.04       0.10
       0.43       0.52       0.30       0.14       0.09       0.03       0.05       0.08       0.10
       0.45       0.51       0.31       0.16       0.05       0.03       0.05       0.09       0.04
       0.47       0.44       0.26       0.22       0.15       0.09       0.13       0.10       0.07
       0.17       0.23       0.27       0.30       0.18       0.11       0.07       0.10       0.15
       0.21       0.16       0.30       0.36       0.22       0.12       0.10       0.02       0.05
       0.13       0.22       0.32       0.38       0.29       0.10       0.09       0.02       0.04
