         0    9   13
       0.17       0.07       0.11       0.26       0.28       0.31       0.32       0.25       0.27
       0.17       0.14       0.27       0.30       0.18       0.28       0.25       0.19       0.33
       0.17       0.35       0.42       0.29       0.17       0.22       0.11       0.09       0.38
       0.34       0.48       0.43       0.34       0.21       0.18       0.12       0.35       0.64
       0.51       0.46       0.32       0.29       0.23       0.22       0.33       0.66       0.61
       0.35       0.26       0.26       0.26       0.29       0.39       0.55       0.48       0.28
       0.28       0.25       0.27       0.34       0.39       0.42       0.40       0.38       0.21
       0.15       0.26       0.24       0.33       0.36       0.30       0.28       0.31       0.25
       0.14       0.18       0.22       0.34       0.37       0.39       0.40       0.33       0.26
       0.20       0.26       0.30       0.36       0.36       0.39       0.42       0.29       0.22
       0.29       0.21       0.21       0.24       0.24       0.26       0.35       0.25       0.17
       0.19       0.12       0.17       0.23       0.24       0.29       0.24       0.19       0.12
       0.08       0.10       0.14       0.18       0.27       0.23       0.30       0.30       0.19
     86400    9   13
       0.06       0.05       0.12       0.14       0.20       0.22       0.23       0.27       0.24
       0.07       0.11       0.18       0.24       0.28       0.34       0.35       0.34       0.27
       0.10       0.16       0.21       0.25       0.24       0.33       0.26       0.24       0.44
       0.04       0.10       0.34       0.50       0.51       0.27       0.15       0.41       0.59
       0.02       0.09       0.59       0.97       1.03       0.44       0.25       0.62       0.64
       0.10       0.28       0.58       0.59       0.96       0.69       0.50       0.66       0.59
       0.20       0.49       0.68       0.51       0.83       0.88       0.54       0.62       0.52
       0.36       0.57       0.86       0.69       0.70       0.69       0.36       0.62       0.58
       0.43       0.88       0.76       0.82       0.85       0.57       0.20       0.42       0.48
       0.34       0.55       0.57       0.85       0.88       0.53       0.28       0.39       0.51
       0.07       0.33       0.58       0.77       0.66       0.46       0.45       0.29       0.33
       0.36       0.34       0.37       0.63       0.68       0.47       0.45       0.21       0.20
       0.41       0.26       0.17       0.52       0.84       0.42       0.57       0.47       0.35
    172800    9   13
       0.21       0.37       0.34       0.25       0.31       0.27       0.28       0.28       0.27
       0.39       0.40       0.49       0.39       0.42       0.55       0.48       0.31       0.21
       0.32       0.45       0.58       0.32       0.30       0.50       0.36       0.14       0.34
       0.20       0.58       0.71       0.62       0.42       0.46       0.32       0.24       0.37
       0.22       0.44       0.64       0.72       0.58       0.43       0.27       0.27       0.24
       0.34       0.43       0.56       0.38       0.43       0.48       0.24       0.21       0.21
       0.46       0.74       0.55       0.12       0.34       0.31       0.14       0.23       0.19
       0.20       0.30       0.34       0.10       0.25       0.17       0.11       0.18       0.12
       0.32       0.39       0.30       0.16       0.14       0.15       0.16       0.21       0.27
       0.60       0.39       0.34       0.33       0.23       0.19       0.21       0.27       0.42
       0.32       0.43       0.49       0.49       0.30       0.32       0.33       0.21       0.20
       0.22       0.40       0.40       0.36       0.33       0.36       0.25       0.12       0.08
       0.03       0.26       0.29       0.30       0.42       0.27       0.14       0.12       0.17
    259200    9   13
       0.38       0.59       0.91       0.76       0.62       0.46       0.76       0.80       0.49
       0.28       0.38       0.45       0.41       0.35       0.26       0.57       0.53       0.35
       0.25       0.43       0.49       0.25       0.18       0.25       0.50       0.20       0.30
       0.51       0.71       0.94       0.51       0.40       0.27       0.51       0.21       0.21
       0.60       0.60       0.98       0.61       0.74       0.32       0.30       0.16       0.23
       0.56       0.31       0.45       0.23       0.50       0.25       0.19       0.35       0.44
       0.49       0.26       0.14       0.07       0.28       0.46       0.28       0.43       0.36
       0.25       0.24       0.33       0.18       0.20       0.48       0.35       0.34       0.11
       0.65       0.40       0.45       0.45       0.50       0.44       0.28       0.23       0.27
       1.47       0.50       0.30       0.36       0.65       0.36       0.20       0.18       0.32
       1.04       0.49       0.46       0.70       0.72       0.53       0.37       0.12       0.16
       0.84       0.60       0.45       0.45       0.45       0.49       0.47       0.12       0.04
       0.33       0.25       0.16       0.20       0.31       0.17       0.16       0.08       0.01
    345600    9   13
       1.59       0.74       0.44       0.24       0.37       0.25       0.30       0.29       0.15
       0.83       0.84       0.51       0.30       0.23       0.19       0.20       0.08       0.04
       0.53       0.30       0.26       0.19       0.21       0.21       0.27       0.08       0.11
       0.42       0.29       0.25       0.19       0.23       0.14       0.17       0.06       0.19
       0.52       0.26       0.22       0.17       0.18       0.12       0.20       0.09       0.29
       0.45       0.38       0.20       0.17       0.28       0.22       0.21       0.08       0.18
       0.52       0.26       0.16       0.09       0.21       0.32       0.17       0.06       0.07
       0.29       0.13       0.10       0.05       0.07       0.17       0.06       0.03       0.02
       0.14       0.03       0.02       0.07       0.19       0.15       0.03       0.01       0.02
       0.04       0.01       0.04       0.28       0.49       0.36       0.10       0.04       0.11
       0.04       0.05       0.17       0.56       0.58       0.57       0.38       0.07       0.05
       0.10       0.28       0.34       0.73       0.71       0.62       0.29       0.04       0.03
       0.33       0.55       0.48       0.83       0.73       0.36       0.27       0.11       0.01
    432000    9   13
       0.21       0.64       0.69       0.49       0.70       0.69       0.44       0.30       0.18
       0.19       0.85       1.01       0.98       0.79       0.58       0.54       0.26       0.18
       0.35       0.92       0.97       0.83       0.78       0.81       0.71       0.40       0.45
       0.32       1.05       1.21       0.73       0.58       0.44       0.49       0.55       0.57
       0.35       0.71       1.15       1.00       0.96       0.52       0.36       0.71       0.82
       0.30       0.48       0.67       0.80       1.05       0.65       0.32       0.28       0.49
       0.40       0.39       0.26       0.13       0.75       0.67       0.17       0.15       0.25
       0.39       0.33       0.51       0.07       0.13       0.33       0.12       0.09       0.15
       0.29       0.25       0.19       0.22       0.11       0.14       0.05       0.01       0.02
       0.09       0.02       0.03       0.25       0.28       0.14       0.02       0.01       0.04
       0.00       0.03       0.09       0.33       0.40       0.24       0.18       0.02       0.02
       0.06       0.16       0.16       0.14       0.28       0.61       0.35       0.02       0.00
       0.29       0.35       0.40       0.18       0.26       0.33       0.10       0.04       0.01
    518400    9   13
       0.17       0.32       0.47       0.34       0.38       0.24       0.24       0.30       0.41
       0.09       0.27       0.31       0.26       0.18       0.18       0.33       0.47       0.46
       0.19       0.18       0.17       0.29       0.20       0.37       0.71       0.54       0.33
       0.71       0.54       0.40       0.22       0.28       0.47       0.58       0.34       0.24
       1.14       1.15       0.86       0.18       0.64       0.61       0.51       0.15       0.13
       0.64       0.90       0.74       0.28       0.79       0.65       0.43       0.20       0.26
       0.16       0.61       0.68       0.67       0.73       0.61       0.30       0.30       0.52
       0.05       0.30       0.57       0.56       0.43       0.42       0.19       0.50       0.65
       0.10       0.19       0.14       0.05       0.16       0.27       0.14       0.26       0.50
       0.15       0.10       0.03       0.04       0.26       0.29       0.16       0.08       0.36
       0.03       0.05       0.13       0.26       0.42       0.34       0.28       0.04       0.20
       0.08       0.06       0.32       0.39       0.29       0.31       0.14       0.03       0.03
       0.08       0.17       0.52       0.63       0.47       0.22       0.26       0.26       0.07
    604800    9   13
       0.12       0.34       0.30       0.03       0.21       0.42       0.56       0.55       0.33
       0.24       0.45       0.39       0.20       0.22       0.48       0.52       0.35       0.26
       0.25       0.41       0.44       0.42       0.44       0.57       0.53       0.22       0.59
       0.15       0.39       0.56       0.44       0.91       0.53       0.70       0.73       1.00
       0.14       0.22       0.32       0.40       0.76       0.30       0.55       0.89       0.96
       0.08       0.19       0.27       0.27       0.50       0.21       0.38       0.40       0.70
       0.09       0.10       0.09       0.14       0.26       0.15       0.34       0.38       0.43
       0.01       0.05       0.04       0.07       0.04       0.09       0.23       0.41       0.49
       0.01       0.08       0.03       0.04       0.01       0.05       0.10       0.13       0.17
       0.01       0.04       0.04       0.07       0.02       0.02       0.03       0.06       0.15
       0.01       0.01       0.03       0.06       0.01       0.01       0.00       0.04       0.03
       0.00       0.00       0.04       0.08       0.03       0.06       0.07       0.12       0.08
       0.04       0.02       0.15       0.21       0.22       0.14       0.33       0.23       0.17
    691200    9   13
       0.53       0.93       1.11       1.77       2.96       1.79       1.30       2.41       2.30
       0.39       0.73       0.73       1.23       1.56       1.20       0.83       0.77       0.72
       0.17       0.57       0.86       0.89       1.16       1.16       0.99       0.67       0.85
       0.21       0.22       0.86       1.03       1.19       1.03       1.03       0.86       0.90
       0.10       0.06       0.39       0.76       1.25       0.86       0.92       1.01       1.21
       0.05       0.06       0.16       0.51       1.20       1.10       0.83       0.82       1.09
       0.09       0.08       0.14       0.31       1.07       1.08       0.66       0.88       1.24
       0.04       0.11       0.12       0.26       0.55       0.54       0.29       0.65       0.90
       0.07       0.11       0.07       0.07       0.19       0.25       0.20       0.32       0.68
       0.02       0.03       0.02       0.08       0.23       0.26       0.14       0.27       0.63
       0.02       0.03       0.05       0.30       0.37       0.45       0.27       0.21       0.49
       0.04       0.02       0.03       0.22       0.42       0.48       0.36       0.14       0.23
       0.02       0.01       0.04       0.47       0.87       0.50       0.58       0.23       0.26
    777600    9   13
       1.08       1.27       0.45       0.63       1.39       2.44       2.33       1.55       0.84
       0.68       1.34       0.96       0.85       2.40       2.29       1.65       0.89       0.38
       0.51       0.93       1.04       1.14       1.66       2.44       1.56       0.38       0.40
       0.34       0.47       0.54       0.57       1.45       4.71       2.77       0.97       0.64
       0.47       0.40       0.32       0.39       1.24       2.55       1.80       1.82       1.11
       0.55       0.40       0.35       0.35       0.47       1.12       0.86       2.29       2.28
       0.41       0.42       0.50       0.40       0.89       0.95       0.58       0.97       1.82
       0.37       0.61       0.64       0.52       0.60       0.55       0.42       0.52       1.10
       0.77       0.93       0.66       0.42       0.45       0.43       0.42       0.51       0.73
       2.55       2.13       0.89       0.68       0.78       0.53       0.39       0.25       0.27
       5.28       5.83       3.18       1.39       1.60       1.03       0.53       0.27       0.12
       4.06       4.31       3.10       1.51       1.58       1.93       0.86       0.53       0.32
       1.39       1.28       1.81       1.13       0.51       0.62       0.64       0.80       0.65
    864000    9   13
       0.08       0.06       0.01       0.00       0.00       0.02       0.08       0.02       0.02
       0.14       0.05       0.03       0.01       0.01       0.02       0.05       0.04       0.05
       0.08       0.05       0.13       0.05       0.06       0.11       0.03       0.04       0.15
       0.01       0.02       0.19       0.21       0.17       0.13       0.05       0.17       0.35
       0.04       0.06       0.12       0.18       0.23       0.15       0.13       0.31       0.42
       0.10       0.10       0.04       0.09       0.24       0.17       0.16       0.44       0.63
       0.16       0.13       0.08       0.05       0.16       0.13       0.13       0.27       0.45
       0.54       0.31       0.20       0.08       0.03       0.08       0.15       0.27       0.27
       1.52       0.77       0.42       0.35       0.04       0.02       0.04       0.12       0.14
       1.57       1.26       0.64       0.64       0.20       0.04       0.04       0.03       0.04
       1.09       1.38       1.29       0.96       0.60       0.18       0.06       0.03       0.03
       1.14       1.49       2.03       1.31       1.10       0.59       0.17       0.04       0.05
       2.15       2.22       2.91       1.73       1.61       1.11       1.09       0.38       0.04
    950400    9   13
       0.22       0.41       0.48       0.40       0.45       0.58       0.61       0.48       0.36
       0.32       0.47       0.52       0.46       0.46       0.64       0.71       0.62       0.43
       0.27       0.45       0.54       0.40       0.56       0.64       0.61       0.58       0.65
       0.21       0.42       0.52       0.47       0.51       0.61       0.45       0.56       0.58
       0.22       0.35       0.47       0.42       0.50       0.66       0.55       0.56       0.69
       0.33       0.35       0.41       0.36       0.34       0.48       0.61       0.66       0.78
       0.41       0.37       0.40       0.41       0.29       0.37       0.49       0.83       0.95
       0.47       0.43       0.43       0.46       0.39       0.24       0.17       0.54       0.89
       0.68       0.60       0.63       0.71       0.50       0.38       0.22       0.34       0.53
       0.73       0.67       0.79       0.98       0.58       0.38       0.27       0.08       0.27
       0.63       0.60       0.61       0.75       0.54       0.35       0.20       0.13       0.27
       0.58       0.49       0.55       0.49       0.45       0.61       0.35       0.30       0.33
       0.41       0.39       0.50       0.67       0.72       0.63       0.39       0.46       0.31
   1036800    9   13
       0.22       0.16       0.29       0.41       0.46       0.36       0.40       0.34       0.26
       0.23       0.24       0.34       0.39       0.23       0.27       0.36       0.21       0.27
       0.18       0.24       0.41       0.32       0.31       0.41       0.55       0.33       0.80
       0.11       0.19       0.37       0.34       0.33       0.36       0.35       0.33       0.63
       0.10       0.15       0.24       0.12       0.33       0.29       0.25       0.35       0.48
       0.04       0.07       0.13       0.07       0.23       0.29       0.28       0.28       0.32
       0.05       0.06       0.04       0.08       0.24       0.26       0.26       0.24       0.30
       0.10       0.10       0.08       0.09       0.06       0.05       0.09       0.10       0.10
       0.12       0.12       0.15       0.16       0.07       0.03       0.04       0.00       0.03
       0.13       0.12       0.12       0.12       0.09       0.03       0.05       0.01       0.11
       0.08       0.06       0.06       0.10       0.16       0.03       0.02       0.01       0.04
       0.08       0.05       0.03       0.10       0.18       0.10       0.05       0.00       0.00
       0.13       0.12       0.07       0.07       0.22       0.02       0.01       0.00       0.00
   1123200    9   13
       0.04       0.04       0.04       0.01       0.03       0.05       0.00       0.01       0.06
       0.06       0.05       0.07       0.02       0.05       0.04       0.00       0.02       0.12
       0.00       0.03       0.12       0.02       0.00       0.01       0.00       0.01       0.11
       0.00       0.04       0.13       0.06       0.00       0.03       0.05       0.02       0.07
       0.02       0.04       0.05       0.05       0.00       0.07       0.08       0.03       0.02
       0.21       0.18       0.01       0.01       0.00       0.06       0.20       0.23       0.19
       0.30       0.27       0.04       0.03       0.00       0.11       0.35       0.41       0.26
       0.48       0.25       0.07       0.02       0.00       0.07       0.29       0.39       0.38
       0.44       0.26       0.04       0.00       0.01       0.02       0.14       0.27       0.30
       0.40       0.25       0.01       0.00       0.01       0.00       0.02       0.07       0.12
       0.14       0.08       0.01       0.03       0.06       0.01       0.00       0.01       0.02
       0.05       0.01       0.01       0.03       0.04       0.03       0.01       0.00       0.02
       0.00       0.00       0.01       0.01       0.01       0.00       0.00       0.00       0.00
   1209600    9   13
       0.03       0.04       0.04       0.01       0.00       0.00       0.01       0.01       0.00
       0.00       0.01       0.01       0.01       0.02       0.01       0.00       0.00       0.00
       0.00       0.01       0.02       0.05       0.05       0.03       0.02       0.06       0.06
       0.00       0.01       0.04       0.06       0.09       0.04       0.03       0.07       0.10
       0.01       0.01       0.03       0.08       0.15       0.08       0.01       0.00       0.05
       0.01       0.02       0.02       0.05       0.15       0.05       0.01       0.00       0.00
       0.01       0.01       0.01       0.01       0.03       0.02       0.00       0.00       0.01
       0.01       0.01       0.01       0.01       0.01       0.00       0.00       0.00       0.00
       0.02       0.03       0.02       0.02       0.01       0.00       0.00       0.00       0.01
       0.03       0.06       0.06       0.04       0.02       0.01       0.00       0.00       0.00
       0.01       0.01       0.02       0.03       0.01       0.03       0.01       0.00       0.00
       0.00       0.00       0.02       0.02       0.02       0.01       0.01       0.00       0.00
       0.00       0.00       0.02       0.07       0.03       0.00       0.01       0.00       0.01
   1296000    9   13
       0.00       0.00       0.00       0.00       0.04       0.01       0.00       0.00       0.01
       0.01       0.02       0.01       0.01       0.02       0.01       0.00       0.00       0.02
       0.02       0.05       0.05       0.04       0.07       0.04       0.01       0.04       0.09
       0.05       0.12       0.21       0.15       0.16       0.07       0.01       0.08       0.09
       0.23       0.17       0.20       0.21       0.19       0.08       0.00       0.01       0.01
       0.05       0.03       0.05       0.08       0.16       0.05       0.00       0.00       0.01
       0.01       0.02       0.01       0.03       0.07       0.01       0.00       0.00       0.01
       0.16       0.06       0.03       0.07       0.01       0.00       0.00       0.00       0.02
       0.26       0.15       0.07       0.08       0.00       0.00       0.00       0.00       0.00
       0.16       0.11       0.03       0.03       0.01       0.00       0.00       0.00       0.00
       0.04       0.05       0.12       0.10       0.01       0.00       0.00       0.00       0.00
       0.07       0.05       0.10       0.13       0.03       0.01       0.02       0.02       0.01
       0.03       0.02       0.05       0.09       0.14       0.01       0.01       0.01       0.00
