         0    9   13
       0.67       1.14       1.03       0.79       0.58       0.53       0.47       0.57       0.48
       0.61       0.83       0.83       0.76       0.60       0.48       0.49       0.59       0.58
       0.58       0.72       0.53       0.46       0.57       0.32       0.44       0.70       0.67
       0.39       0.33       0.30       0.33       0.33       0.26       0.37       0.54       0.49
       0.36       0.18       0.12       0.27       0.22       0.24       0.29       0.30       0.35
       0.28       0.11       0.10       0.18       0.11       0.20       0.28       0.21       0.25
       0.23       0.12       0.08       0.10       0.07       0.33       0.37       0.12       0.06
       0.34       0.14       0.08       0.08       0.13       0.36       0.50       0.16       0.04
       0.52       0.18       0.12       0.09       0.12       0.37       0.53       0.21       0.07
       0.55       0.31       0.19       0.08       0.16       0.32       0.65       0.49       0.22
       0.82       0.61       0.29       0.07       0.11       0.25       0.76       0.87       0.51
       1.03       0.72       0.29       0.05       0.10       0.28       0.59       1.01       0.83
       1.26       1.06       0.56       0.36       0.22       0.51       0.36       0.65       0.82
     86400    9   13
       0.36       0.49       0.36       0.44       0.28       0.37       0.41       0.22       0.17
       0.31       0.39       0.32       0.55       0.33       0.33       0.24       0.15       0.18
       0.24       0.26       0.34       0.59       0.41       0.21       0.11       0.08       0.15
       0.14       0.17       0.51       0.53       0.18       0.18       0.14       0.11       0.17
       0.10       0.21       0.54       0.23       0.22       0.33       0.21       0.12       0.21
       0.13       0.34       0.43       0.42       0.50       0.54       0.25       0.12       0.18
       0.30       0.77       0.99       1.10       0.69       0.30       0.23       0.15       0.20
       0.57       1.51       1.96       1.12       0.35       0.12       0.19       0.18       0.28
       1.09       1.49       1.11       0.40       0.14       0.13       0.20       0.22       0.36
       1.34       1.09       0.64       0.28       0.10       0.12       0.24       0.30       0.52
       1.32       0.91       0.88       0.60       0.13       0.18       0.27       0.29       0.63
       1.18       0.94       0.95       0.71       0.39       0.38       0.30       0.31       0.68
       0.83       0.82       0.86       0.80       0.61       0.51       0.44       0.36       0.50
    172800    9   13
       0.69       0.70       0.77       0.62       0.56       0.38       0.36       0.43       0.40
       0.76       0.77       0.66       0.71       0.55       0.40       0.44       0.42       0.39
       0.76       0.59       0.49       0.66       0.45       0.52       0.54       0.35       0.48
       0.64       0.39       0.44       0.47       0.32       0.48       0.68       0.48       0.48
       0.47       0.36       0.45       0.39       0.39       0.73       0.74       0.41       0.27
       0.40       0.43       0.44       0.47       0.60       0.70       0.46       0.32       0.14
       0.42       0.52       0.54       0.64       0.66       0.52       0.26       0.16       0.17
       0.38       0.46       0.69       0.62       0.52       0.34       0.20       0.24       0.30
       0.36       0.61       0.57       0.35       0.37       0.42       0.35       0.37       0.37
       0.45       0.44       0.35       0.32       0.36       0.43       0.39       0.49       0.44
       0.25       0.19       0.21       0.23       0.40       0.36       0.40       0.36       0.25
       0.07       0.15       0.23       0.47       0.49       0.29       0.23       0.13       0.19
       0.03       0.12       0.34       0.46       0.50       0.40       0.17       0.17       0.28
    259200    9   13
       0.76       0.47       0.49       0.39       0.48       0.51       0.43       0.43       0.55
       0.42       0.35       0.55       0.49       0.42       0.46       0.51       0.63       0.80
       0.29       0.34       0.58       0.41       0.36       0.54       0.62       0.52       0.76
       0.30       0.22       0.40       0.45       0.41       0.43       0.45       0.55       0.96
       0.34       0.14       0.28       0.47       0.39       0.42       0.43       0.58       0.86
       0.22       0.14       0.35       0.44       0.44       0.48       0.55       0.67       0.93
       0.22       0.26       0.48       0.57       0.54       0.64       0.63       0.53       0.74
       0.39       0.39       0.37       0.34       0.47       0.57       0.57       0.60       0.81
       0.41       0.41       0.42       0.53       0.58       0.62       0.68       0.80       0.94
       0.50       0.76       0.79       0.77       0.72       0.66       0.74       0.91       1.07
       0.70       1.03       0.93       0.82       0.63       0.78       1.07       1.22       1.14
       0.77       0.97       0.84       0.73       0.65       0.74       0.68       0.85       1.11
       0.65       0.68       0.60       0.59       0.68       0.61       0.37       0.53       0.77
    345600    9   13
       0.66       0.49       0.60       0.64       0.47       0.33       0.43       0.44       0.38
       0.51       0.46       0.59       0.48       0.24       0.44       0.67       0.47       0.39
       0.33       0.33       0.46       0.40       0.22       0.45       0.59       0.44       0.39
       0.21       0.25       0.39       0.44       0.41       0.37       0.50       0.51       0.41
       0.22       0.18       0.27       0.41       0.44       0.36       0.46       0.57       0.64
       0.19       0.13       0.18       0.39       0.43       0.42       0.45       0.52       0.68
       0.15       0.15       0.18       0.44       0.39       0.39       0.45       0.48       0.60
       0.18       0.18       0.28       0.35       0.35       0.35       0.45       0.52       0.62
       0.18       0.24       0.33       0.34       0.39       0.53       0.62       0.63       0.74
       0.24       0.35       0.40       0.47       0.51       0.61       0.78       0.79       0.74
       0.32       0.44       0.52       0.55       0.60       0.50       0.47       0.55       0.63
       0.46       0.47       0.52       0.59       0.63       0.47       0.27       0.26       0.42
       0.32       0.39       0.42       0.44       0.55       0.42       0.21       0.32       0.39
    432000    9   13
       0.28       0.34       0.46       0.53       0.44       0.30       0.35       0.50       0.42
       0.34       0.34       0.44       0.54       0.38       0.39       0.64       0.53       0.42
       0.23       0.30       0.48       0.56       0.34       0.41       0.60       0.43       0.45
       0.17       0.28       0.45       0.60       0.74       0.54       0.56       0.59       0.53
       0.24       0.31       0.45       0.67       0.86       0.65       0.62       0.73       0.80
       0.29       0.30       0.42       0.68       0.72       0.65       0.69       0.68       0.78
       0.22       0.29       0.36       0.49       0.56       0.64       0.63       0.59       0.72
       0.19       0.32       0.38       0.37       0.42       0.53       0.48       0.36       0.62
       0.31       0.43       0.50       0.44       0.34       0.34       0.30       0.29       0.41
       0.56       0.85       0.70       0.48       0.38       0.34       0.25       0.21       0.19
       0.63       0.89       0.68       0.40       0.35       0.25       0.12       0.11       0.16
       0.59       0.74       0.73       0.60       0.48       0.33       0.10       0.04       0.08
       0.35       0.52       0.53       0.47       0.59       0.33       0.13       0.06       0.04
    518400    9   13
       0.29       0.13       0.36       0.39       0.31       0.26       0.47       0.51       0.42
       0.35       0.20       0.30       0.39       0.18       0.46       0.72       0.59       0.43
       0.23       0.22       0.34       0.52       0.20       0.33       0.55       0.40       0.43
       0.18       0.24       0.43       0.71       0.63       0.38       0.60       0.67       0.60
       0.33       0.37       0.51       0.79       0.81       0.48       0.65       0.76       1.01
       0.38       0.39       0.55       0.79       0.71       0.58       0.68       0.92       1.25
       0.32       0.43       0.61       0.65       0.57       0.51       0.70       0.96       1.05
       0.41       0.42       0.58       0.48       0.49       0.49       0.68       0.70       0.95
       0.44       0.51       0.56       0.65       0.61       0.55       0.55       0.68       1.12
       0.59       0.81       0.72       0.66       0.53       0.34       0.36       0.72       0.85
       0.58       0.68       0.67       0.50       0.39       0.28       0.24       0.41       0.39
       0.49       0.61       0.74       0.67       0.60       0.66       0.36       0.09       0.18
       0.39       0.58       0.57       0.55       0.78       0.65       0.36       0.17       0.10
    604800    9   13
       0.26       0.15       0.23       0.33       0.17       0.14       0.22       0.39       0.39
       0.24       0.22       0.26       0.30       0.12       0.16       0.37       0.37       0.27
       0.17       0.22       0.31       0.31       0.10       0.10       0.30       0.28       0.32
       0.15       0.14       0.28       0.36       0.28       0.17       0.25       0.49       0.57
       0.17       0.12       0.22       0.31       0.34       0.29       0.33       0.58       0.67
       0.18       0.10       0.17       0.21       0.27       0.28       0.33       0.36       0.48
       0.13       0.10       0.12       0.09       0.16       0.21       0.26       0.37       0.45
       0.12       0.07       0.08       0.10       0.21       0.21       0.23       0.27       0.35
       0.13       0.14       0.11       0.17       0.21       0.18       0.16       0.14       0.20
       0.21       0.26       0.18       0.13       0.09       0.07       0.06       0.11       0.16
       0.25       0.27       0.25       0.15       0.11       0.07       0.03       0.10       0.11
       0.22       0.24       0.32       0.28       0.22       0.23       0.13       0.03       0.05
       0.10       0.11       0.15       0.11       0.17       0.17       0.12       0.03       0.02
    691200    9   13
       0.05       0.06       0.06       0.05       0.06       0.05       0.04       0.02       0.01
       0.14       0.12       0.11       0.11       0.12       0.10       0.06       0.04       0.03
       0.15       0.13       0.18       0.20       0.22       0.19       0.11       0.07       0.03
       0.20       0.24       0.26       0.27       0.30       0.28       0.16       0.07       0.04
       0.20       0.20       0.20       0.14       0.20       0.28       0.15       0.07       0.08
       0.22       0.12       0.12       0.09       0.13       0.16       0.11       0.08       0.11
       0.24       0.15       0.08       0.06       0.08       0.13       0.11       0.11       0.12
       0.31       0.25       0.23       0.20       0.22       0.26       0.22       0.30       0.37
       0.38       0.36       0.35       0.36       0.39       0.43       0.44       0.46       0.49
       0.29       0.38       0.41       0.42       0.35       0.26       0.26       0.41       0.48
       0.24       0.42       0.43       0.36       0.30       0.24       0.08       0.24       0.40
       0.25       0.44       0.53       0.48       0.40       0.51       0.18       0.07       0.18
       0.30       0.33       0.40       0.38       0.57       0.53       0.23       0.09       0.10
    777600    9   13
       0.12       0.18       0.28       0.26       0.26       0.19       0.21       0.25       0.26
       0.09       0.18       0.29       0.51       0.38       0.25       0.32       0.46       0.40
       0.13       0.30       0.37       0.57       0.46       0.36       0.61       0.69       0.55
       0.18       0.38       0.44       0.65       0.57       0.31       0.61       0.66       0.78
       0.26       0.32       0.42       0.67       0.64       0.29       0.49       0.67       0.76
       0.34       0.43       0.37       0.50       0.50       0.30       0.38       0.61       0.59
       0.20       0.37       0.25       0.29       0.33       0.18       0.26       0.33       0.43
       0.07       0.17       0.23       0.26       0.19       0.10       0.13       0.12       0.14
       0.10       0.19       0.25       0.24       0.14       0.07       0.12       0.09       0.09
       0.18       0.25       0.30       0.23       0.08       0.04       0.05       0.03       0.04
       0.10       0.18       0.29       0.24       0.07       0.02       0.01       0.01       0.01
       0.03       0.14       0.35       0.34       0.17       0.06       0.04       0.00       0.00
       0.01       0.08       0.31       0.32       0.32       0.14       0.08       0.01       0.00
    864000    9   13
       0.20       0.28       0.21       0.07       0.16       0.16       0.14       0.25       0.15
       0.10       0.26       0.17       0.08       0.09       0.15       0.15       0.23       0.28
       0.02       0.07       0.18       0.14       0.17       0.20       0.16       0.24       0.44
       0.01       0.05       0.15       0.18       0.25       0.14       0.28       0.25       0.59
       0.08       0.12       0.15       0.24       0.24       0.12       0.25       0.36       0.59
       0.11       0.12       0.08       0.18       0.19       0.10       0.22       0.24       0.39
       0.11       0.11       0.03       0.11       0.08       0.02       0.03       0.10       0.18
       0.06       0.07       0.04       0.13       0.05       0.00       0.00       0.01       0.04
       0.09       0.10       0.12       0.14       0.06       0.02       0.01       0.00       0.01
       0.13       0.20       0.15       0.23       0.14       0.05       0.03       0.03       0.01
       0.03       0.10       0.14       0.20       0.11       0.06       0.02       0.01       0.01
       0.01       0.03       0.07       0.11       0.05       0.03       0.02       0.00       0.00
       0.01       0.01       0.03       0.11       0.08       0.04       0.04       0.01       0.00
    950400    9   13
       0.13       0.39       0.25       0.27       0.50       0.72       0.73       0.90       0.84
       0.04       0.15       0.21       0.26       0.29       0.53       0.84       0.95       0.69
       0.11       0.09       0.18       0.38       0.41       0.52       0.81       0.85       0.89
       0.10       0.15       0.26       0.44       0.47       0.51       0.58       0.87       1.13
       0.19       0.27       0.31       0.41       0.35       0.35       0.44       0.73       1.08
       0.24       0.35       0.25       0.23       0.32       0.24       0.33       0.63       1.11
       0.23       0.21       0.16       0.14       0.17       0.30       0.25       0.49       0.76
       0.15       0.11       0.12       0.11       0.03       0.15       0.15       0.28       0.36
       0.12       0.09       0.11       0.16       0.08       0.05       0.07       0.13       0.34
       0.20       0.12       0.09       0.18       0.05       0.02       0.01       0.07       0.14
       0.31       0.21       0.06       0.13       0.02       0.01       0.00       0.01       0.01
       0.19       0.12       0.05       0.05       0.02       0.02       0.02       0.02       0.03
       0.04       0.02       0.05       0.05       0.09       0.10       0.10       0.16       0.08
   1036800    9   13
       1.35       1.54       1.62       1.36       1.10       0.68       0.65       0.36       0.36
       1.59       1.55       1.44       1.05       0.95       0.73       0.69       0.41       0.30
       1.56       1.17       1.00       0.93       1.02       0.91       0.60       0.42       0.28
       1.33       0.99       1.07       1.03       1.02       0.79       0.51       0.51       0.36
       0.95       0.80       1.12       1.12       1.18       0.90       0.73       0.53       0.36
       0.85       0.79       0.98       1.11       1.07       0.99       0.91       0.50       0.47
       0.96       0.95       0.96       1.26       1.16       1.03       1.03       0.70       0.66
       0.94       0.90       1.04       1.25       0.82       0.95       1.09       0.90       1.33
       0.79       0.85       0.64       0.64       0.69       1.38       0.98       0.75       1.01
       0.72       0.40       0.24       0.43       0.84       0.90       0.78       0.76       0.81
       0.37       0.16       0.11       0.35       0.64       0.56       0.56       0.66       0.69
       0.07       0.05       0.09       0.20       0.31       0.54       0.46       0.37       0.54
       0.01       0.04       0.11       0.16       0.33       0.36       0.44       0.34       0.52
   1123200    9   13
       0.61       0.51       0.42       0.40       0.36       0.50       0.54       0.51       0.51
       0.44       0.33       0.36       0.38       0.25       0.38       0.72       0.55       0.43
       0.71       0.42       0.23       0.24       0.40       0.57       0.69       0.27       0.36
       0.64       0.45       0.21       0.32       0.57       0.44       0.53       0.21       0.21
       0.35       0.25       0.28       0.35       0.33       0.23       0.32       0.20       0.34
       0.25       0.28       0.45       0.36       0.30       0.24       0.21       0.15       0.33
       0.36       0.54       0.62       0.29       0.31       0.17       0.14       0.17       0.59
       0.83       0.59       0.58       0.36       0.50       0.16       0.31       0.56       0.58
       0.53       0.53       0.24       0.33       0.46       0.58       0.83       0.68       0.55
       0.23       0.20       0.20       0.28       0.39       0.35       0.68       0.69       0.52
       0.32       0.32       0.50       0.47       0.40       0.14       0.23       0.29       0.28
       0.43       0.46       0.48       0.34       0.17       0.11       0.11       0.13       0.28
       0.29       0.34       0.36       0.27       0.24       0.11       0.05       0.11       0.18
   1209600    9   13
       0.38       0.53       0.62       0.47       0.47       0.72       0.51       0.49       0.42
       0.29       0.36       0.53       0.44       0.49       0.72       0.62       0.63       0.74
       0.32       0.40       0.57       0.21       0.54       0.76       0.52       0.48       0.82
       0.40       0.32       0.46       0.35       0.51       0.60       0.38       0.39       0.53
       0.25       0.25       0.43       0.42       0.66       0.69       0.33       0.42       0.51
       0.20       0.29       0.43       0.27       0.54       0.44       0.27       0.47       0.83
       0.09       0.30       0.51       0.32       0.53       0.51       0.60       0.66       0.92
       0.11       0.27       0.42       0.35       0.65       0.68       0.67       0.78       0.87
       0.21       0.27       0.31       0.45       0.71       0.76       0.65       0.85       0.94
       0.16       0.18       0.34       0.49       0.62       0.65       0.77       0.83       0.66
       0.14       0.16       0.33       0.42       0.51       0.57       0.84       0.87       0.85
       0.15       0.13       0.28       0.53       0.59       0.29       0.49       0.85       0.95
       0.15       0.08       0.12       0.57       0.63       0.23       0.34       0.78       0.86
   1296000    9   13
       0.38       0.66       0.72       0.55       0.69       0.50       0.41       0.39       0.32
       0.60       0.69       0.77       0.67       0.76       0.34       0.41       0.43       0.42
       0.54       0.77       0.79       0.58       0.61       0.25       0.18       0.29       0.46
       0.61       0.79       0.83       0.81       0.61       0.20       0.29       0.39       0.48
       0.41       0.62       0.85       0.72       0.67       0.48       0.48       0.48       0.66
       0.35       0.47       0.92       1.05       0.67       0.58       0.67       0.78       0.83
       0.33       0.38       0.82       1.17       0.71       0.75       0.86       0.72       0.64
       0.26       0.47       0.61       0.84       0.82       0.95       1.17       0.84       0.55
       0.30       0.43       0.46       0.83       0.95       0.76       1.06       0.95       0.66
       0.27       0.37       0.46       0.88       0.60       0.53       0.80       0.90       0.70
       0.38       0.31       0.52       0.51       0.23       0.39       0.59       0.55       0.49
       0.36       0.22       0.37       0.46       0.32       0.21       0.41       0.34       0.21
       0.24       0.05       0.13       0.40       0.35       0.09       0.32       0.26       0.07
