         0    9   13
       0.35       0.42       0.30       0.25       0.39       0.20       0.14       0.17       0.09
       0.50       0.58       0.40       0.32       0.29       0.21       0.14       0.15       0.09
       0.55       0.55       0.40       0.20       0.33       0.42       0.32       0.21       0.26
       0.32       0.38       0.46       0.24       0.40       0.38       0.30       0.07       0.14
       0.19       0.28       0.45       0.33       0.40       0.24       0.09       0.14       0.33
       0.11       0.12       0.47       0.26       0.35       0.27       0.09       0.20       0.22
       0.12       0.08       0.29       0.23       0.45       0.36       0.10       0.22       0.14
       0.17       0.09       0.13       0.10       0.25       0.27       0.09       0.15       0.17
       0.20       0.12       0.04       0.02       0.08       0.10       0.02       0.03       0.01
       0.16       0.13       0.08       0.13       0.32       0.11       0.01       0.05       0.01
       0.29       0.18       0.21       0.29       0.25       0.20       0.11       0.06       0.01
       0.15       0.22       0.31       0.27       0.15       0.19       0.18       0.04       0.01
       0.07       0.17       0.39       0.36       0.29       0.16       0.10       0.05       0.01
     86400    9   13
       0.03       0.03       0.16       0.16       0.43       0.43       0.39       0.41       0.29
       0.04       0.16       0.32       0.48       0.40       0.28       0.26       0.11       0.10
       0.08       0.48       0.44       0.38       0.48       0.21       0.22       0.04       0.20
       0.12       0.52       0.82       0.36       0.75       0.29       0.19       0.08       0.52
       0.10       0.23       0.53       0.28       0.64       0.36       0.30       0.18       0.34
       0.01       0.11       0.23       0.11       0.46       0.20       0.05       0.14       0.23
       0.04       0.06       0.04       0.07       0.45       0.17       0.01       0.04       0.15
       0.15       0.07       0.04       0.01       0.05       0.02       0.01       0.07       0.08
       0.12       0.06       0.04       0.01       0.00       0.00       0.05       0.20       0.19
       0.11       0.10       0.06       0.15       0.22       0.03       0.18       0.37       0.30
       0.16       0.12       0.20       0.53       0.44       0.19       0.08       0.21       0.32
       0.11       0.07       0.17       0.40       0.33       0.25       0.15       0.15       0.27
       0.10       0.12       0.27       0.29       0.35       0.15       0.11       0.04       0.21
    172800    9   13
       0.04       0.10       0.17       0.10       0.27       0.12       0.04       0.03       0.08
       0.07       0.23       0.29       0.22       0.11       0.18       0.11       0.14       0.22
       0.15       0.36       0.28       0.21       0.21       0.29       0.27       0.14       0.34
       0.20       0.35       0.20       0.21       0.41       0.33       0.17       0.07       0.47
       0.27       0.24       0.17       0.16       0.24       0.15       0.09       0.11       0.23
       0.32       0.33       0.24       0.11       0.13       0.14       0.06       0.12       0.08
       0.20       0.14       0.06       0.03       0.06       0.03       0.01       0.02       0.04
       0.07       0.04       0.01       0.00       0.00       0.00       0.01       0.03       0.05
       0.10       0.12       0.05       0.01       0.01       0.01       0.04       0.11       0.07
       0.03       0.07       0.02       0.02       0.08       0.01       0.04       0.07       0.03
       0.04       0.06       0.01       0.08       0.16       0.03       0.03       0.01       0.02
       0.10       0.12       0.05       0.05       0.04       0.05       0.13       0.01       0.04
       0.11       0.08       0.08       0.16       0.36       0.23       0.14       0.13       0.02
    259200    9   13
       0.09       0.27       0.20       0.08       0.12       0.25       0.11       0.05       0.02
       0.32       0.39       0.34       0.44       0.21       0.41       0.27       0.04       0.07
       0.08       0.17       0.68       0.59       0.50       0.51       0.52       0.12       0.51
       0.01       0.18       0.77       0.64       1.01       0.59       0.70       0.36       0.60
       0.09       0.19       0.40       0.39       0.77       0.30       0.41       0.46       0.52
       0.02       0.10       0.18       0.05       0.34       0.24       0.14       0.17       0.18
       0.03       0.04       0.04       0.01       0.07       0.08       0.10       0.14       0.08
       0.04       0.03       0.10       0.01       0.00       0.01       0.02       0.04       0.02
       0.00       0.01       0.03       0.02       0.01       0.01       0.01       0.08       0.09
       0.00       0.00       0.01       0.07       0.12       0.01       0.02       0.12       0.14
       0.00       0.00       0.02       0.22       0.41       0.19       0.13       0.02       0.01
       0.00       0.01       0.01       0.27       0.87       0.74       0.53       0.04       0.02
       0.03       0.05       0.07       0.24       1.00       0.63       0.47       0.16       0.03
    345600    9   13
       0.00       0.14       0.18       0.01       0.01       0.00       0.01       0.01       0.05
       0.00       0.11       0.11       0.05       0.03       0.01       0.01       0.01       0.01
       0.00       0.02       0.08       0.07       0.11       0.10       0.04       0.07       0.26
       0.00       0.01       0.17       0.09       0.15       0.12       0.05       0.17       0.59
       0.01       0.00       0.03       0.02       0.06       0.07       0.06       0.10       0.33
       0.00       0.01       0.01       0.00       0.01       0.03       0.09       0.03       0.18
       0.00       0.00       0.01       0.00       0.01       0.01       0.08       0.10       0.05
       0.00       0.04       0.06       0.01       0.01       0.08       0.23       0.18       0.07
       0.01       0.08       0.02       0.02       0.06       0.21       0.19       0.13       0.05
       0.00       0.01       0.01       0.10       0.13       0.08       0.02       0.03       0.01
       0.01       0.00       0.04       0.18       0.12       0.02       0.00       0.00       0.00
       0.04       0.07       0.16       0.08       0.03       0.01       0.01       0.01       0.01
       0.10       0.14       0.07       0.02       0.07       0.11       0.06       0.08       0.01
    432000    9   13
       0.09       0.24       0.46       0.58       0.66       0.62       0.88       0.86       1.02
       0.04       0.20       0.54       0.64       0.76       0.71       0.79       1.06       1.38
       0.01       0.15       0.72       0.56       0.92       0.95       0.67       0.88       1.25
       0.01       0.16       0.96       0.68       1.32       1.04       0.74       0.95       1.25
       0.01       0.11       0.48       0.46       1.57       1.03       0.91       1.14       1.49
       0.01       0.01       0.13       0.25       0.92       1.01       0.95       1.33       1.78
       0.04       0.05       0.18       0.23       0.92       0.98       1.23       1.49       1.43
       0.14       0.10       0.11       0.29       0.68       1.11       1.98       2.21       1.62
       0.08       0.12       0.22       0.34       0.35       0.50       1.24       1.89       2.39
       0.03       0.05       0.20       0.27       0.25       0.19       0.55       0.98       1.30
       0.07       0.03       0.07       0.28       0.23       0.32       0.34       0.48       1.00
       0.17       0.01       0.01       0.07       0.09       0.19       0.29       0.23       0.78
       0.02       0.03       0.02       0.07       0.14       0.08       0.24       0.22       0.42
    518400    9   13
       0.33       0.39       0.38       0.55       0.46       0.32       0.24       0.24       0.21
       0.32       0.47       0.38       0.51       0.34       0.26       0.23       0.33       0.11
       0.35       0.82       0.60       0.49       0.52       0.44       0.38       0.61       0.22
       0.72       2.06       1.09       0.65       0.64       0.53       0.39       0.58       0.59
       0.87       2.94       1.61       0.88       0.72       0.51       0.54       0.72       1.05
       0.89       1.82       1.24       1.04       0.85       0.72       0.89       1.01       1.34
       0.89       0.93       0.92       1.35       0.99       1.20       1.58       1.59       1.16
       0.79       0.52       0.67       1.22       1.15       1.92       2.02       2.11       1.01
       0.83       0.53       0.60       0.89       1.28       1.98       2.32       2.26       1.71
       0.95       0.48       0.55       0.91       1.38       1.65       2.04       1.89       2.49
       0.67       0.75       0.72       0.76       1.18       1.43       1.57       1.40       2.27
       0.46       0.64       0.74       0.68       0.77       0.92       1.38       1.51       1.46
       0.29       0.45       0.57       0.70       0.82       0.69       1.04       1.14       1.08
    604800    9   13
       0.15       0.17       0.11       0.03       0.03       0.04       0.03       0.03       0.02
       0.33       0.26       0.17       0.24       0.09       0.09       0.07       0.03       0.04
       0.66       0.58       0.47       0.41       0.34       0.25       0.33       0.17       0.09
       0.76       0.69       0.74       0.71       0.68       0.44       0.48       0.51       0.25
       0.59       0.71       0.68       0.63       0.72       0.66       0.58       0.52       0.35
       0.32       0.38       0.36       0.45       0.55       0.59       0.63       0.57       0.51
       0.24       0.23       0.21       0.24       0.22       0.30       0.32       0.26       0.25
       0.28       0.11       0.11       0.10       0.11       0.15       0.23       0.21       0.12
       0.54       0.29       0.16       0.06       0.05       0.11       0.17       0.22       0.13
       0.87       0.63       0.45       0.26       0.14       0.16       0.17       0.17       0.17
       1.22       1.58       0.99       0.33       0.18       0.20       0.31       0.21       0.16
       1.03       1.62       1.35       0.41       0.24       0.45       0.73       0.67       0.27
       0.58       0.62       0.81       0.72       0.38       0.77       1.28       1.53       0.95
    691200    9   13
       0.35       0.27       0.19       0.09       0.11       0.03       0.03       0.04       0.02
       0.30       0.21       0.17       0.10       0.03       0.05       0.02       0.02       0.07
       0.28       0.20       0.14       0.07       0.06       0.15       0.14       0.09       0.11
       0.18       0.18       0.12       0.08       0.11       0.19       0.22       0.24       0.18
       0.12       0.18       0.06       0.05       0.11       0.14       0.21       0.33       0.26
       0.04       0.17       0.14       0.04       0.06       0.10       0.15       0.18       0.23
       0.05       0.08       0.26       0.17       0.09       0.14       0.21       0.11       0.08
       0.11       0.03       0.10       0.26       0.14       0.19       0.33       0.16       0.05
       0.22       0.09       0.02       0.09       0.20       0.28       0.51       0.45       0.16
       0.20       0.05       0.01       0.02       0.18       0.38       0.80       0.98       0.41
       0.22       0.08       0.02       0.02       0.14       0.44       0.80       0.88       0.48
       0.27       0.15       0.05       0.05       0.19       0.48       0.69       0.60       0.49
       0.30       0.20       0.15       0.19       0.33       0.81       0.97       0.60       0.36
    777600    9   13
       0.62       1.20       0.83       0.49       0.40       0.27       0.28       0.37       0.46
       0.65       0.96       0.96       0.75       0.41       0.16       0.23       0.30       0.58
       0.57       0.65       0.80       0.94       0.43       0.11       0.11       0.28       0.62
       0.43       0.42       0.48       0.72       0.34       0.14       0.15       0.28       0.36
       0.37       0.37       0.37       0.69       0.43       0.16       0.23       0.55       0.56
       0.51       0.41       0.36       0.66       0.40       0.21       0.40       0.80       0.84
       0.65       0.58       0.36       0.46       0.39       0.33       0.63       1.49       1.24
       0.70       0.69       0.41       0.37       0.40       0.53       0.81       1.85       1.42
       0.56       0.55       0.51       0.53       0.48       0.65       0.79       1.08       0.86
       0.53       0.47       0.51       0.65       0.51       0.58       0.83       0.89       0.67
       0.49       0.36       0.35       0.58       0.56       0.69       0.72       1.04       0.97
       0.34       0.30       0.39       0.49       0.50       0.56       0.65       0.94       0.98
       0.22       0.24       0.37       0.51       0.46       0.35       0.77       0.84       0.78
    864000    9   13
       0.39       0.48       0.37       0.48       0.43       0.35       0.50       0.46       0.20
       0.42       0.43       0.36       0.54       0.38       0.53       0.52       0.30       0.22
       0.42       0.54       0.47       0.58       0.27       0.54       0.59       0.23       0.31
       0.39       0.55       0.58       0.71       0.45       0.43       0.58       0.49       0.35
       0.43       0.52       0.62       0.77       0.78       0.63       0.73       0.50       0.49
       0.44       0.52       0.63       0.73       0.75       0.79       0.83       0.57       0.40
       0.24       0.42       0.70       0.73       0.60       0.69       0.76       0.73       0.56
       0.24       0.45       0.60       0.48       0.58       0.55       0.78       0.92       0.80
       0.36       0.43       0.46       0.41       0.60       0.65       0.61       0.88       0.95
       0.38       0.52       0.57       0.49       0.43       0.42       0.46       0.81       1.04
       0.23       0.48       0.68       0.51       0.32       0.31       0.47       0.72       0.90
       0.17       0.40       0.61       0.55       0.48       0.48       0.40       0.45       0.61
       0.24       0.28       0.40       0.45       0.60       0.44       0.26       0.29       0.33
    950400    9   13
       0.07       0.03       0.06       0.08       0.08       0.05       0.07       0.18       0.20
       0.13       0.04       0.05       0.04       0.03       0.03       0.09       0.22       0.19
       0.06       0.03       0.05       0.07       0.09       0.16       0.40       0.22       0.22
       0.05       0.03       0.07       0.17       0.23       0.14       0.24       0.16       0.32
       0.14       0.07       0.10       0.10       0.20       0.09       0.16       0.23       0.25
       0.18       0.12       0.14       0.10       0.16       0.18       0.28       0.25       0.16
       0.19       0.21       0.16       0.19       0.13       0.15       0.14       0.14       0.15
       0.27       0.17       0.18       0.17       0.07       0.01       0.02       0.09       0.18
       0.27       0.21       0.19       0.19       0.08       0.06       0.11       0.24       0.29
       0.31       0.31       0.20       0.20       0.16       0.15       0.18       0.29       0.39
       0.30       0.38       0.34       0.18       0.14       0.11       0.11       0.27       0.42
       0.18       0.29       0.33       0.27       0.18       0.21       0.21       0.19       0.31
       0.11       0.22       0.25       0.23       0.32       0.33       0.21       0.12       0.16
   1036800    9   13
       0.02       0.07       0.12       0.18       0.16       0.18       0.12       0.31       0.36
       0.04       0.03       0.09       0.15       0.23       0.28       0.15       0.25       0.32
       0.03       0.03       0.07       0.11       0.21       0.19       0.15       0.16       0.16
       0.08       0.07       0.09       0.19       0.22       0.10       0.17       0.12       0.08
       0.22       0.16       0.15       0.18       0.14       0.08       0.10       0.07       0.08
       0.22       0.14       0.15       0.13       0.13       0.09       0.14       0.07       0.05
       0.13       0.12       0.11       0.12       0.11       0.11       0.12       0.10       0.08
       0.05       0.11       0.17       0.14       0.08       0.09       0.07       0.07       0.07
       0.07       0.13       0.14       0.11       0.05       0.04       0.03       0.03       0.05
       0.10       0.14       0.14       0.14       0.10       0.03       0.02       0.01       0.04
       0.18       0.18       0.20       0.24       0.11       0.03       0.01       0.01       0.01
       0.20       0.17       0.14       0.16       0.10       0.04       0.04       0.02       0.00
       0.09       0.10       0.09       0.11       0.10       0.04       0.04       0.01       0.00
   1123200    9   13
       0.05       0.19       0.20       0.06       0.05       0.05       0.05       0.10       0.19
       0.07       0.16       0.11       0.03       0.11       0.08       0.08       0.15       0.21
       0.01       0.12       0.08       0.06       0.18       0.14       0.16       0.21       0.27
       0.06       0.18       0.14       0.20       0.22       0.13       0.12       0.20       0.28
       0.19       0.34       0.20       0.31       0.28       0.11       0.08       0.14       0.19
       0.22       0.31       0.10       0.16       0.19       0.09       0.04       0.04       0.02
       0.08       0.14       0.02       0.06       0.09       0.04       0.01       0.02       0.01
       0.03       0.01       0.01       0.02       0.06       0.04       0.02       0.01       0.01
       0.01       0.00       0.01       0.02       0.02       0.01       0.01       0.00       0.01
       0.01       0.01       0.02       0.06       0.05       0.00       0.01       0.01       0.02
       0.02       0.02       0.09       0.12       0.04       0.01       0.01       0.00       0.04
       0.00       0.02       0.09       0.14       0.09       0.03       0.04       0.01       0.03
       0.00       0.00       0.03       0.10       0.16       0.02       0.03       0.01       0.01
   1209600    9   13
       0.09       0.03       0.04       0.03       0.04       0.05       0.09       0.11       0.33
       0.09       0.09       0.10       0.14       0.12       0.07       0.10       0.10       0.34
       0.18       0.22       0.20       0.26       0.13       0.14       0.16       0.19       0.35
       0.06       0.16       0.16       0.38       0.35       0.27       0.15       0.10       0.40
       0.04       0.05       0.07       0.31       0.40       0.21       0.10       0.07       0.20
       0.01       0.01       0.03       0.12       0.21       0.10       0.03       0.05       0.08
       0.01       0.04       0.03       0.11       0.13       0.04       0.02       0.04       0.03
       0.06       0.15       0.21       0.19       0.11       0.02       0.00       0.01       0.00
       0.20       0.34       0.34       0.23       0.09       0.01       0.00       0.01       0.00
       0.34       0.41       0.35       0.28       0.12       0.00       0.00       0.01       0.00
       0.24       0.32       0.34       0.33       0.15       0.03       0.01       0.00       0.00
       0.04       0.16       0.33       0.44       0.27       0.14       0.07       0.01       0.00
       0.04       0.18       0.39       0.46       0.38       0.12       0.09       0.01       0.00
   1296000    9   13
       0.06       0.03       0.13       0.16       0.18       0.13       0.22       0.21       0.15
       0.13       0.03       0.08       0.17       0.09       0.09       0.24       0.15       0.07
       0.21       0.11       0.21       0.29       0.14       0.14       0.27       0.07       0.15
       0.13       0.16       0.39       0.51       0.54       0.34       0.17       0.14       0.35
       0.31       0.31       0.43       0.55       0.60       0.38       0.23       0.32       0.38
       0.37       0.36       0.42       0.45       0.44       0.34       0.30       0.37       0.42
       0.32       0.28       0.26       0.29       0.28       0.22       0.19       0.24       0.26
       0.38       0.17       0.27       0.19       0.15       0.09       0.17       0.19       0.16
       0.29       0.17       0.17       0.18       0.10       0.06       0.11       0.06       0.04
       0.27       0.22       0.15       0.14       0.10       0.02       0.01       0.01       0.02
       0.12       0.14       0.20       0.20       0.15       0.06       0.02       0.01       0.01
       0.12       0.14       0.24       0.27       0.18       0.13       0.06       0.01       0.00
       0.27       0.11       0.08       0.07       0.10       0.10       0.06       0.01       0.01
