         0    9   13
       0.29       0.32       0.23       0.30       0.38       0.28       0.24       0.27       0.17
       0.43       0.35       0.25       0.38       0.35       0.35       0.51       0.46       0.27
       0.46       0.51       0.45       0.46       0.30       0.42       0.73       0.33       0.23
       0.36       0.51       0.63       0.69       0.54       0.47       0.56       0.31       0.40
       0.29       0.42       0.70       0.92       0.91       0.67       0.56       0.56       0.77
       0.30       0.47       0.65       0.79       0.92       0.71       0.59       0.62       0.61
       0.34       0.48       0.74       0.58       0.82       0.56       0.40       0.54       0.51
       0.44       0.60       0.73       0.39       0.33       0.49       0.33       0.43       0.45
       0.39       0.46       0.48       0.43       0.19       0.23       0.24       0.28       0.26
       0.34       0.35       0.39       0.23       0.10       0.14       0.08       0.12       0.12
       0.15       0.23       0.44       0.27       0.17       0.12       0.11       0.15       0.11
       0.13       0.30       0.44       0.32       0.32       0.31       0.08       0.09       0.11
       0.27       0.40       0.48       0.43       0.46       0.47       0.15       0.11       0.08
     86400    9   13
       0.11       0.53       0.54       0.29       0.24       0.17       0.27       0.24       0.16
       0.13       0.50       0.51       0.26       0.24       0.15       0.23       0.19       0.35
       0.12       0.35       0.46       0.32       0.43       0.30       0.31       0.25       0.60
       0.15       0.35       0.38       0.27       0.46       0.21       0.34       0.30       0.62
       0.19       0.28       0.26       0.31       0.36       0.11       0.22       0.21       0.41
       0.19       0.21       0.22       0.33       0.28       0.05       0.08       0.08       0.17
       0.29       0.18       0.13       0.20       0.11       0.01       0.01       0.03       0.04
       0.25       0.14       0.15       0.17       0.13       0.03       0.00       0.02       0.02
       0.30       0.39       0.38       0.39       0.27       0.07       0.01       0.04       0.03
       0.48       0.42       0.41       0.44       0.33       0.30       0.04       0.04       0.02
       0.25       0.38       0.79       0.56       0.28       0.29       0.25       0.20       0.03
       0.18       0.40       0.69       0.42       0.16       0.22       0.26       0.22       0.05
       0.11       0.13       0.27       0.39       0.42       0.29       0.04       0.05       0.04
    172800    9   13
       0.03       0.06       0.05       0.07       0.12       0.10       0.18       0.12       0.24
       0.01       0.04       0.03       0.09       0.13       0.03       0.12       0.17       0.22
       0.01       0.05       0.04       0.10       0.09       0.10       0.15       0.37       0.33
       0.02       0.07       0.13       0.09       0.11       0.13       0.12       0.40       0.44
       0.11       0.19       0.18       0.14       0.09       0.04       0.08       0.24       0.39
       0.05       0.10       0.13       0.20       0.07       0.04       0.05       0.18       0.42
       0.01       0.01       0.03       0.09       0.11       0.02       0.02       0.03       0.13
       0.01       0.02       0.01       0.07       0.03       0.00       0.00       0.00       0.02
       0.01       0.02       0.10       0.16       0.05       0.04       0.00       0.01       0.02
       0.02       0.03       0.16       0.16       0.06       0.07       0.02       0.01       0.04
       0.02       0.04       0.12       0.11       0.07       0.06       0.03       0.06       0.08
       0.02       0.05       0.19       0.29       0.14       0.06       0.01       0.02       0.10
       0.00       0.01       0.08       0.14       0.22       0.01       0.03       0.05       0.05
    259200    9   13
       0.33       0.22       0.30       0.47       0.45       0.51       0.57       0.53       0.35
       0.30       0.37       0.38       0.55       0.35       0.42       0.67       0.65       0.53
       0.34       0.45       0.47       0.69       0.34       0.51       0.88       0.61       0.77
       0.51       0.29       0.39       0.80       0.47       0.53       0.73       0.67       0.93
       0.66       0.37       0.33       0.65       0.37       0.39       0.49       0.62       0.77
       0.43       0.33       0.30       0.51       0.42       0.27       0.64       0.64       0.76
       0.43       0.33       0.28       0.44       0.52       0.33       0.55       0.52       0.49
       0.41       0.34       0.40       0.52       0.35       0.18       0.24       0.28       0.24
       0.44       0.45       0.34       0.26       0.08       0.07       0.32       0.27       0.33
       0.36       0.26       0.25       0.28       0.14       0.20       0.21       0.19       0.27
       0.23       0.12       0.23       0.32       0.18       0.20       0.08       0.15       0.51
       0.13       0.23       0.40       0.56       0.23       0.28       0.17       0.06       0.20
       0.27       0.45       0.57       0.59       0.46       0.31       0.24       0.10       0.03
    345600    9   13
       0.66       0.66       0.72       0.58       0.57       0.51       0.42       0.18       0.07
       0.40       0.43       0.70       0.71       0.69       0.68       0.48       0.30       0.21
       0.27       0.37       0.76       0.49       0.68       0.89       0.50       0.32       0.42
       0.20       0.17       0.43       0.34       0.40       0.64       0.47       0.43       0.47
       0.30       0.23       0.49       0.48       0.35       0.65       0.61       0.52       0.56
       0.34       0.30       0.59       0.63       0.46       0.58       0.59       0.64       0.70
       0.53       0.55       0.70       0.55       0.48       0.63       0.60       0.77       0.94
       0.47       0.72       0.88       0.66       0.53       0.71       0.64       0.92       1.12
       0.30       0.88       0.95       0.79       0.58       0.64       0.59       0.79       0.91
       0.21       0.21       0.58       0.83       0.74       0.80       0.62       0.60       0.68
       0.16       0.19       0.33       0.52       0.61       0.68       0.69       0.60       0.45
       0.33       0.35       0.17       0.12       0.18       0.45       0.59       0.45       0.60
       0.76       0.61       0.16       0.12       0.26       0.30       0.36       0.46       0.47
    432000    9   13
       0.46       0.38       0.61       0.52       0.48       0.55       0.68       0.59       0.63
       0.23       0.21       0.46       0.50       0.57       0.61       0.60       0.54       0.61
       0.37       0.27       0.57       0.52       0.89       1.16       0.56       0.36       0.73
       0.35       0.35       0.63       0.33       0.60       1.05       0.59       0.33       0.55
       0.35       0.39       0.67       0.43       0.58       0.84       0.64       0.43       0.46
       0.40       0.47       0.68       0.44       0.58       0.74       0.56       0.52       0.61
       0.32       0.42       0.79       0.67       0.57       0.51       0.50       0.41       0.50
       0.27       0.42       0.55       0.66       0.66       0.59       0.60       0.59       0.68
       0.41       0.38       0.28       0.40       0.59       0.59       0.71       0.83       0.82
       0.28       0.28       0.41       0.40       0.57       0.63       0.76       1.07       1.02
       0.23       0.28       0.16       0.22       0.47       0.52       0.73       0.75       0.87
       0.45       0.40       0.14       0.32       0.62       0.52       0.55       0.45       0.37
       0.62       0.45       0.30       0.43       0.90       0.39       0.48       0.38       0.24
    518400    9   13
       0.41       0.46       0.45       0.32       0.36       0.26       0.16       0.18       0.27
       0.40       0.46       0.50       0.33       0.43       0.37       0.20       0.14       0.11
       0.35       0.55       0.52       0.42       0.57       0.40       0.34       0.24       0.12
       0.34       0.53       0.55       0.49       0.70       0.43       0.38       0.31       0.16
       0.34       0.38       0.45       0.51       0.76       0.46       0.26       0.35       0.13
       0.51       0.42       0.45       0.53       0.63       0.33       0.27       0.44       0.22
       0.57       0.64       0.57       0.44       0.38       0.27       0.32       0.57       0.40
       0.46       0.65       0.62       0.54       0.50       0.30       0.46       0.66       0.57
       0.55       0.75       0.62       0.69       0.76       0.57       0.50       0.76       0.57
       0.68       0.81       0.71       0.70       0.78       0.65       0.52       0.80       0.56
       0.59       0.69       0.71       0.70       0.77       0.83       0.67       0.62       0.61
       0.65       0.84       0.92       0.83       0.90       0.71       0.68       0.59       0.47
       0.73       0.69       0.90       0.97       1.21       0.55       0.59       0.49       0.36
    604800    9   13
       0.48       0.38       0.40       0.36       0.55       0.46       0.43       0.38       0.30
       0.18       0.16       0.43       0.37       0.30       0.27       0.28       0.29       0.28
       0.15       0.05       0.25       0.41       0.59       0.77       0.32       0.18       0.29
       0.20       0.08       0.26       0.37       0.43       0.62       0.16       0.13       0.31
       0.31       0.26       0.40       0.32       0.34       0.31       0.09       0.07       0.17
       0.38       0.34       0.53       0.24       0.29       0.30       0.19       0.16       0.19
       0.39       0.41       0.67       0.20       0.26       0.28       0.23       0.23       0.18
       0.35       0.52       0.49       0.09       0.24       0.31       0.26       0.28       0.22
       0.22       0.27       0.16       0.03       0.05       0.27       0.30       0.24       0.21
       0.14       0.08       0.05       0.10       0.18       0.40       0.44       0.30       0.22
       0.12       0.14       0.21       0.32       0.52       0.52       0.48       0.28       0.20
       0.27       0.25       0.24       0.38       0.59       0.58       0.72       0.43       0.25
       0.36       0.48       0.35       0.35       0.54       0.60       0.55       0.61       0.40
    691200    9   13
       0.04       0.10       0.23       0.32       0.35       0.12       0.02       0.05       0.26
       0.15       0.11       0.32       0.17       0.26       0.14       0.07       0.11       0.48
       0.28       0.15       0.26       0.14       0.34       0.42       0.19       0.06       0.58
       0.27       0.22       0.42       0.15       0.35       0.50       0.14       0.14       0.61
       0.39       0.38       0.48       0.27       0.27       0.45       0.18       0.11       0.27
       0.36       0.43       0.49       0.27       0.16       0.40       0.19       0.05       0.16
       0.28       0.32       0.50       0.18       0.22       0.34       0.09       0.04       0.14
       0.31       0.27       0.47       0.12       0.13       0.20       0.03       0.04       0.11
       0.14       0.13       0.08       0.02       0.07       0.11       0.05       0.14       0.18
       0.03       0.01       0.03       0.14       0.36       0.38       0.14       0.15       0.08
       0.04       0.05       0.09       0.30       0.40       0.30       0.32       0.16       0.09
       0.04       0.09       0.18       0.22       0.15       0.26       0.47       0.28       0.21
       0.09       0.15       0.36       0.21       0.20       0.32       0.32       0.37       0.24
    777600    9   13
       0.10       0.11       0.21       0.24       0.22       0.19       0.30       0.30       0.41
       0.17       0.15       0.28       0.17       0.20       0.30       0.30       0.30       0.26
       0.21       0.16       0.26       0.11       0.21       0.55       0.49       0.48       0.59
       0.18       0.09       0.18       0.17       0.15       0.35       0.29       0.52       0.66
       0.22       0.10       0.20       0.12       0.08       0.22       0.13       0.21       0.30
       0.33       0.16       0.18       0.16       0.13       0.17       0.08       0.11       0.24
       0.34       0.16       0.16       0.08       0.16       0.14       0.03       0.03       0.17
       0.42       0.31       0.27       0.10       0.08       0.10       0.05       0.02       0.10
       0.57       0.34       0.21       0.16       0.29       0.30       0.11       0.13       0.12
       0.26       0.19       0.20       0.22       0.35       0.50       0.28       0.18       0.18
       0.17       0.21       0.22       0.25       0.24       0.16       0.33       0.33       0.24
       0.29       0.36       0.26       0.22       0.14       0.16       0.27       0.24       0.10
       0.39       0.67       0.47       0.39       0.40       0.48       0.30       0.22       0.11
    864000    9   13
       3.60       1.59       1.24       0.96       0.30       0.17       0.18       0.12       0.12
       2.75       2.03       1.21       1.49       0.57       0.32       0.16       0.14       0.09
       2.01       1.74       1.20       1.41       0.98       0.49       0.20       0.18       0.14
       1.62       1.12       0.99       1.06       0.96       0.55       0.31       0.34       0.25
       1.51       1.07       1.22       1.29       1.09       0.72       0.45       0.43       0.35
       1.68       1.50       1.37       1.45       1.06       0.67       0.45       0.50       0.42
       1.49       1.30       1.13       1.78       1.25       0.61       0.42       0.64       0.56
       1.23       1.18       1.42       1.52       1.07       0.66       0.46       0.74       0.63
       1.31       1.70       1.61       1.35       1.06       0.95       0.82       0.84       0.74
       1.86       1.91       1.17       1.03       1.12       0.93       1.07       0.91       0.69
       0.73       0.88       0.71       0.73       0.90       0.99       0.97       0.71       0.57
       0.18       0.36       0.70       0.72       0.74       0.88       0.87       0.91       1.32
       0.43       0.48       0.90       1.28       1.03       1.04       1.24       1.49       1.71
    950400    9   13
       0.32       0.42       0.55       0.50       0.42       0.45       0.62       0.61       0.47
       0.36       0.46       0.66       0.73       0.55       0.34       0.43       0.63       0.39
       0.30       0.26       0.64       0.69       0.68       0.54       0.45       0.42       0.54
       0.37       0.30       0.56       0.57       0.52       0.55       0.40       0.50       0.85
       0.42       0.29       0.60       0.57       0.66       0.52       0.29       0.29       0.59
       0.51       0.23       0.54       0.41       0.57       0.52       0.25       0.20       0.30
       0.34       0.11       0.27       0.26       0.52       0.57       0.25       0.18       0.20
       0.23       0.23       0.30       0.37       0.55       0.39       0.23       0.30       0.36
       0.34       0.40       0.38       0.39       0.50       0.35       0.28       0.42       0.43
       0.53       0.38       0.22       0.38       0.42       0.21       0.19       0.22       0.24
       0.62       0.47       0.31       0.39       0.47       0.22       0.16       0.17       0.27
       0.59       0.33       0.30       0.45       0.58       0.38       0.28       0.34       0.45
       0.45       0.26       0.21       0.33       0.41       0.29       0.33       0.51       0.78
   1036800    9   13
       0.57       0.76       0.87       0.81       0.56       0.39       0.48       0.35       0.12
       0.77       0.89       0.97       0.83       0.63       0.53       0.49       0.33       0.15
       0.59       0.55       0.78       0.83       0.82       0.61       0.65       0.51       0.49
       0.72       0.52       0.55       0.56       0.77       0.78       0.75       0.78       0.92
       0.70       0.66       0.57       0.52       0.74       0.75       0.68       0.74       0.86
       0.77       0.66       0.59       0.58       0.54       0.64       0.78       0.82       0.91
       0.74       0.66       0.56       0.38       0.40       0.63       0.93       0.84       0.86
       0.64       0.64       0.59       0.36       0.36       0.59       0.90       0.82       0.62
       0.98       0.85       0.78       0.62       0.52       0.62       0.76       0.73       0.55
       1.52       1.04       0.97       0.88       0.60       0.72       0.81       0.81       0.66
       1.89       1.27       1.13       1.04       0.81       0.82       0.74       0.92       0.84
       1.14       1.03       1.12       1.24       0.91       0.86       0.73       0.85       0.89
       0.85       0.67       0.80       1.27       0.89       0.66       0.72       0.57       0.63
   1123200    9   13
       0.64       0.73       0.60       0.59       0.41       0.32       0.34       0.38       0.24
       0.59       0.67       0.58       0.57       0.52       0.30       0.38       0.39       0.31
       0.60       0.58       0.49       0.38       0.49       0.12       0.16       0.31       0.35
       0.47       0.60       0.43       0.36       0.47       0.16       0.21       0.32       0.18
       0.33       0.58       0.51       0.55       0.59       0.32       0.36       0.37       0.31
       0.45       0.77       0.71       0.46       0.39       0.32       0.46       0.50       0.62
       0.50       1.01       0.93       0.42       0.32       0.37       0.55       0.67       0.91
       0.49       0.91       0.82       0.57       0.47       0.55       0.56       0.66       0.85
       0.52       0.54       0.84       0.92       0.51       0.55       0.59       0.64       0.60
       0.49       0.79       1.12       1.14       0.55       0.80       0.78       0.59       0.52
       0.71       0.87       1.11       0.80       0.53       0.82       0.75       0.56       0.51
       0.63       0.69       0.89       0.78       0.57       0.63       0.71       0.63       0.37
       0.34       0.45       0.58       0.88       0.49       0.72       0.89       0.52       0.40
   1209600    9   13
       0.03       0.13       0.26       0.09       0.20       0.11       0.01       0.01       0.03
       0.04       0.15       0.29       0.05       0.04       0.03       0.03       0.12       0.04
       0.12       0.15       0.30       0.07       0.07       0.09       0.05       0.08       0.04
       0.14       0.20       0.25       0.05       0.17       0.13       0.03       0.02       0.05
       0.13       0.15       0.26       0.03       0.08       0.10       0.02       0.01       0.01
       0.09       0.15       0.22       0.07       0.17       0.20       0.04       0.01       0.01
       0.08       0.14       0.26       0.11       0.32       0.19       0.04       0.01       0.02
       0.05       0.14       0.20       0.22       0.36       0.15       0.04       0.04       0.04
       0.07       0.10       0.08       0.22       0.42       0.21       0.07       0.08       0.11
       0.05       0.04       0.09       0.22       0.28       0.15       0.05       0.09       0.11
       0.03       0.03       0.06       0.21       0.18       0.16       0.15       0.09       0.12
       0.03       0.06       0.04       0.05       0.14       0.07       0.14       0.14       0.06
       0.03       0.04       0.04       0.07       0.19       0.09       0.15       0.22       0.09
   1296000    9   13
       0.64       0.77       0.62       0.73       1.00       0.83       0.89       0.78       0.80
       0.58       0.79       0.97       0.95       0.87       0.79       0.93       1.19       1.06
       0.57       0.71       0.84       0.92       1.05       1.34       1.38       0.96       1.04
       0.71       0.70       0.67       0.93       1.03       1.25       1.00       0.96       1.14
       0.66       0.59       0.52       0.70       0.71       0.80       0.86       0.94       1.43
       0.64       0.57       0.54       0.64       0.61       0.68       0.95       1.00       1.12
       0.44       0.45       0.52       0.49       0.40       0.44       0.58       0.64       0.82
       0.25       0.31       0.51       0.42       0.33       0.38       0.39       0.39       0.43
       0.25       0.27       0.25       0.09       0.18       0.32       0.38       0.39       0.40
       0.14       0.05       0.03       0.08       0.33       0.60       0.27       0.54       0.69
       0.04       0.05       0.07       0.20       0.48       0.55       0.42       0.55       0.95
       0.08       0.08       0.14       0.20       0.27       0.35       0.49       0.27       0.35
       0.24       0.28       0.17       0.18       0.32       0.28       0.24       0.23       0.14
