         0    9   13
       0.16       0.22       0.29       0.28       0.75       0.91       0.60       0.44       0.27
       0.12       0.14       0.38       0.46       0.72       0.93       0.67       0.42       0.26
       0.11       0.18       0.47       0.35       0.57       0.97       0.85       0.42       0.42
       0.16       0.33       0.41       0.20       0.47       1.02       0.65       0.46       0.62
       0.34       0.40       0.45       0.18       0.31       0.82       0.52       0.50       0.44
       0.39       0.51       0.42       0.16       0.33       0.59       0.53       0.55       0.50
       0.47       0.51       0.42       0.20       0.45       0.69       0.47       0.49       0.57
       0.37       0.39       0.58       0.36       0.54       0.57       0.39       0.39       0.55
       0.36       0.54       0.41       0.44       0.50       0.45       0.30       0.29       0.42
       0.49       0.34       0.17       0.34       0.50       0.30       0.22       0.22       0.42
       0.22       0.24       0.21       0.30       0.40       0.30       0.22       0.29       0.39
       0.07       0.10       0.19       0.30       0.33       0.43       0.34       0.25       0.40
       0.07       0.18       0.24       0.30       0.31       0.38       0.42       0.37       0.62
     86400    9   13
       0.29       0.37       0.46       0.38       0.54       0.46       0.41       0.36       0.30
       0.41       0.50       0.61       0.39       0.43       0.31       0.32       0.34       0.41
       0.20       0.46       0.66       0.39       0.46       0.40       0.32       0.39       0.50
       0.26       0.48       0.60       0.53       0.74       0.54       0.39       0.42       0.63
       0.50       0.67       0.82       0.58       0.81       0.80       0.46       0.45       0.61
       0.72       0.84       0.99       0.55       0.73       0.85       0.62       0.66       0.85
       0.85       0.93       1.10       0.73       0.86       0.92       0.60       0.69       0.85
       1.12       1.18       1.22       1.06       1.20       1.02       0.70       0.77       0.89
       1.21       1.31       1.09       1.33       1.33       0.98       0.76       0.91       1.13
       1.06       0.93       0.97       1.62       1.44       1.01       0.68       0.91       1.15
       0.82       0.72       0.84       1.60       1.56       1.25       0.91       0.65       0.92
       0.67       0.52       0.67       1.00       1.08       1.11       1.04       0.45       0.62
       0.27       0.26       0.37       0.87       0.66       0.52       0.75       0.65       0.41
    172800    9   13
       0.74       0.87       1.11       1.26       1.66       1.46       1.42       1.23       1.22
       1.10       1.16       1.62       1.67       2.15       1.92       1.38       1.36       2.08
       1.33       1.55       2.12       2.45       3.62       3.18       1.50       1.43       2.48
       1.48       1.74       2.22       2.35       4.07       2.93       1.34       1.66       2.49
       1.46       1.40       2.02       2.18       3.19       2.29       1.44       1.30       1.96
       1.24       1.23       1.96       1.96       2.25       2.15       1.59       1.15       1.42
       1.11       1.38       1.71       1.99       2.13       1.78       1.62       1.43       1.51
       0.89       1.14       1.76       1.79       1.75       1.45       1.46       1.72       2.11
       0.69       1.10       1.49       1.51       1.77       1.52       1.62       1.59       1.55
       0.78       0.82       0.99       1.35       1.68       1.41       1.27       1.33       1.24
       0.80       0.66       0.84       1.03       1.20       1.32       0.88       0.85       0.83
       0.91       0.90       0.90       0.78       0.67       1.31       0.63       0.36       0.48
       0.94       0.86       0.84       0.80       1.20       1.39       0.37       0.16       0.37
    259200    9   13
       0.36       0.28       0.22       0.23       0.38       0.36       0.51       0.63       0.47
       0.33       0.29       0.21       0.21       0.45       0.42       0.69       0.66       0.60
       0.31       0.36       0.32       0.18       0.32       0.49       0.89       0.91       0.84
       0.28       0.24       0.26       0.18       0.26       0.40       0.43       0.57       0.50
       0.23       0.21       0.17       0.13       0.17       0.22       0.49       0.47       0.37
       0.24       0.24       0.20       0.16       0.22       0.28       0.47       0.33       0.27
       0.17       0.29       0.33       0.30       0.37       0.37       0.41       0.30       0.15
       0.15       0.24       0.29       0.26       0.30       0.30       0.52       0.40       0.12
       0.26       0.22       0.22       0.27       0.25       0.35       0.42       0.25       0.17
       0.32       0.22       0.21       0.23       0.27       0.36       0.33       0.23       0.26
       0.15       0.19       0.26       0.27       0.33       0.32       0.22       0.25       0.45
       0.12       0.21       0.27       0.32       0.31       0.34       0.23       0.27       0.59
       0.21       0.17       0.16       0.25       0.40       0.52       0.37       0.22       0.47
    345600    9   13
       0.96       0.79       0.95       0.54       0.23       0.09       0.24       0.24       0.28
       0.68       0.54       0.80       0.67       0.33       0.22       0.40       0.36       0.39
       0.55       0.45       0.71       0.49       0.33       0.68       1.14       0.57       0.42
       0.26       0.27       0.45       0.47       0.40       0.53       0.75       0.29       0.29
       0.21       0.13       0.27       0.38       0.36       0.35       0.45       0.43       0.72
       0.28       0.18       0.27       0.29       0.22       0.22       0.33       0.60       0.92
       0.19       0.13       0.10       0.13       0.07       0.18       0.39       0.54       0.57
       0.19       0.19       0.16       0.09       0.05       0.07       0.20       0.30       0.36
       0.24       0.24       0.17       0.06       0.05       0.02       0.12       0.22       0.27
       0.25       0.15       0.11       0.07       0.04       0.09       0.14       0.21       0.39
       0.05       0.04       0.04       0.05       0.06       0.10       0.14       0.37       0.55
       0.00       0.00       0.02       0.04       0.03       0.06       0.11       0.32       0.55
       0.00       0.02       0.08       0.12       0.15       0.10       0.09       0.08       0.37
    432000    9   13
       0.34       0.30       0.27       0.07       0.10       0.40       0.43       0.39       0.26
       0.26       0.29       0.24       0.23       0.47       0.52       0.38       0.32       0.35
       0.07       0.15       0.33       0.48       0.52       0.68       0.54       0.36       0.37
       0.02       0.23       0.40       0.65       0.61       0.84       0.46       0.32       0.64
       0.05       0.26       0.48       0.72       0.64       0.73       0.33       0.30       0.51
       0.20       0.14       0.47       0.66       0.53       0.66       0.38       0.26       0.20
       0.10       0.05       0.36       0.49       0.45       0.53       0.34       0.17       0.18
       0.02       0.01       0.09       0.19       0.30       0.32       0.16       0.22       0.40
       0.08       0.09       0.13       0.17       0.32       0.35       0.10       0.09       0.07
       0.22       0.32       0.22       0.20       0.29       0.30       0.12       0.04       0.07
       0.09       0.12       0.19       0.18       0.23       0.26       0.40       0.23       0.19
       0.02       0.02       0.06       0.09       0.11       0.20       0.47       0.39       0.26
       0.00       0.00       0.02       0.05       0.11       0.29       0.22       0.17       0.11
    518400    9   13
       0.11       0.08       0.26       0.35       0.30       0.32       0.27       0.37       0.32
       0.14       0.16       0.49       0.41       0.38       0.27       0.24       0.25       0.25
       0.32       0.45       0.54       0.30       0.27       0.28       0.19       0.14       0.30
       0.27       0.36       0.42       0.35       0.27       0.28       0.09       0.09       0.35
       0.32       0.30       0.45       0.32       0.24       0.26       0.07       0.08       0.45
       0.55       0.43       0.49       0.32       0.21       0.25       0.10       0.17       0.28
       0.44       0.33       0.35       0.35       0.10       0.29       0.12       0.24       0.34
       0.33       0.30       0.26       0.29       0.11       0.18       0.08       0.24       0.40
       0.26       0.26       0.23       0.16       0.28       0.20       0.12       0.18       0.24
       0.26       0.38       0.30       0.24       0.39       0.18       0.05       0.13       0.36
       0.33       0.55       0.50       0.34       0.65       0.31       0.12       0.21       0.42
       0.39       0.54       0.56       0.33       0.41       0.43       0.31       0.17       0.26
       0.40       0.37       0.40       0.38       0.39       0.50       0.25       0.16       0.20
    604800    9   13
       0.20       0.34       0.58       0.47       0.73       0.66       0.60       0.54       0.36
       0.27       0.36       0.70       0.48       0.47       0.55       0.56       0.36       0.29
       0.22       0.27       0.70       0.48       0.61       0.74       0.51       0.39       0.51
       0.23       0.20       0.44       0.26       0.43       0.64       0.40       0.40       0.64
       0.30       0.31       0.30       0.23       0.21       0.58       0.58       0.36       0.51
       0.30       0.18       0.22       0.18       0.20       0.70       0.63       0.56       0.73
       0.23       0.19       0.15       0.21       0.23       0.48       0.42       0.41       0.66
       0.20       0.18       0.23       0.26       0.17       0.27       0.36       0.43       0.55
       0.17       0.24       0.25       0.16       0.13       0.23       0.41       0.51       0.61
       0.16       0.16       0.12       0.24       0.22       0.22       0.33       0.43       0.48
       0.16       0.15       0.13       0.17       0.13       0.17       0.29       0.30       0.39
       0.10       0.14       0.08       0.05       0.08       0.28       0.31       0.24       0.30
       0.04       0.05       0.03       0.05       0.17       0.28       0.26       0.20       0.21
    691200    9   13
       0.26       0.23       0.24       0.24       0.27       0.27       0.39       0.27       0.26
       0.27       0.24       0.17       0.12       0.06       0.25       0.23       0.21       0.22
       0.25       0.18       0.20       0.12       0.09       0.33       0.14       0.14       0.45
       0.23       0.13       0.15       0.17       0.35       0.30       0.14       0.43       0.85
       0.18       0.15       0.20       0.22       0.25       0.16       0.28       0.76       0.55
       0.17       0.14       0.18       0.20       0.26       0.30       0.28       0.32       0.27
       0.25       0.17       0.18       0.22       0.27       0.31       0.21       0.21       0.22
       0.19       0.14       0.17       0.26       0.28       0.31       0.28       0.27       0.22
       0.15       0.14       0.15       0.25       0.25       0.40       0.40       0.44       0.40
       0.33       0.25       0.25       0.29       0.32       0.42       0.51       0.52       0.43
       0.58       0.57       0.48       0.44       0.43       0.46       0.64       0.57       0.43
       1.00       1.00       0.66       0.43       0.46       0.61       0.60       0.62       0.46
       0.72       0.71       0.53       0.46       0.57       0.66       0.49       0.67       0.63
    777600    9   13
       2.24       1.80       1.50       1.16       0.67       0.58       0.58       0.44       0.33
       1.06       0.89       1.01       0.85       0.43       0.51       0.72       0.53       0.24
       0.90       0.62       0.59       0.52       0.40       0.48       0.72       0.52       0.34
       0.66       0.49       0.48       0.60       0.44       0.38       0.53       0.52       0.45
       0.75       0.70       0.64       0.88       0.48       0.38       0.60       0.53       0.54
       1.04       1.02       0.81       0.68       0.58       0.49       0.61       0.56       0.50
       0.54       0.90       0.88       0.58       0.50       0.48       0.43       0.48       0.42
       0.60       0.78       0.86       0.52       0.42       0.23       0.23       0.47       0.49
       0.71       0.45       0.54       0.54       0.39       0.23       0.18       0.35       0.49
       0.41       0.37       0.38       0.47       0.39       0.22       0.26       0.42       0.67
       0.26       0.27       0.36       0.39       0.33       0.33       0.40       0.52       0.63
       0.19       0.26       0.32       0.43       0.41       0.33       0.26       0.30       0.39
       0.28       0.27       0.37       0.49       0.56       0.31       0.24       0.43       0.38
    864000    9   13
       0.42       0.39       0.42       0.62       0.48       0.20       0.10       0.07       0.05
       0.54       0.40       0.26       0.30       0.34       0.21       0.11       0.07       0.07
       0.56       0.49       0.37       0.39       0.28       0.32       0.22       0.09       0.21
       0.61       0.55       0.34       0.36       0.24       0.22       0.22       0.08       0.18
       0.75       0.60       0.26       0.21       0.11       0.08       0.13       0.08       0.14
       0.68       0.52       0.35       0.10       0.03       0.04       0.06       0.02       0.01
       0.39       0.48       0.27       0.18       0.13       0.12       0.12       0.07       0.04
       0.34       0.27       0.08       0.14       0.14       0.14       0.14       0.08       0.18
       0.38       0.27       0.06       0.07       0.06       0.03       0.02       0.07       0.27
       0.35       0.18       0.10       0.04       0.03       0.04       0.02       0.12       0.39
       0.31       0.15       0.21       0.21       0.07       0.04       0.07       0.24       0.36
       0.19       0.13       0.20       0.35       0.24       0.17       0.16       0.16       0.19
       0.25       0.23       0.35       0.33       0.38       0.28       0.08       0.06       0.17
    950400    9   13
       0.30       0.23       0.13       0.30       0.49       0.37       0.24       0.17       0.17
       0.09       0.09       0.09       0.43       0.60       0.39       0.32       0.28       0.16
       0.07       0.17       0.27       0.29       0.36       0.43       0.43       0.37       0.41
       0.02       0.15       0.40       0.51       0.45       0.28       0.21       0.27       0.40
       0.15       0.21       0.24       0.31       0.42       0.16       0.11       0.21       0.43
       0.37       0.70       0.49       0.33       0.45       0.14       0.13       0.14       0.22
       0.31       0.76       0.65       0.70       0.65       0.17       0.15       0.23       0.17
       0.13       0.56       0.60       0.71       0.53       0.07       0.08       0.10       0.02
       0.22       0.51       0.31       0.24       0.21       0.08       0.10       0.07       0.03
       0.29       0.24       0.24       0.17       0.07       0.21       0.05       0.01       0.01
       0.16       0.08       0.18       0.17       0.12       0.17       0.03       0.00       0.00
       0.04       0.07       0.19       0.28       0.10       0.03       0.02       0.00       0.01
       0.04       0.09       0.19       0.22       0.26       0.04       0.02       0.00       0.01
   1036800    9   13
       1.11       1.64       0.92       0.25       0.41       0.90       0.40       0.15       0.19
       0.30       0.69       0.56       0.16       0.18       0.48       0.40       0.21       0.16
       0.38       0.59       0.35       0.31       0.27       0.24       0.21       0.23       0.34
       0.67       0.76       0.56       0.62       0.62       0.34       0.34       0.49       0.49
       0.72       0.70       0.70       0.81       0.88       0.35       0.35       0.49       0.42
       0.71       0.67       0.67       0.79       0.85       0.32       0.10       0.32       0.32
       0.74       0.81       0.62       0.71       0.45       0.10       0.03       0.10       0.07
       0.06       0.24       0.30       0.37       0.22       0.01       0.01       0.03       0.01
       0.07       0.18       0.15       0.10       0.04       0.01       0.02       0.11       0.08
       0.02       0.07       0.06       0.16       0.07       0.08       0.05       0.07       0.08
       0.01       0.03       0.08       0.23       0.15       0.09       0.03       0.07       0.12
       0.00       0.00       0.04       0.15       0.16       0.09       0.08       0.04       0.10
       0.00       0.04       0.14       0.22       0.36       0.20       0.05       0.02       0.02
   1123200    9   13
       0.04       0.08       0.19       0.32       0.40       0.36       0.33       0.28       0.16
       0.10       0.13       0.22       0.23       0.21       0.22       0.27       0.35       0.26
       0.16       0.22       0.25       0.20       0.14       0.19       0.35       0.43       0.46
       0.30       0.31       0.32       0.30       0.24       0.21       0.29       0.33       0.58
       0.29       0.23       0.35       0.23       0.21       0.13       0.14       0.23       0.36
       0.32       0.24       0.40       0.31       0.33       0.15       0.06       0.08       0.09
       0.26       0.40       0.57       0.61       0.59       0.40       0.12       0.12       0.12
       0.22       0.52       0.40       0.45       0.36       0.18       0.03       0.01       0.03
       0.11       0.32       0.26       0.32       0.12       0.05       0.03       0.03       0.01
       0.14       0.18       0.23       0.30       0.18       0.10       0.11       0.14       0.09
       0.13       0.11       0.19       0.26       0.11       0.08       0.05       0.11       0.11
       0.08       0.21       0.28       0.33       0.18       0.05       0.02       0.02       0.01
       0.15       0.27       0.28       0.36       0.36       0.06       0.02       0.00       0.00
   1209600    9   13
       0.08       0.08       0.04       0.06       0.09       0.18       0.30       0.35       0.24
       0.19       0.16       0.12       0.19       0.11       0.09       0.15       0.22       0.25
       0.30       0.29       0.27       0.24       0.15       0.25       0.20       0.27       0.29
       0.39       0.36       0.43       0.42       0.21       0.27       0.18       0.10       0.35
       0.38       0.32       0.40       0.38       0.30       0.20       0.15       0.14       0.32
       0.26       0.24       0.27       0.31       0.34       0.19       0.09       0.14       0.19
       0.12       0.18       0.24       0.30       0.24       0.08       0.04       0.10       0.13
       0.17       0.36       0.41       0.36       0.21       0.09       0.17       0.22       0.22
       0.29       0.56       0.59       0.51       0.26       0.10       0.18       0.14       0.05
       0.36       0.48       0.62       0.73       0.49       0.12       0.08       0.05       0.03
       0.37       0.47       0.59       0.80       0.46       0.16       0.05       0.02       0.05
       0.27       0.47       0.71       0.84       0.52       0.15       0.12       0.02       0.02
       0.09       0.24       0.48       0.66       0.60       0.18       0.14       0.05       0.02
   1296000    9   13
       0.40       0.36       0.38       0.51       0.46       0.36       0.50       0.53       0.43
       0.30       0.31       0.39       0.50       0.43       0.39       0.51       0.55       0.37
       0.28       0.34       0.43       0.49       0.34       0.51       0.74       0.49       0.46
       0.22       0.36       0.39       0.62       0.42       0.39       0.61       0.46       0.61
       0.11       0.23       0.30       0.58       0.37       0.26       0.40       0.45       0.76
       0.15       0.21       0.14       0.27       0.24       0.21       0.31       0.52       0.76
       0.22       0.24       0.15       0.20       0.20       0.16       0.30       0.45       0.52
       0.32       0.30       0.39       0.64       0.63       0.46       0.31       0.32       0.30
       0.47       0.75       1.10       1.25       1.20       0.76       0.52       0.26       0.17
       0.62       0.65       0.71       0.65       0.51       0.40       0.30       0.14       0.23
       0.26       0.38       0.54       0.50       0.18       0.13       0.11       0.14       0.15
       0.10       0.30       0.45       0.36       0.16       0.04       0.04       0.04       0.01
       0.08       0.26       0.39       0.39       0.21       0.05       0.01       0.01       0.01
