         0    9   13
       0.02       0.06       0.10       0.07       0.21       0.08       0.01       0.07       0.03
       0.04       0.06       0.07       0.18       0.27       0.05       0.03       0.06       0.02
       0.10       0.14       0.08       0.12       0.29       0.12       0.16       0.09       0.07
       0.09       0.25       0.40       0.24       0.32       0.15       0.14       0.15       0.17
       0.08       0.35       0.62       0.43       0.51       0.28       0.17       0.17       0.39
       0.15       0.19       0.42       0.20       0.28       0.15       0.14       0.16       0.24
       0.09       0.12       0.27       0.09       0.15       0.10       0.08       0.20       0.26
       0.12       0.32       0.35       0.12       0.15       0.13       0.15       0.38       0.57
       0.14       0.46       0.54       0.24       0.17       0.21       0.17       0.49       0.41
       0.21       0.21       0.29       0.35       0.26       0.12       0.05       0.12       0.17
       0.03       0.03       0.20       0.72       0.62       0.22       0.07       0.02       0.04
       0.03       0.03       0.21       0.47       0.47       0.65       0.34       0.02       0.02
       0.02       0.03       0.23       0.57       0.37       0.22       0.32       0.06       0.01
     86400    9   13
       0.02       0.02       0.02       0.02       0.05       0.04       0.08       0.33       0.37
       0.04       0.16       0.44       0.24       0.04       0.07       0.14       0.15       0.05
       0.08       0.36       1.00       0.28       0.17       0.13       0.08       0.06       0.10
       0.03       0.09       0.32       0.09       0.54       0.21       0.03       0.08       0.25
       0.01       0.21       0.24       0.05       0.50       0.16       0.01       0.08       0.19
       0.02       0.28       0.29       0.02       0.46       0.21       0.02       0.03       0.15
       0.02       0.12       0.31       0.01       0.31       0.21       0.02       0.05       0.13
       0.03       0.09       0.39       0.02       0.07       0.05       0.02       0.08       0.03
       0.06       0.16       0.22       0.02       0.05       0.11       0.03       0.04       0.01
       0.05       0.16       0.20       0.17       0.22       0.08       0.03       0.00       0.00
       0.04       0.03       0.03       0.31       0.43       0.14       0.07       0.00       0.00
       0.06       0.06       0.05       0.16       0.40       0.30       0.27       0.02       0.01
       0.09       0.09       0.05       0.08       0.57       0.35       0.31       0.06       0.02
    172800    9   13
       0.00       0.00       0.01       0.02       0.03       0.08       0.06       0.13       0.24
       0.04       0.03       0.04       0.07       0.13       0.23       0.11       0.17       0.19
       0.51       0.13       0.12       0.19       0.25       0.39       0.34       0.27       0.21
       0.34       0.17       0.45       0.27       0.31       0.35       0.71       0.43       0.36
       0.45       0.73       0.88       0.20       0.34       0.54       0.47       0.41       0.43
       0.17       0.31       0.38       0.21       0.54       0.47       0.34       0.20       0.11
       0.12       0.15       0.23       0.21       0.29       0.41       0.48       0.07       0.04
       0.19       0.15       0.17       0.28       0.48       0.62       0.97       0.19       0.11
       0.34       0.18       0.16       0.31       0.45       0.74       0.71       0.36       0.34
       0.40       0.30       0.32       0.46       0.68       1.37       0.52       0.47       0.48
       0.23       0.22       0.26       0.70       0.61       0.20       0.36       0.32       0.39
       0.13       0.09       0.16       0.47       0.56       0.38       0.39       0.30       0.45
       0.14       0.13       0.12       0.23       0.57       0.22       0.21       0.39       0.55
    259200    9   13
       0.14       0.23       0.20       0.15       0.06       0.07       0.10       0.03       0.05
       0.12       0.16       0.15       0.26       0.18       0.18       0.16       0.02       0.01
       0.21       0.08       0.11       0.08       0.10       0.22       0.10       0.05       0.05
       0.69       0.04       0.14       0.08       0.26       0.30       0.04       0.05       0.16
       1.47       0.11       0.26       0.30       0.43       0.26       0.07       0.08       0.18
       1.54       0.19       0.11       0.36       0.45       0.29       0.05       0.08       0.21
       0.24       0.12       0.17       0.05       0.14       0.19       0.09       0.04       0.11
       0.14       0.17       0.54       0.18       0.12       0.11       0.14       0.05       0.14
       0.10       0.20       0.23       0.27       0.24       0.21       0.20       0.14       0.16
       0.14       0.12       0.13       0.26       0.36       0.28       0.43       0.37       0.32
       0.18       0.19       0.41       0.51       0.43       0.31       0.62       1.17       0.88
       0.27       0.19       0.55       0.70       1.03       1.05       0.85       0.88       0.74
       0.56       0.42       0.69       1.36       2.68       2.40       1.11       0.61       0.33
    345600    9   13
       0.36       0.21       0.27       1.38       1.26       0.33       0.37       1.20       0.83
       0.34       0.33       0.40       1.08       1.24       0.82       1.00       1.37       1.14
       0.27       0.29       1.39       3.14       1.67       0.88       0.97       1.02       1.37
       0.66       1.41       1.73       3.58       1.39       0.72       1.16       2.05       1.38
       0.73       1.49       2.39       2.85       0.49       0.82       1.46       0.82       0.74
       0.91       1.10       2.34       1.57       0.54       1.87       3.51       1.21       0.55
       1.09       1.08       1.78       1.02       0.86       2.05       1.79       0.74       0.44
       1.35       1.80       2.18       1.15       0.93       1.15       0.91       0.76       0.53
       1.53       3.93       3.89       1.28       1.17       0.93       0.88       0.86       0.64
       1.50       1.98       2.66       1.48       1.12       0.64       0.68       0.86       0.80
       3.64       1.57       1.65       1.44       0.96       0.56       0.37       0.45       0.58
       3.48       1.42       0.97       1.47       1.08       0.58       0.34       0.15       0.33
       2.06       1.04       0.89       1.20       1.06       0.40       0.31       0.21       0.17
    432000    9   13
       0.01       0.03       0.06       0.02       0.03       0.01       0.01       0.12       0.12
       0.01       0.01       0.01       0.03       0.11       0.04       0.07       0.13       0.20
       0.00       0.00       0.00       0.04       0.09       0.09       0.09       0.03       0.21
       0.00       0.00       0.00       0.00       0.03       0.07       0.04       0.01       0.14
       0.01       0.00       0.01       0.01       0.03       0.03       0.03       0.04       0.08
       0.02       0.02       0.02       0.02       0.08       0.09       0.08       0.08       0.01
       0.03       0.15       0.22       0.09       0.17       0.21       0.15       0.10       0.04
       0.06       0.64       1.00       0.27       0.33       0.26       0.26       0.21       0.11
       0.24       0.68       1.04       0.36       0.28       0.24       0.29       0.34       0.31
       0.73       0.51       0.65       0.47       0.51       0.42       0.32       0.53       0.58
       0.62       0.51       0.79       0.65       0.61       0.40       0.40       0.78       0.79
       0.68       0.80       0.89       0.59       0.58       0.80       0.71       0.93       0.93
       1.10       1.06       1.02       0.49       0.63       0.95       0.94       0.82       0.72
    518400    9   13
       0.07       0.03       0.02       0.01       0.04       0.10       0.03       0.03       0.07
       0.05       0.03       0.03       0.05       0.08       0.08       0.01       0.11       0.25
       0.08       0.06       0.03       0.08       0.11       0.04       0.01       0.05       0.22
       0.07       0.09       0.11       0.04       0.09       0.05       0.02       0.15       0.19
       0.18       0.13       0.12       0.04       0.15       0.04       0.08       0.46       0.43
       0.34       0.29       0.23       0.10       0.11       0.04       0.16       0.54       0.55
       0.60       0.57       0.71       0.22       0.04       0.02       0.17       0.51       0.71
       0.69       0.62       0.57       0.21       0.04       0.01       0.12       0.37       0.69
       1.05       0.82       0.51       0.19       0.07       0.06       0.15       0.23       0.59
       1.15       0.95       0.49       0.31       0.26       0.13       0.12       0.08       0.17
       0.52       0.47       0.34       0.35       0.32       0.22       0.12       0.03       0.09
       0.31       0.28       0.54       0.55       0.23       0.17       0.15       0.05       0.05
       0.47       0.47       1.09       0.63       0.26       0.16       0.14       0.05       0.05
    604800    9   13
       0.44       0.36       0.39       0.33       0.29       0.33       0.30       0.34       0.24
       0.56       0.31       0.36       0.49       0.32       0.29       0.39       0.38       0.29
       0.32       0.38       0.48       0.53       0.49       0.52       0.52       0.42       0.63
       0.39       0.56       0.77       0.58       0.46       0.55       0.70       0.62       0.72
       0.76       1.05       1.04       0.81       0.53       0.55       0.68       0.63       0.86
       1.17       1.22       1.08       0.67       0.58       0.66       0.69       0.76       1.19
       0.89       1.51       0.98       0.70       0.70       0.75       0.65       0.85       1.25
       1.97       2.77       1.02       0.58       0.60       0.64       0.76       1.02       1.01
       2.12       1.53       0.75       0.65       0.63       0.71       0.72       0.87       1.06
       1.20       0.83       0.83       0.83       0.90       0.88       0.59       0.57       0.69
       1.09       0.50       0.56       0.61       0.96       0.93       0.89       0.40       0.29
       0.36       0.32       0.73       0.68       0.96       0.91       0.70       0.34       0.24
       0.64       0.66       0.97       0.95       1.30       0.79       0.35       0.39       0.18
    691200    9   13
       0.29       0.27       0.40       0.19       0.10       0.15       0.27       0.37       0.36
       0.33       0.29       0.34       0.16       0.13       0.19       0.05       0.10       0.22
       0.42       0.22       0.18       0.16       0.19       0.18       0.13       0.12       0.30
       0.26       0.39       0.48       0.42       0.23       0.25       0.15       0.14       0.21
       0.76       0.63       0.61       0.54       0.35       0.24       0.24       0.23       0.22
       0.86       0.65       0.61       0.80       0.52       0.33       0.37       0.19       0.36
       0.42       1.19       0.92       0.53       0.43       0.52       0.48       0.40       0.61
       0.73       1.07       0.69       0.41       0.45       0.64       0.74       0.50       0.45
       0.78       0.54       0.25       0.22       0.30       0.76       0.96       0.74       0.34
       0.67       0.57       0.51       0.44       0.70       0.92       0.96       0.86       0.67
       0.82       0.72       0.70       0.61       0.73       0.71       1.03       1.03       0.81
       0.51       0.79       0.79       0.74       0.74       0.80       0.95       0.85       1.02
       0.44       0.76       0.92       0.98       0.95       0.68       0.70       0.80       0.70
    777600    9   13
       0.15       0.16       0.21       0.33       0.53       0.65       0.63       0.55       0.43
       0.10       0.20       0.21       0.26       0.45       0.49       0.65       0.66       0.55
       0.07       0.13       0.22       0.24       0.39       0.67       0.76       0.58       0.86
       0.10       0.20       0.47       0.56       0.56       0.78       0.83       0.85       1.08
       0.40       0.39       0.60       0.79       0.90       0.99       0.92       1.21       1.59
       0.73       0.49       0.61       0.76       1.01       1.03       1.07       1.43       1.59
       0.83       0.51       0.73       1.02       0.98       0.94       1.13       1.53       1.67
       0.71       0.72       1.09       1.34       1.10       1.10       1.35       1.76       1.83
       1.18       1.45       1.54       1.34       1.31       1.37       1.35       1.79       1.69
       1.43       1.63       1.64       1.42       1.53       1.47       1.34       1.42       1.62
       2.55       1.95       1.57       1.25       1.23       1.40       1.33       1.22       1.43
       3.01       1.61       1.22       1.26       1.28       1.36       1.17       1.11       1.03
       1.63       1.09       0.79       1.21       1.66       1.44       1.67       1.43       0.59
    864000    9   13
       0.36       0.40       0.55       0.61       0.79       0.84       0.64       0.65       0.61
       0.34       0.34       0.59       0.92       0.86       0.92       1.67       1.33       0.52
       0.47       0.40       0.80       0.99       0.85       0.96       1.39       1.31       0.61
       0.86       0.53       0.83       0.66       0.66       0.65       0.64       0.60       0.45
       1.17       0.72       0.98       0.80       0.69       0.61       0.59       0.52       0.43
       0.72       0.86       0.96       0.72       0.71       0.55       0.57       0.59       0.58
       0.61       0.75       0.90       0.84       0.65       0.56       0.69       0.62       0.48
       0.81       0.90       1.27       0.93       0.65       0.71       0.92       0.90       0.75
       1.32       1.95       1.33       0.86       0.82       0.85       0.95       0.88       0.73
       1.43       1.71       1.17       0.92       0.92       0.84       0.69       0.50       0.47
       1.56       1.39       1.12       1.05       0.88       0.77       0.55       0.51       0.45
       1.69       1.33       1.12       0.94       0.64       0.73       0.72       0.71       0.49
       1.21       1.01       0.87       0.72       0.95       0.95       1.02       0.98       0.97
    950400    9   13
       1.36       1.37       1.98       2.26       1.12       0.76       0.65       1.07       0.59
       2.03       1.34       1.29       1.18       0.70       0.58       0.46       0.68       0.76
       1.85       1.58       1.06       0.54       0.52       0.63       0.66       1.06       0.77
       1.72       1.58       1.21       0.80       0.66       0.59       0.63       0.69       0.49
       1.24       1.07       0.75       0.57       0.71       0.54       0.42       0.31       0.32
       1.04       0.86       0.64       1.21       2.24       1.61       0.70       0.34       0.32
       0.82       0.63       0.62       1.39       1.27       0.85       0.48       0.34       0.30
       0.62       0.51       0.67       0.86       0.67       0.48       0.41       0.53       0.41
       0.77       0.68       0.58       0.67       0.51       0.28       0.27       0.42       0.36
       1.01       0.82       0.60       0.79       0.54       0.20       0.24       0.38       0.38
       1.54       0.89       0.96       0.97       0.64       0.54       0.46       0.38       0.26
       1.15       1.16       1.22       1.10       0.95       0.76       0.69       0.47       0.33
       0.96       1.10       1.29       1.38       1.53       1.16       1.20       1.24       1.00
   1036800    9   13
       1.71       1.13       0.91       0.54       0.56       0.46       0.44       0.45       0.56
       0.88       0.65       0.91       0.97       0.75       0.36       0.30       0.41       0.48
       0.89       0.60       0.79       1.12       1.12       1.20       0.72       0.42       0.46
       0.41       0.42       0.55       1.02       1.11       1.11       0.69       0.36       0.45
       0.39       0.47       0.51       0.75       1.19       1.05       0.75       0.43       0.26
       0.50       0.57       0.47       0.42       0.79       0.84       0.72       0.50       0.28
       0.56       0.71       0.48       0.43       0.65       0.54       0.54       0.47       0.38
       0.47       0.45       0.48       0.51       0.45       0.34       0.42       0.42       0.25
       0.52       0.48       0.35       0.43       0.35       0.15       0.13       0.18       0.22
       0.42       0.38       0.32       0.42       0.31       0.12       0.11       0.22       0.17
       0.16       0.32       0.34       0.33       0.31       0.25       0.15       0.11       0.08
       0.31       0.20       0.14       0.16       0.17       0.17       0.16       0.13       0.08
       0.32       0.14       0.22       0.24       0.38       0.20       0.18       0.22       0.14
   1123200    9   13
       2.51       1.92       1.65       1.07       0.84       0.73       0.66       0.74       0.71
       1.84       1.62       1.65       1.41       0.95       0.86       0.86       0.80       0.52
       1.69       2.01       1.80       1.64       1.15       0.91       0.75       0.51       0.47
       2.37       2.28       1.91       1.56       1.18       1.07       0.70       0.43       0.58
       1.74       1.65       1.62       1.56       1.10       0.88       0.69       0.51       0.52
       0.90       0.97       1.09       0.80       0.64       0.69       0.73       0.67       0.56
       0.73       0.61       0.58       0.47       0.57       0.62       0.46       0.51       0.51
       0.69       0.67       0.66       0.59       0.57       0.55       0.41       0.37       0.39
       0.61       0.73       0.59       0.74       0.75       0.73       0.47       0.35       0.34
       0.51       0.53       0.53       0.69       0.77       0.46       0.19       0.30       0.33
       0.55       0.49       0.43       0.45       0.34       0.21       0.15       0.30       0.26
       0.51       0.53       0.48       0.35       0.30       0.39       0.29       0.23       0.28
       0.42       0.49       0.43       0.37       0.53       0.34       0.19       0.21       0.35
   1209600    9   13
       0.18       0.19       0.29       0.19       0.23       0.23       0.22       0.22       0.25
       0.14       0.20       0.97       1.22       0.67       0.42       0.44       0.37       0.29
       0.24       0.30       0.92       1.39       0.82       0.71       0.57       0.38       0.34
       0.34       0.34       0.31       0.25       0.29       0.32       0.29       0.37       0.56
       0.43       0.42       0.35       0.32       0.39       0.35       0.46       0.50       0.47
       0.47       0.41       0.49       0.41       0.36       0.41       0.38       0.29       0.28
       0.27       0.35       0.45       0.40       0.28       0.24       0.20       0.13       0.15
       0.18       0.25       0.22       0.12       0.10       0.09       0.09       0.09       0.13
       0.12       0.15       0.15       0.11       0.12       0.18       0.21       0.17       0.23
       0.32       0.29       0.24       0.28       0.33       0.18       0.19       0.29       0.35
       0.65       0.52       0.42       0.40       0.30       0.11       0.11       0.24       0.28
       0.38       0.36       0.27       0.26       0.21       0.22       0.20       0.22       0.15
       0.18       0.20       0.22       0.33       0.43       0.38       0.22       0.22       0.23
   1296000    9   13
       0.11       0.20       0.37       0.40       0.39       0.33       0.40       0.37       0.29
       0.28       0.16       0.29       0.35       0.46       0.61       0.49       0.34       0.50
       0.53       0.43       0.50       0.46       0.45       0.79       0.60       0.44       0.70
       0.48       0.48       0.75       0.77       0.60       0.59       0.63       0.55       0.53
       0.39       0.47       0.83       0.78       0.65       0.64       0.62       0.51       0.55
       0.44       0.47       0.81       0.80       0.78       0.64       0.73       0.67       0.70
       0.35       0.55       0.71       0.54       0.59       0.66       0.82       0.67       0.64
       0.34       0.48       0.49       0.37       0.46       0.64       0.62       0.58       0.53
       0.30       0.28       0.27       0.33       0.38       0.43       0.28       0.35       0.35
       0.36       0.30       0.16       0.18       0.18       0.12       0.13       0.22       0.29
       0.33       0.19       0.10       0.10       0.17       0.15       0.23       0.28       0.47
       0.29       0.28       0.17       0.08       0.12       0.18       0.20       0.19       0.29
       0.70       0.64       0.28       0.14       0.42       0.34       0.20       0.14       0.08
