         0    9   13
       0.33       0.49       0.64       0.35       0.33       0.26       0.40       0.45       0.24
       0.14       0.29       0.49       0.52       0.24       0.13       0.24       0.34       0.29
       0.07       0.28       0.37       0.31       0.25       0.18       0.20       0.23       0.48
       0.18       0.32       0.35       0.40       0.55       0.22       0.18       0.21       0.57
       0.22       0.48       0.51       0.55       0.70       0.18       0.07       0.19       0.36
       0.17       0.27       0.50       0.50       0.52       0.11       0.05       0.35       0.35
       0.23       0.31       0.22       0.61       0.37       0.08       0.02       0.17       0.12
       0.17       0.32       0.28       0.25       0.33       0.12       0.02       0.00       0.01
       0.45       0.57       0.37       0.18       0.17       0.07       0.15       0.05       0.08
       0.95       0.75       0.41       0.39       0.20       0.08       0.16       0.09       0.11
       0.33       0.29       0.29       0.44       0.28       0.20       0.03       0.01       0.00
       0.17       0.53       0.81       0.66       0.30       0.26       0.08       0.01       0.00
       0.45       0.70       1.06       1.03       0.78       0.33       0.09       0.01       0.00
     86400    9   13
       0.44       0.22       0.32       0.28       0.11       0.06       0.03       0.08       0.27
       0.53       0.28       0.42       0.41       0.14       0.04       0.03       0.09       0.22
       0.51       0.65       0.71       0.65       0.29       0.11       0.15       0.23       0.38
       0.45       0.79       0.61       0.57       0.43       0.27       0.22       0.27       0.38
       0.27       0.49       0.33       0.43       0.45       0.25       0.11       0.17       0.24
       0.22       0.37       0.27       0.33       0.41       0.22       0.06       0.05       0.07
       0.34       0.48       0.32       0.40       0.37       0.11       0.03       0.07       0.04
       0.43       0.49       0.39       0.28       0.24       0.11       0.04       0.09       0.04
       0.48       0.44       0.25       0.12       0.06       0.06       0.03       0.06       0.02
       0.36       0.18       0.08       0.15       0.09       0.03       0.02       0.01       0.00
       0.14       0.08       0.10       0.18       0.06       0.04       0.03       0.02       0.03
       0.04       0.07       0.22       0.29       0.12       0.10       0.19       0.12       0.19
       0.07       0.05       0.14       0.15       0.18       0.29       0.43       0.34       0.30
    172800    9   13
       0.28       0.17       0.08       0.03       0.04       0.03       0.01       0.01       0.01
       0.40       0.31       0.26       0.08       0.07       0.04       0.03       0.02       0.01
       0.56       0.61       0.93       0.59       0.32       0.14       0.07       0.14       0.12
       0.58       0.72       1.08       0.69       0.32       0.21       0.15       0.23       0.27
       0.64       0.72       0.64       0.34       0.17       0.11       0.05       0.18       0.32
       0.73       0.72       0.43       0.21       0.21       0.11       0.02       0.13       0.29
       0.73       0.48       0.34       0.22       0.17       0.09       0.03       0.08       0.16
       0.47       0.39       0.27       0.31       0.21       0.07       0.02       0.01       0.02
       0.21       0.29       0.28       0.23       0.17       0.06       0.02       0.01       0.01
       0.27       0.37       0.39       0.27       0.15       0.06       0.02       0.02       0.01
       0.20       0.23       0.30       0.35       0.19       0.09       0.03       0.01       0.00
       0.12       0.09       0.11       0.17       0.13       0.07       0.03       0.01       0.00
       0.05       0.02       0.02       0.03       0.04       0.02       0.01       0.00       0.00
    259200    9   13
       0.04       0.02       0.04       0.04       0.04       0.05       0.18       0.25       0.27
       0.05       0.05       0.07       0.04       0.04       0.05       0.22       0.38       0.35
       0.03       0.08       0.12       0.05       0.04       0.16       0.44       0.43       0.46
       0.04       0.10       0.12       0.06       0.07       0.05       0.23       0.26       0.33
       0.08       0.13       0.16       0.10       0.07       0.03       0.03       0.22       0.16
       0.08       0.11       0.17       0.07       0.06       0.03       0.01       0.14       0.23
       0.37       0.25       0.27       0.06       0.06       0.03       0.01       0.04       0.15
       0.68       0.66       0.51       0.12       0.05       0.02       0.01       0.02       0.05
       0.23       0.42       0.56       0.23       0.04       0.02       0.03       0.03       0.03
       0.10       0.14       0.14       0.08       0.02       0.03       0.08       0.11       0.12
       0.04       0.05       0.05       0.04       0.03       0.02       0.02       0.05       0.14
       0.02       0.04       0.04       0.05       0.04       0.03       0.03       0.01       0.05
       0.02       0.02       0.02       0.02       0.02       0.03       0.04       0.02       0.04
    345600    9   13
       0.24       0.18       0.20       0.21       0.26       0.28       0.33       0.28       0.18
       0.29       0.20       0.27       0.33       0.21       0.35       0.42       0.25       0.28
       0.28       0.18       0.29       0.37       0.20       0.41       0.46       0.23       0.32
       0.20       0.10       0.19       0.35       0.23       0.35       0.38       0.26       0.36
       0.14       0.03       0.17       0.30       0.25       0.26       0.38       0.28       0.43
       0.20       0.05       0.10       0.24       0.16       0.24       0.37       0.24       0.32
       0.12       0.05       0.10       0.14       0.12       0.22       0.31       0.32       0.42
       0.15       0.09       0.11       0.06       0.02       0.04       0.09       0.24       0.37
       0.22       0.24       0.25       0.18       0.10       0.21       0.25       0.24       0.29
       0.21       0.17       0.11       0.14       0.27       0.48       0.46       0.35       0.36
       0.10       0.09       0.11       0.16       0.20       0.25       0.33       0.45       0.37
       0.09       0.11       0.24       0.28       0.16       0.26       0.25       0.32       0.27
       0.18       0.12       0.23       0.26       0.28       0.38       0.18       0.20       0.28
    432000    9   13
       1.38       1.07       0.84       0.60       0.48       0.48       0.50       0.48       0.33
       0.66       0.63       0.64       0.55       0.34       0.56       0.62       0.38       0.28
       0.40       0.39       0.54       0.55       0.39       0.65       0.67       0.25       0.33
       0.25       0.27       0.47       0.52       0.37       0.37       0.46       0.24       0.32
       0.34       0.20       0.28       0.61       0.42       0.26       0.29       0.28       0.30
       0.36       0.21       0.21       0.37       0.20       0.23       0.37       0.30       0.25
       0.28       0.26       0.26       0.24       0.14       0.21       0.38       0.34       0.26
       0.21       0.30       0.39       0.32       0.22       0.15       0.33       0.42       0.36
       0.24       0.35       0.38       0.26       0.19       0.32       0.34       0.42       0.44
       0.18       0.10       0.10       0.12       0.22       0.48       0.35       0.40       0.34
       0.06       0.13       0.20       0.26       0.26       0.28       0.29       0.43       0.46
       0.20       0.32       0.30       0.36       0.23       0.24       0.21       0.32       0.36
       0.37       0.29       0.28       0.36       0.38       0.29       0.08       0.24       0.20
    518400    9   13
       0.93       0.48       0.27       0.31       0.47       0.38       0.25       0.12       0.08
       0.45       0.44       0.25       0.21       0.15       0.16       0.26       0.15       0.04
       0.43       0.35       0.37       0.23       0.10       0.36       0.36       0.33       0.38
       0.34       0.23       0.30       0.21       0.10       0.20       0.19       0.53       0.60
       0.36       0.25       0.30       0.23       0.05       0.04       0.09       0.59       0.70
       0.52       0.21       0.26       0.26       0.12       0.04       0.07       0.49       0.51
       0.32       0.23       0.22       0.21       0.21       0.10       0.09       0.34       0.32
       0.18       0.26       0.39       0.23       0.18       0.18       0.08       0.10       0.31
       0.31       0.37       0.33       0.18       0.14       0.12       0.14       0.22       0.57
       0.22       0.05       0.10       0.16       0.10       0.39       0.54       0.37       0.42
       0.07       0.06       0.03       0.05       0.07       0.20       0.55       0.58       0.51
       0.10       0.18       0.17       0.11       0.05       0.24       0.37       0.48       0.49
       0.50       0.52       0.49       0.27       0.32       0.33       0.25       0.37       0.32
    604800    9   13
       0.17       0.27       0.27       0.32       0.37       0.17       0.17       0.06       0.01
       0.13       0.22       0.30       0.33       0.16       0.19       0.15       0.05       0.02
       0.16       0.23       0.30       0.30       0.20       0.31       0.25       0.07       0.06
       0.22       0.25       0.27       0.28       0.25       0.29       0.26       0.15       0.14
       0.17       0.26       0.18       0.28       0.07       0.09       0.13       0.17       0.26
       0.09       0.10       0.15       0.28       0.03       0.03       0.16       0.21       0.32
       0.03       0.03       0.03       0.12       0.04       0.03       0.09       0.15       0.18
       0.03       0.03       0.05       0.10       0.02       0.02       0.00       0.01       0.02
       0.11       0.17       0.19       0.08       0.04       0.04       0.00       0.04       0.05
       0.20       0.17       0.14       0.05       0.04       0.10       0.07       0.08       0.08
       0.02       0.02       0.02       0.03       0.12       0.14       0.09       0.27       0.42
       0.01       0.03       0.02       0.02       0.02       0.03       0.03       0.22       0.36
       0.04       0.06       0.03       0.03       0.05       0.20       0.11       0.20       0.23
    691200    9   13
       0.26       0.09       0.08       0.15       0.14       0.07       0.05       0.08       0.04
       0.27       0.33       0.26       0.24       0.22       0.07       0.08       0.09       0.03
       0.27       0.35       0.41       0.34       0.16       0.17       0.21       0.07       0.11
       0.27       0.32       0.39       0.36       0.32       0.27       0.34       0.15       0.31
       0.26       0.27       0.29       0.54       0.23       0.18       0.24       0.29       0.60
       0.27       0.19       0.18       0.35       0.13       0.12       0.18       0.22       0.53
       0.23       0.07       0.05       0.15       0.05       0.04       0.24       0.18       0.10
       0.10       0.06       0.07       0.11       0.06       0.02       0.06       0.04       0.02
       0.13       0.13       0.08       0.01       0.01       0.02       0.05       0.05       0.03
       0.24       0.09       0.02       0.01       0.01       0.08       0.03       0.04       0.04
       0.06       0.02       0.01       0.01       0.01       0.02       0.01       0.05       0.17
       0.01       0.02       0.02       0.03       0.02       0.02       0.02       0.04       0.15
       0.09       0.14       0.14       0.14       0.12       0.25       0.10       0.10       0.07
    777600    9   13
       1.07       1.73       1.28       0.63       0.44       1.08       1.30       1.19       1.45
       1.13       1.58       1.06       0.74       0.59       0.96       1.18       1.33       1.10
       0.48       1.05       0.58       0.41       0.81       0.77       1.36       1.04       1.21
       0.26       0.65       0.37       0.39       0.81       0.48       1.20       1.10       1.50
       0.11       0.39       0.34       0.56       0.82       0.10       0.25       0.50       1.83
       0.17       0.09       0.21       0.34       0.31       0.03       0.08       0.18       0.57
       0.21       0.12       0.06       0.20       0.15       0.11       0.15       0.28       0.10
       0.03       0.08       0.04       0.10       0.07       0.03       0.05       0.07       0.02
       0.04       0.05       0.05       0.02       0.00       0.00       0.01       0.01       0.02
       0.05       0.03       0.02       0.01       0.00       0.01       0.02       0.01       0.05
       0.03       0.02       0.01       0.02       0.01       0.00       0.00       0.01       0.01
       0.01       0.03       0.03       0.04       0.03       0.01       0.02       0.02       0.08
       0.10       0.18       0.24       0.21       0.09       0.09       0.05       0.03       0.12
    864000    9   13
       0.48       0.72       0.79       0.85       1.05       0.64       0.54       0.83       1.25
       0.85       0.88       0.71       0.74       0.72       0.54       0.42       0.63       0.79
       1.24       1.18       0.89       0.70       0.75       0.61       0.57       0.86       0.86
       1.03       0.90       0.85       0.93       0.86       0.53       0.73       0.95       0.97
       0.92       0.77       0.66       0.90       0.86       0.47       0.48       0.59       0.68
       0.65       0.60       0.57       0.65       0.68       0.26       0.25       0.43       0.49
       0.53       0.48       0.26       0.23       0.18       0.11       0.14       0.21       0.19
       0.40       0.22       0.22       0.09       0.08       0.05       0.03       0.01       0.03
       0.40       0.22       0.07       0.05       0.01       0.02       0.14       0.05       0.04
       0.14       0.06       0.02       0.02       0.02       0.07       0.09       0.10       0.09
       0.02       0.04       0.03       0.04       0.04       0.04       0.09       0.10       0.07
       0.05       0.20       0.28       0.17       0.05       0.09       0.22       0.14       0.10
       0.41       0.77       0.74       0.43       0.33       0.32       0.24       0.16       0.09
    950400    9   13
       0.03       0.08       0.13       0.20       0.30       0.52       0.60       0.63       0.71
       0.11       0.38       0.22       0.25       0.30       0.54       0.95       0.91       0.78
       0.30       0.49       0.37       0.40       0.37       0.53       0.78       0.47       0.76
       0.27       0.32       0.32       0.41       0.51       0.55       0.47       0.33       0.87
       0.16       0.12       0.28       0.50       0.68       0.57       0.48       0.54       1.00
       0.19       0.11       0.26       0.40       0.56       0.39       0.52       0.68       0.89
       0.09       0.09       0.16       0.36       0.40       0.37       0.38       0.55       0.51
       0.22       0.26       0.32       0.30       0.31       0.30       0.45       0.59       0.65
       0.32       0.44       0.37       0.25       0.20       0.31       0.35       0.39       0.75
       0.28       0.30       0.39       0.35       0.17       0.37       0.40       0.47       0.91
       0.26       0.40       0.72       0.46       0.28       0.29       0.35       0.60       0.57
       0.48       0.93       1.22       1.12       0.67       0.45       0.33       0.44       0.41
       0.97       1.19       1.32       1.34       1.19       0.71       0.40       0.49       0.46
   1036800    9   13
       0.18       0.32       0.66       0.79       0.68       0.59       0.80       0.73       0.64
       0.31       0.18       0.26       0.58       0.57       0.65       0.87       0.70       0.53
       0.24       0.27       0.18       0.30       0.34       0.65       0.88       0.44       0.54
       0.12       0.37       0.48       0.44       0.31       0.35       0.44       0.47       0.50
       0.25       0.30       0.52       0.47       0.19       0.12       0.17       0.59       0.85
       0.46       0.22       0.34       0.41       0.19       0.20       0.24       0.39       0.59
       0.35       0.29       0.35       0.37       0.30       0.26       0.29       0.29       0.42
       0.32       0.33       0.29       0.10       0.15       0.16       0.26       0.30       0.25
       0.24       0.26       0.16       0.07       0.05       0.10       0.15       0.20       0.25
       0.57       0.41       0.27       0.26       0.30       0.10       0.07       0.15       0.36
       0.84       0.91       0.95       0.77       0.35       0.05       0.03       0.17       0.46
       1.79       2.08       1.84       1.28       0.62       0.30       0.10       0.05       0.36
       2.18       1.88       1.07       0.67       0.60       0.58       0.25       0.05       0.29
   1123200    9   13
       0.56       0.48       0.83       0.60       0.48       0.62       0.72       0.54       0.29
       0.30       0.31       0.70       0.56       0.43       0.58       0.57       0.35       0.33
       0.44       0.45       0.62       0.49       0.54       0.78       0.50       0.45       0.51
       0.45       0.42       0.54       0.52       0.56       0.65       0.61       0.56       0.55
       0.39       0.41       0.53       0.53       0.48       0.61       0.73       0.67       0.70
       0.42       0.45       0.70       0.63       0.59       0.73       0.72       0.61       0.80
       0.70       0.84       0.93       0.71       0.52       0.62       0.57       0.38       0.62
       1.18       0.91       0.78       0.63       0.66       0.65       0.53       0.41       0.51
       0.81       1.05       1.01       1.06       1.03       0.51       0.32       0.36       0.46
       0.68       1.08       1.53       1.29       0.88       0.33       0.15       0.30       0.39
       1.24       1.79       1.95       1.29       0.62       0.21       0.12       0.20       0.19
       0.95       1.19       1.32       1.00       0.40       0.20       0.15       0.07       0.09
       0.58       0.57       0.60       0.65       0.44       0.23       0.17       0.08       0.07
   1209600    9   13
       0.10       0.13       0.28       0.20       0.14       0.21       0.54       0.55       0.39
       0.09       0.05       0.15       0.13       0.08       0.10       0.31       0.47       0.34
       0.20       0.14       0.28       0.30       0.17       0.28       0.36       0.32       0.43
       0.30       0.29       0.28       0.38       0.33       0.27       0.28       0.22       0.40
       0.30       0.26       0.30       0.39       0.33       0.19       0.12       0.06       0.12
       0.22       0.16       0.29       0.47       0.50       0.50       0.35       0.14       0.12
       0.08       0.10       0.28       0.40       0.46       0.45       0.33       0.26       0.28
       0.08       0.06       0.13       0.10       0.16       0.13       0.16       0.23       0.34
       0.09       0.15       0.11       0.13       0.15       0.12       0.18       0.30       0.40
       0.27       0.26       0.13       0.17       0.18       0.17       0.27       0.35       0.38
       0.30       0.21       0.22       0.25       0.23       0.22       0.16       0.23       0.19
       0.22       0.17       0.29       0.36       0.27       0.30       0.18       0.04       0.02
       0.18       0.17       0.15       0.18       0.33       0.25       0.18       0.03       0.01
   1296000    9   13
       0.09       0.11       0.39       0.33       0.24       0.14       0.16       0.16       0.11
       0.15       0.10       0.19       0.15       0.06       0.12       0.32       0.40       0.30
       0.31       0.20       0.13       0.12       0.08       0.38       0.77       0.62       0.65
       0.24       0.22       0.15       0.17       0.17       0.30       0.49       0.57       0.97
       0.26       0.32       0.30       0.31       0.26       0.16       0.23       0.63       0.99
       0.41       0.43       0.39       0.45       0.32       0.15       0.18       0.45       0.79
       0.47       0.42       0.49       0.46       0.45       0.24       0.14       0.18       0.24
       0.33       0.43       0.59       0.41       0.29       0.15       0.08       0.11       0.19
       0.40       0.42       0.40       0.32       0.17       0.11       0.11       0.11       0.16
       0.29       0.35       0.34       0.39       0.26       0.20       0.22       0.19       0.15
       0.15       0.24       0.33       0.39       0.20       0.21       0.11       0.14       0.14
       0.19       0.26       0.32       0.36       0.28       0.22       0.17       0.06       0.09
       0.23       0.29       0.32       0.29       0.39       0.43       0.22       0.09       0.09
