         0    9   13
       0.64       0.83       1.06       0.66       0.55       0.52       0.64       0.82       0.42
       0.34       0.49       0.60       0.57       0.72       0.48       0.51       0.75       0.43
       0.46       0.59       0.49       0.30       0.77       0.77       0.64       0.47       0.57
       0.33       0.58       0.64       0.42       0.64       0.85       0.45       0.23       0.36
       0.59       0.56       0.80       0.70       0.67       0.91       0.60       0.49       0.39
       0.79       0.49       0.74       0.53       0.58       0.72       0.54       0.42       0.53
       0.78       0.65       0.65       0.55       0.65       0.80       0.92       0.72       0.73
       0.49       0.43       0.54       0.29       0.68       1.00       1.15       0.87       0.70
       0.53       0.33       0.26       0.37       0.71       1.01       0.85       0.82       0.73
       0.66       0.53       0.32       0.47       0.73       0.66       0.61       0.90       0.86
       0.04       0.27       0.57       0.68       0.88       0.61       0.71       0.74       0.76
       0.19       0.50       0.88       0.96       0.97       0.51       0.60       0.46       0.39
       0.65       0.67       1.15       1.28       0.95       0.39       0.49       0.41       0.40
     86400    9   13
       0.94       0.70       0.85       0.71       0.45       0.37       0.32       0.52       0.50
       0.66       0.79       0.86       0.67       0.28       0.29       0.29       0.32       0.39
       0.73       0.89       0.82       0.53       0.59       0.49       0.18       0.14       0.29
       0.82       0.77       0.59       0.40       0.40       0.34       0.12       0.08       0.10
       0.76       0.59       0.45       0.30       0.21       0.18       0.13       0.16       0.24
       0.63       0.45       0.39       0.38       0.17       0.11       0.16       0.23       0.30
       0.60       0.28       0.35       0.42       0.22       0.22       0.30       0.29       0.41
       0.38       0.32       0.26       0.28       0.32       0.29       0.30       0.34       0.50
       0.31       0.22       0.17       0.27       0.59       0.34       0.34       0.54       0.82
       0.47       0.32       0.26       0.28       0.54       0.51       0.50       0.73       0.82
       0.27       0.22       0.15       0.21       0.51       0.74       0.59       0.74       0.64
       0.38       0.15       0.12       0.28       0.57       0.74       0.69       0.63       0.59
       0.25       0.20       0.20       0.67       0.92       0.66       0.69       0.59       0.47
    172800    9   13
       0.92       0.89       0.76       0.45       0.38       0.55       0.64       0.58       0.40
       0.82       0.70       0.70       0.59       0.47       0.50       0.55       0.40       0.48
       0.70       0.77       0.77       0.69       0.59       0.65       0.46       0.41       0.91
       0.82       0.81       0.67       0.42       0.52       0.59       0.52       0.50       0.68
       0.60       0.59       0.46       0.37       0.49       0.62       0.62       0.69       0.74
       0.60       0.49       0.31       0.35       0.55       0.46       0.59       0.71       0.74
       0.69       0.49       0.35       0.38       0.54       0.35       0.65       0.73       0.77
       0.53       0.48       0.52       0.49       0.36       0.36       0.65       0.85       0.73
       0.60       0.58       0.56       0.32       0.33       0.41       0.65       0.82       0.54
       1.04       0.66       0.72       0.49       0.43       0.50       0.52       0.71       0.73
       0.72       0.68       0.70       0.67       0.60       0.71       0.45       0.73       0.85
       0.62       0.81       0.71       0.67       0.63       0.80       0.57       0.91       0.86
       0.91       0.95       0.72       0.68       0.37       0.69       0.78       0.68       0.76
    259200    9   13
       0.35       0.82       0.85       0.48       0.15       0.13       0.39       0.31       0.16
       0.38       0.73       0.79       0.67       0.28       0.33       0.59       0.34       0.14
       0.57       0.71       0.78       0.69       0.51       0.42       0.57       0.55       0.49
       0.67       0.68       0.70       0.67       0.62       0.37       0.43       0.66       0.71
       0.93       0.88       0.59       0.70       0.64       0.35       0.36       0.42       0.50
       0.85       0.79       0.51       0.72       0.56       0.28       0.35       0.34       0.46
       0.77       0.65       0.48       0.60       0.38       0.13       0.43       0.60       0.67
       1.17       0.77       0.72       0.60       0.34       0.46       0.81       1.01       0.74
       1.18       1.10       1.04       0.67       0.38       0.71       1.06       1.20       0.80
       1.69       1.60       1.52       0.91       0.32       0.78       0.93       1.12       0.91
       1.84       1.45       1.73       1.05       0.69       0.78       0.60       0.79       0.71
       2.16       1.47       1.48       1.53       1.35       1.15       0.68       0.98       0.86
       1.41       1.17       1.46       1.51       1.42       1.08       1.01       1.12       1.28
    345600    9   13
       0.29       0.34       0.58       0.57       0.70       0.40       0.38       0.11       0.01
       0.51       0.56       0.70       0.66       0.48       0.35       0.65       0.33       0.09
       0.54       0.46       0.57       0.50       0.50       0.38       0.65       0.53       0.44
       0.46       0.46       0.51       0.42       0.52       0.51       0.45       0.30       0.62
       0.56       0.44       0.26       0.45       0.42       0.46       0.50       0.35       0.35
       0.68       0.52       0.23       0.41       0.43       0.37       0.43       0.43       0.47
       0.91       0.66       0.33       0.41       0.30       0.18       0.51       0.53       0.48
       0.76       0.58       0.53       0.33       0.36       0.18       0.48       0.71       0.69
       0.99       0.86       0.65       0.38       0.40       0.31       0.57       0.81       0.68
       1.02       0.97       0.72       0.38       0.25       0.35       0.63       0.94       0.62
       0.74       0.84       1.05       0.72       0.47       0.46       0.51       0.85       0.80
       0.90       0.82       1.07       1.32       0.98       0.69       0.42       0.68       0.83
       1.99       0.88       1.18       1.34       1.21       0.78       0.71       0.69       0.94
    432000    9   13
       0.11       0.18       0.24       0.27       0.31       0.18       0.14       0.11       0.09
       0.25       0.32       0.45       0.41       0.34       0.26       0.16       0.07       0.09
       0.18       0.27       0.41       0.47       0.43       0.35       0.23       0.17       0.36
       0.14       0.18       0.34       0.33       0.36       0.44       0.26       0.38       0.69
       0.17       0.14       0.16       0.20       0.32       0.33       0.21       0.27       0.56
       0.24       0.11       0.11       0.15       0.30       0.27       0.24       0.24       0.42
       0.36       0.20       0.12       0.14       0.16       0.15       0.16       0.20       0.26
       0.46       0.37       0.17       0.09       0.06       0.07       0.08       0.14       0.16
       0.47       0.49       0.32       0.15       0.09       0.21       0.17       0.17       0.12
       0.54       0.51       0.61       0.43       0.12       0.21       0.30       0.24       0.15
       0.65       0.38       0.51       0.55       0.38       0.29       0.42       0.49       0.32
       0.47       0.34       0.61       0.71       0.87       0.81       0.63       0.74       0.58
       0.36       0.55       0.87       0.88       1.03       0.99       0.83       0.68       0.39
    518400    9   13
       0.01       0.00       0.00       0.01       0.04       0.21       0.22       0.10       0.06
       0.02       0.01       0.03       0.04       0.02       0.07       0.15       0.04       0.04
       0.03       0.03       0.06       0.07       0.14       0.27       0.16       0.03       0.30
       0.08       0.06       0.07       0.11       0.20       0.44       0.16       0.11       0.47
       0.21       0.07       0.16       0.20       0.12       0.41       0.12       0.09       0.52
       0.24       0.11       0.12       0.19       0.07       0.26       0.09       0.03       0.17
       0.26       0.10       0.04       0.12       0.04       0.20       0.06       0.04       0.10
       0.38       0.24       0.09       0.07       0.02       0.10       0.04       0.01       0.02
       0.35       0.38       0.15       0.03       0.02       0.01       0.02       0.05       0.04
       0.27       0.33       0.18       0.09       0.08       0.09       0.03       0.16       0.18
       0.11       0.23       0.27       0.16       0.08       0.07       0.06       0.08       0.14
       0.13       0.15       0.12       0.13       0.05       0.02       0.04       0.12       0.19
       0.02       0.01       0.04       0.10       0.10       0.04       0.04       0.07       0.16
    604800    9   13
       0.01       0.01       0.06       0.11       0.15       0.27       0.40       0.45       0.39
       0.01       0.04       0.09       0.22       0.30       0.30       0.30       0.33       0.37
       0.03       0.05       0.11       0.27       0.38       0.31       0.40       0.47       0.52
       0.06       0.05       0.12       0.31       0.37       0.40       0.46       0.52       0.86
       0.10       0.13       0.14       0.27       0.26       0.29       0.46       0.58       1.11
       0.10       0.15       0.14       0.27       0.16       0.17       0.42       0.62       1.09
       0.06       0.05       0.03       0.14       0.11       0.11       0.32       0.54       0.84
       0.03       0.02       0.01       0.04       0.04       0.02       0.08       0.16       0.23
       0.02       0.01       0.01       0.02       0.01       0.02       0.01       0.08       0.05
       0.04       0.03       0.02       0.01       0.01       0.08       0.05       0.12       0.03
       0.02       0.01       0.01       0.01       0.04       0.09       0.05       0.03       0.02
       0.01       0.00       0.01       0.02       0.02       0.03       0.03       0.03       0.05
       0.00       0.00       0.01       0.02       0.03       0.01       0.01       0.01       0.01
    691200    9   13
       1.14       0.99       0.84       0.92       1.46       1.39       0.67       1.21       0.64
       1.04       0.82       0.84       1.09       1.35       1.30       0.79       1.14       0.63
       1.09       1.12       0.83       0.53       1.02       1.59       0.79       0.73       1.04
       1.01       1.07       0.96       0.49       0.75       0.98       0.95       0.96       1.11
       0.89       0.65       0.79       0.39       0.42       0.72       0.96       0.67       0.36
       0.73       0.39       0.51       0.33       0.32       0.68       0.82       0.62       0.33
       0.52       0.26       0.28       0.28       0.24       0.60       0.63       0.58       0.27
       0.20       0.18       0.22       0.10       0.15       0.48       0.36       0.36       0.15
       0.11       0.15       0.20       0.16       0.32       0.55       0.39       0.46       0.36
       0.05       0.03       0.17       0.28       0.41       0.50       0.37       0.52       0.45
       0.21       0.21       0.34       0.23       0.34       0.46       0.58       0.59       0.51
       0.09       0.35       0.33       0.20       0.25       0.51       0.63       0.53       0.55
       0.11       0.33       0.42       0.22       0.27       0.36       0.28       0.59       0.46
    777600    9   13
       0.18       0.13       0.21       0.31       0.16       0.12       0.06       0.11       0.16
       0.04       0.16       0.23       0.47       0.29       0.13       0.05       0.04       0.08
       0.18       0.51       0.56       0.37       0.24       0.26       0.10       0.02       0.05
       0.64       0.66       0.68       0.67       0.46       0.26       0.09       0.07       0.08
       0.89       0.67       0.57       0.62       0.58       0.29       0.27       0.23       0.13
       0.71       0.59       0.62       0.50       0.54       0.40       0.48       0.43       0.33
       0.84       0.87       0.93       0.51       0.60       0.42       0.49       0.51       0.45
       0.83       1.20       1.12       0.72       0.66       0.64       0.72       0.79       0.78
       0.76       0.90       0.86       0.88       0.72       0.77       0.73       0.71       0.71
       1.05       0.60       0.56       0.79       0.78       0.82       0.75       0.47       0.55
       0.56       0.55       0.51       0.63       0.66       0.63       0.65       0.60       0.59
       0.23       0.45       0.57       0.60       0.74       0.73       0.56       0.62       0.73
       0.14       0.32       0.59       0.61       0.81       0.74       0.67       0.64       0.64
    864000    9   13
       0.21       0.13       0.22       0.42       0.45       0.35       0.27       0.17       0.21
       0.22       0.08       0.16       0.27       0.41       0.52       0.34       0.14       0.14
       0.22       0.20       0.43       0.45       0.33       0.60       0.45       0.21       0.38
       0.16       0.38       0.66       0.43       0.39       0.49       0.35       0.43       0.58
       0.35       0.48       0.61       0.26       0.23       0.37       0.36       0.59       0.65
       0.49       0.41       0.37       0.20       0.17       0.32       0.32       0.22       0.32
       0.32       0.52       0.34       0.05       0.16       0.09       0.03       0.02       0.03
       0.56       0.50       0.17       0.05       0.12       0.07       0.01       0.00       0.00
       0.30       0.21       0.08       0.09       0.13       0.06       0.01       0.01       0.01
       0.12       0.13       0.09       0.09       0.30       0.26       0.14       0.07       0.01
       0.17       0.11       0.04       0.08       0.30       0.17       0.12       0.04       0.00
       0.16       0.10       0.05       0.09       0.10       0.02       0.02       0.02       0.01
       0.32       0.38       0.26       0.20       0.10       0.03       0.13       0.12       0.04
    950400    9   13
       0.23       0.22       0.16       0.17       0.30       0.28       0.23       0.23       0.25
       0.15       0.15       0.22       0.20       0.34       0.46       0.36       0.23       0.22
       0.10       0.14       0.25       0.15       0.48       0.62       0.55       0.38       0.49
       0.18       0.15       0.28       0.14       0.47       0.51       0.50       0.40       0.42
       0.25       0.22       0.28       0.24       0.41       0.40       0.42       0.45       0.44
       0.30       0.30       0.20       0.13       0.23       0.20       0.20       0.25       0.51
       0.38       0.40       0.22       0.09       0.16       0.09       0.16       0.25       0.50
       0.62       0.59       0.34       0.10       0.11       0.13       0.23       0.28       0.42
       0.75       0.63       0.38       0.36       0.38       0.30       0.28       0.42       0.55
       0.86       0.51       0.32       0.38       0.48       0.32       0.22       0.69       0.62
       0.47       0.39       0.47       0.59       0.59       0.51       0.43       0.37       0.78
       0.43       0.80       0.98       0.82       0.77       0.55       0.60       0.29       0.55
       0.57       0.88       1.21       1.02       1.01       0.63       0.76       0.52       0.36
   1036800    9   13
       0.41       0.15       0.27       0.36       0.61       0.57       0.72       0.75       0.60
       0.33       0.17       0.46       0.51       0.32       0.69       0.61       0.49       0.55
       0.24       0.27       0.47       0.25       0.34       0.92       0.46       0.14       0.41
       0.45       0.42       0.56       0.28       0.52       0.83       0.34       0.16       0.41
       0.43       0.34       0.59       0.43       0.57       0.70       0.43       0.30       0.46
       0.40       0.30       0.57       0.36       0.63       0.58       0.35       0.41       0.88
       0.36       0.36       0.77       0.45       0.69       0.55       0.47       0.77       1.08
       0.34       0.37       0.50       0.38       0.56       0.66       0.66       0.72       0.75
       0.40       0.35       0.43       0.42       0.67       0.93       0.82       0.95       1.02
       0.48       0.46       1.02       1.02       0.79       0.98       0.71       0.86       0.98
       0.70       0.93       1.57       1.24       0.73       0.85       0.98       0.72       0.74
       0.90       1.05       1.11       1.00       0.96       1.02       0.79       0.67       0.63
       0.79       0.90       0.86       0.77       1.09       0.74       0.48       0.65       0.53
   1123200    9   13
       0.77       0.66       0.82       0.62       0.44       0.39       0.50       0.44       0.14
       1.03       0.48       0.63       0.45       0.32       0.67       0.79       0.38       0.09
       0.92       0.39       0.58       0.36       0.21       0.58       0.44       0.17       0.29
       0.66       0.45       0.44       0.51       0.37       0.23       0.38       0.42       0.17
       0.36       0.27       0.47       0.69       0.62       0.65       0.67       0.61       0.47
       0.21       0.37       0.76       0.89       0.66       0.67       0.68       0.68       0.50
       0.21       0.59       1.02       0.57       0.38       0.50       0.74       0.54       0.50
       0.46       0.64       0.63       0.21       0.22       0.53       0.66       0.38       0.42
       0.64       0.46       0.30       0.17       0.15       0.30       0.50       0.24       0.40
       0.78       0.65       0.53       0.42       0.39       0.49       0.77       0.58       0.27
       0.53       0.96       0.99       0.89       0.78       0.64       0.70       0.47       0.20
       0.70       1.02       1.23       1.12       0.90       0.54       0.46       0.33       0.18
       1.23       1.56       1.26       1.22       1.29       0.78       0.53       0.62       0.33
   1209600    9   13
       0.15       0.13       0.34       0.48       0.57       0.48       0.27       0.07       0.05
       0.20       0.35       0.46       0.46       0.41       0.44       0.26       0.22       0.17
       0.60       0.72       0.61       0.34       0.27       0.59       0.48       0.26       0.52
       0.53       0.43       0.49       0.42       0.41       0.46       0.59       0.42       0.62
       0.15       0.10       0.23       0.46       0.51       0.44       0.53       0.68       0.94
       0.23       0.15       0.22       0.42       0.38       0.45       0.42       0.56       0.76
       0.32       0.40       0.38       0.52       0.55       0.38       0.27       0.44       0.33
       0.35       0.53       0.56       0.37       0.30       0.08       0.15       0.21       0.28
       0.23       0.22       0.14       0.07       0.09       0.10       0.23       0.27       0.48
       0.14       0.06       0.03       0.08       0.17       0.21       0.31       0.28       0.28
       0.04       0.04       0.07       0.11       0.22       0.22       0.14       0.33       0.39
       0.04       0.08       0.15       0.12       0.12       0.21       0.20       0.23       0.34
       0.04       0.07       0.08       0.10       0.16       0.33       0.13       0.04       0.16
   1296000    9   13
       0.20       0.32       0.36       0.40       0.53       0.40       0.45       0.49       0.39
       0.46       0.35       0.34       0.49       0.45       0.37       0.53       0.52       0.43
       0.29       0.21       0.17       0.15       0.27       0.47       0.68       0.42       0.64
       0.29       0.32       0.33       0.26       0.30       0.35       0.55       0.48       0.78
       0.10       0.17       0.18       0.29       0.15       0.14       0.21       0.48       0.99
       0.22       0.18       0.06       0.08       0.03       0.03       0.06       0.45       1.02
       0.11       0.07       0.04       0.05       0.02       0.01       0.01       0.12       0.33
       0.22       0.15       0.12       0.10       0.02       0.01       0.00       0.00       0.02
       0.37       0.34       0.23       0.16       0.03       0.01       0.01       0.01       0.03
       0.15       0.28       0.30       0.11       0.06       0.18       0.12       0.03       0.04
       0.02       0.15       0.39       0.29       0.15       0.17       0.08       0.03       0.01
       0.01       0.08       0.21       0.24       0.11       0.05       0.03       0.00       0.00
       0.07       0.13       0.15       0.24       0.28       0.09       0.05       0.01       0.02
