         0    9   13
       0.03       0.09       0.25       0.21       0.17       0.17       0.12       0.31       0.33
       0.11       0.08       0.33       0.16       0.07       0.05       0.05       0.18       0.38
       0.11       0.14       0.32       0.22       0.22       0.21       0.08       0.25       0.47
       0.22       0.18       0.26       0.19       0.18       0.28       0.11       0.40       0.49
       0.29       0.16       0.25       0.12       0.16       0.32       0.13       0.19       0.26
       0.32       0.29       0.15       0.14       0.23       0.33       0.24       0.10       0.14
       0.32       0.24       0.20       0.30       0.38       0.32       0.12       0.15       0.20
       0.29       0.24       0.34       0.28       0.25       0.23       0.18       0.35       0.33
       0.34       0.37       0.29       0.22       0.16       0.16       0.14       0.35       0.41
       0.47       0.41       0.37       0.35       0.30       0.17       0.26       0.41       0.61
       0.32       0.29       0.43       0.39       0.22       0.21       0.19       0.42       0.65
       0.56       0.45       0.39       0.38       0.33       0.28       0.22       0.41       0.65
       0.56       0.46       0.39       0.43       0.41       0.32       0.46       0.42       0.56
     86400    9   13
       0.10       0.10       0.24       0.49       0.38       0.37       0.38       0.38       0.20
       0.05       0.02       0.27       0.31       0.30       0.43       0.15       0.08       0.21
       0.03       0.06       0.24       0.15       0.48       0.41       0.22       0.07       0.66
       0.08       0.10       0.16       0.07       0.65       0.62       0.35       0.26       0.79
       0.14       0.13       0.12       0.06       0.51       0.67       0.45       0.47       0.60
       0.17       0.19       0.15       0.08       0.18       0.24       0.24       0.47       0.77
       0.16       0.21       0.22       0.07       0.22       0.11       0.20       0.30       0.53
       0.12       0.32       0.41       0.24       0.23       0.10       0.08       0.20       0.29
       0.15       0.40       0.32       0.40       0.41       0.35       0.26       0.35       0.43
       0.24       0.47       0.31       0.37       0.55       0.53       0.58       0.61       0.45
       0.49       0.67       0.49       0.45       0.50       0.64       0.61       0.56       0.41
       0.38       0.47       0.62       0.64       0.60       0.67       0.73       0.52       0.61
       0.17       0.32       0.54       0.69       0.59       0.46       0.68       0.53       0.43
    172800    9   13
       0.28       0.41       0.77       0.82       0.91       0.74       0.55       0.49       0.18
       0.42       0.40       0.96       0.35       0.61       0.63       0.55       0.31       0.24
       0.34       0.32       0.87       0.32       0.58       0.79       0.59       0.30       0.46
       0.22       0.23       0.72       0.39       0.79       1.04       0.51       0.30       0.53
       0.22       0.19       0.53       0.27       0.47       0.65       0.30       0.43       0.74
       0.20       0.22       0.36       0.18       0.29       0.63       0.46       0.52       0.67
       0.49       0.55       0.32       0.23       0.58       0.67       0.50       0.45       0.50
       0.38       0.39       0.29       0.31       0.59       0.54       0.60       0.52       0.46
       0.22       0.46       0.36       0.45       0.63       0.63       0.50       0.57       0.53
       0.27       0.32       0.38       0.57       0.73       0.71       0.58       0.60       0.42
       0.37       0.33       0.56       0.74       0.80       0.93       0.85       0.74       0.60
       0.68       0.39       0.48       0.52       0.75       0.86       1.01       0.70       0.72
       0.22       0.14       0.25       0.42       0.92       0.66       1.07       0.78       0.74
    259200    9   13
       0.23       0.45       0.66       0.49       0.48       0.32       0.19       0.17       0.12
       0.23       0.38       0.66       0.55       0.40       0.30       0.22       0.17       0.15
       0.33       0.51       0.71       0.42       0.49       0.51       0.31       0.18       0.31
       0.47       0.39       0.54       0.45       0.55       0.56       0.35       0.38       0.48
       0.36       0.22       0.44       0.37       0.46       0.54       0.37       0.37       0.43
       0.14       0.23       0.36       0.34       0.43       0.45       0.34       0.39       0.37
       0.30       0.21       0.45       0.38       0.37       0.33       0.38       0.39       0.44
       0.30       0.41       0.57       0.60       0.48       0.41       0.42       0.39       0.41
       0.46       0.44       0.36       0.57       0.50       0.48       0.54       0.65       0.75
       0.35       0.29       0.40       0.56       0.44       0.36       0.49       0.88       1.27
       0.18       0.38       0.60       0.67       0.42       0.38       0.29       0.47       1.03
       0.38       0.44       0.72       0.65       0.30       0.53       0.39       0.28       0.56
       0.61       0.45       0.55       0.41       0.33       0.29       0.39       0.30       0.60
    345600    9   13
       0.26       0.27       0.49       0.42       0.29       0.14       0.22       0.26       0.17
       0.27       0.14       0.38       0.29       0.25       0.28       0.27       0.23       0.22
       0.35       0.27       0.41       0.33       0.43       0.49       0.38       0.29       0.48
       0.47       0.38       0.47       0.42       1.25       0.83       0.77       0.64       0.86
       0.79       0.43       0.58       0.62       0.97       0.91       0.88       0.82       1.32
       0.62       0.36       0.51       0.56       0.88       0.93       0.87       0.60       0.83
       0.69       0.60       0.81       0.59       0.79       0.63       0.46       0.54       0.67
       0.36       0.67       1.03       0.74       0.89       0.88       0.81       1.00       1.02
       0.30       0.84       0.91       0.67       0.84       1.31       1.61       2.73       1.85
       0.24       0.17       0.29       0.66       1.06       0.96       1.09       1.96       1.61
       0.13       0.10       0.23       0.66       0.90       0.90       0.81       0.86       1.18
       0.10       0.22       0.51       0.60       0.68       1.07       0.95       0.55       0.79
       0.28       0.22       0.39       0.53       0.77       0.77       0.59       0.49       0.47
    432000    9   13
       0.09       0.07       0.16       0.16       0.13       0.09       0.08       0.08       0.01
       0.15       0.19       0.28       0.21       0.09       0.17       0.23       0.04       0.03
       0.26       0.32       0.25       0.27       0.40       0.59       0.52       0.20       0.24
       0.27       0.36       0.47       0.38       0.40       0.64       0.60       0.42       0.44
       0.43       0.29       0.59       0.49       0.54       0.42       0.64       0.43       0.29
       0.30       0.12       0.39       0.35       0.35       0.34       0.77       0.62       0.46
       0.12       0.06       0.40       0.30       0.45       0.68       0.91       0.80       0.77
       0.06       0.18       0.57       0.29       0.45       0.62       1.02       0.92       0.89
       0.08       0.17       0.19       0.16       0.18       0.38       0.74       0.81       1.20
       0.16       0.12       0.10       0.21       0.28       0.44       0.53       0.72       1.37
       0.19       0.25       0.25       0.34       0.46       0.40       0.48       0.64       1.12
       0.11       0.39       0.52       0.46       0.41       0.49       0.69       0.77       0.82
       0.17       0.44       0.61       0.57       0.60       0.77       0.69       0.96       0.93
    518400    9   13
       0.52       0.46       0.55       0.45       0.43       0.49       0.47       0.65       0.44
       0.57       0.45       0.59       0.42       0.44       0.46       0.45       0.36       0.38
       0.44       0.46       0.61       0.57       0.76       0.51       0.55       0.61       0.59
       0.16       0.52       0.70       0.57       0.76       0.57       0.67       0.60       0.60
       0.26       0.50       0.41       0.22       0.54       0.59       0.64       0.53       0.35
       0.33       0.35       0.29       0.10       0.39       0.46       0.43       0.27       0.30
       0.58       0.46       0.37       0.18       0.47       0.38       0.31       0.19       0.33
       0.42       0.41       0.35       0.19       0.34       0.34       0.30       0.24       0.38
       0.35       0.36       0.38       0.29       0.36       0.36       0.42       0.43       0.26
       0.53       0.41       0.42       0.38       0.35       0.39       0.41       0.55       0.32
       0.55       0.45       0.41       0.39       0.44       0.51       0.39       0.59       0.50
       0.88       0.72       0.56       0.50       0.56       0.55       0.50       0.71       0.65
       0.84       0.99       0.83       0.66       0.73       0.60       0.65       0.77       0.88
    604800    9   13
       0.41       0.42       0.76       0.77       0.84       0.70       0.72       0.68       0.50
       0.35       0.38       0.65       0.79       0.70       0.40       0.50       0.59       0.56
       0.32       0.32       0.51       0.42       0.40       0.35       0.45       0.35       0.47
       0.51       0.40       0.56       0.42       0.37       0.30       0.33       0.38       0.50
       0.67       0.66       0.51       0.55       0.45       0.31       0.30       0.36       0.54
       0.68       0.78       0.53       0.64       0.47       0.30       0.24       0.29       0.48
       0.76       0.67       0.68       0.61       0.63       0.34       0.41       0.41       0.78
       1.05       1.01       1.10       0.93       0.84       0.66       0.79       0.80       1.02
       1.86       2.02       2.01       1.38       1.07       1.22       1.19       1.18       1.16
       2.56       2.76       2.94       2.23       1.21       1.39       1.33       1.42       1.23
       1.56       2.17       2.35       2.04       1.52       1.40       1.26       1.59       1.42
       0.77       1.11       1.42       1.54       1.65       1.29       1.12       1.17       1.06
       1.32       1.52       1.36       1.40       1.62       1.08       1.16       1.10       1.11
    691200    9   13
       0.24       0.33       0.47       0.51       0.63       0.72       0.56       0.55       0.53
       0.30       0.37       0.66       0.70       0.75       0.80       0.66       0.55       0.45
       0.19       0.36       0.67       0.79       1.00       0.82       0.31       0.41       0.61
       0.11       0.28       0.91       0.82       0.91       0.72       0.50       0.41       0.37
       0.18       0.34       1.13       0.83       0.75       0.76       0.54       0.53       0.55
       0.32       0.56       0.94       0.70       0.91       0.78       0.61       0.58       0.65
       0.26       0.42       0.45       0.49       0.83       0.74       0.65       0.47       0.41
       0.22       0.45       0.51       0.55       0.91       0.80       0.43       0.21       0.24
       0.43       0.61       0.74       0.70       1.08       0.99       0.66       0.31       0.40
       0.78       0.98       1.28       1.31       1.28       1.23       0.76       0.40       0.59
       0.89       1.20       1.68       1.91       1.45       1.42       1.01       0.61       0.71
       1.27       1.63       1.63       1.16       1.35       1.36       1.03       1.05       1.43
       1.85       1.54       1.42       1.07       1.50       0.92       0.83       1.05       1.60
    777600    9   13
       0.56       0.42       0.59       0.79       0.82       0.88       0.99       0.75       0.43
       0.58       0.26       0.19       0.27       0.30       0.67       0.73       0.35       0.15
       0.57       0.31       0.27       0.42       0.39       0.83       0.58       0.18       0.27
       0.39       0.27       0.38       0.68       0.65       0.77       0.49       0.20       0.28
       0.23       0.22       0.41       0.49       0.53       0.58       0.46       0.33       0.45
       0.27       0.28       0.36       0.27       0.39       0.45       0.40       0.41       0.53
       0.34       0.48       0.39       0.23       0.20       0.15       0.07       0.22       0.49
       0.50       0.52       0.24       0.10       0.05       0.05       0.06       0.08       0.20
       0.59       0.41       0.17       0.08       0.12       0.22       0.33       0.46       0.65
       0.55       0.41       0.15       0.02       0.04       0.25       0.39       0.46       0.62
       0.53       0.49       0.22       0.09       0.06       0.10       0.16       0.21       0.16
       0.46       0.38       0.30       0.34       0.24       0.03       0.15       0.41       0.44
       0.32       0.29       0.36       0.43       0.30       0.04       0.20       0.43       0.54
    864000    9   13
       0.18       0.28       0.53       0.44       0.45       0.47       0.48       0.45       0.54
       0.16       0.14       0.54       0.46       0.39       0.68       0.70       0.50       0.43
       0.40       0.32       0.43       0.48       0.29       0.79       0.88       0.45       0.85
       0.69       0.57       0.50       0.67       0.43       0.67       0.98       0.91       1.31
       0.43       0.49       0.66       0.87       0.87       0.58       0.92       1.03       1.01
       0.39       0.39       0.60       0.96       1.26       0.90       1.06       1.11       1.33
       0.50       0.62       0.84       1.06       1.70       1.22       1.09       1.38       1.67
       0.50       0.81       1.10       0.79       0.89       1.07       1.14       1.37       1.79
       0.37       0.51       0.52       0.43       0.28       0.36       0.84       0.91       1.09
       0.28       0.42       0.27       0.24       0.10       0.07       0.23       0.49       0.60
       0.40       0.48       0.51       0.30       0.12       0.07       0.07       0.14       0.26
       0.41       0.77       0.86       0.49       0.28       0.13       0.13       0.06       0.29
       0.28       0.74       0.85       0.73       0.41       0.23       0.30       0.22       0.44
    950400    9   13
       0.95       0.59       0.58       0.49       0.44       0.46       0.63       0.71       0.56
       0.62       0.52       0.68       0.86       0.82       0.93       0.74       0.49       0.72
       0.59       0.82       0.90       1.27       0.85       3.01       1.58       0.47       1.51
       0.57       1.13       1.61       2.32       1.40       2.82       1.86       0.91       2.89
       0.48       0.78       2.02       2.85       1.62       2.10       1.75       1.96       5.15
       0.68       0.58       1.08       2.18       1.87       2.65       2.71       3.12       3.29
       0.79       0.46       0.81       1.90       2.70       3.40       2.95       2.71       2.62
       0.84       0.65       0.85       1.67       3.29       3.27       2.67       2.08       1.71
       1.02       0.97       0.92       1.55       2.79       2.63       1.71       1.39       0.89
       1.22       1.04       0.99       1.51       2.27       2.04       1.66       0.99       0.74
       1.29       1.18       1.03       1.28       1.19       1.62       0.96       0.66       0.60
       1.39       1.38       1.45       1.21       0.89       1.24       0.52       0.63       0.57
       1.03       0.74       1.13       0.91       0.84       0.66       0.43       0.58       0.48
   1036800    9   13
       0.44       0.28       0.45       0.87       0.46       0.39       0.33       0.34       0.24
       0.32       0.23       0.64       1.02       0.43       0.55       0.37       0.33       0.29
       0.44       0.35       0.92       1.01       0.60       0.70       0.42       0.26       0.30
       0.45       0.48       1.24       1.26       0.64       0.79       0.50       0.37       0.48
       0.41       0.73       1.87       1.80       0.86       0.86       0.57       0.42       0.46
       0.68       1.11       2.39       2.29       1.05       0.86       0.57       0.35       0.46
       0.84       1.35       3.23       1.73       0.66       0.67       0.48       0.38       0.46
       0.82       1.57       2.05       0.64       0.46       0.58       0.54       0.47       0.44
       1.01       0.98       0.53       0.33       0.43       0.63       0.61       0.51       0.28
       0.67       0.36       0.33       0.45       0.73       0.85       0.57       0.40       0.27
       0.48       0.27       0.37       0.55       0.84       0.95       0.58       0.39       0.31
       0.37       0.29       0.31       0.53       0.86       0.65       0.42       0.49       0.36
       0.31       0.22       0.18       0.52       0.61       0.40       0.30       0.48       0.46
   1123200    9   13
       0.21       0.19       0.10       0.03       0.07       0.12       0.12       0.03       0.02
       0.05       0.13       0.08       0.07       0.12       0.20       0.20       0.04       0.03
       0.06       0.09       0.05       0.08       0.19       0.19       0.15       0.05       0.01
       0.09       0.12       0.05       0.07       0.19       0.12       0.09       0.06       0.02
       0.10       0.10       0.07       0.07       0.14       0.07       0.03       0.02       0.01
       0.05       0.11       0.10       0.11       0.14       0.09       0.07       0.03       0.01
       0.04       0.08       0.10       0.18       0.16       0.14       0.09       0.06       0.03
       0.07       0.04       0.08       0.20       0.12       0.14       0.06       0.08       0.05
       0.13       0.04       0.05       0.17       0.08       0.15       0.06       0.05       0.07
       0.22       0.05       0.05       0.15       0.17       0.21       0.17       0.03       0.04
       0.22       0.14       0.11       0.15       0.14       0.21       0.23       0.03       0.02
       0.28       0.18       0.17       0.20       0.13       0.19       0.18       0.05       0.01
       0.54       0.25       0.32       0.28       0.25       0.18       0.15       0.05       0.02
   1209600    9   13
       0.19       0.22       0.40       0.34       0.31       0.25       0.29       0.36       0.33
       0.15       0.18       0.40       0.29       0.33       0.18       0.18       0.15       0.28
       0.21       0.20       0.37       0.30       0.34       0.13       0.17       0.21       0.27
       0.10       0.19       0.24       0.20       0.34       0.14       0.24       0.38       0.38
       0.10       0.19       0.21       0.31       0.27       0.12       0.12       0.29       0.34
       0.15       0.24       0.17       0.24       0.21       0.16       0.07       0.17       0.42
       0.09       0.22       0.24       0.18       0.12       0.14       0.17       0.21       0.39
       0.08       0.17       0.22       0.22       0.16       0.17       0.15       0.21       0.28
       0.17       0.24       0.21       0.24       0.13       0.12       0.16       0.25       0.39
       0.39       0.26       0.28       0.35       0.14       0.10       0.16       0.25       0.33
       0.10       0.13       0.32       0.36       0.22       0.12       0.12       0.23       0.38
       0.15       0.22       0.40       0.38       0.29       0.38       0.18       0.16       0.35
       0.28       0.34       0.42       0.39       0.27       0.33       0.24       0.18       0.32
   1296000    9   13
       0.49       0.43       0.78       0.72       0.64       0.51       0.51       0.32       0.11
       0.34       0.33       0.64       0.61       0.47       0.38       0.47       0.27       0.11
       0.29       0.38       0.55       0.47       0.40       0.40       0.54       0.27       0.25
       0.41       0.54       0.64       0.53       0.56       0.58       0.55       0.48       0.48
       0.60       0.74       0.75       0.43       0.52       0.66       0.58       0.64       0.79
       0.55       0.70       0.67       0.42       0.52       0.64       0.52       0.65       0.72
       0.55       0.54       0.65       0.62       0.54       0.50       0.43       0.65       0.88
       0.53       0.75       0.85       0.67       0.51       0.51       0.57       0.92       1.15
       0.48       0.90       0.74       0.60       0.69       0.81       0.76       0.98       0.94
       0.55       0.55       0.55       0.84       0.97       0.69       0.65       0.89       0.89
       0.21       0.32       0.83       1.18       0.90       0.78       0.74       1.02       1.12
       0.20       0.47       0.80       1.22       1.24       1.15       1.09       1.15       0.98
       0.36       0.55       0.69       1.03       1.34       0.99       1.02       0.88       0.69
