         0    9   13
       0.05       0.26       0.36       0.23       0.45       0.38       0.29       0.30       0.25
       0.10       0.35       0.36       0.30       0.28       0.40       0.41       0.25       0.16
       0.15       0.45       0.58       0.53       0.57       0.52       0.52       0.27       0.41
       0.17       0.49       0.58       0.59       0.79       0.60       0.49       0.72       0.88
       0.20       0.33       0.43       0.49       0.58       0.43       0.42       0.80       0.84
       0.28       0.26       0.33       0.32       0.39       0.32       0.31       0.63       0.72
       0.33       0.27       0.31       0.23       0.28       0.22       0.11       0.20       0.34
       0.27       0.24       0.27       0.25       0.36       0.19       0.10       0.06       0.10
       0.21       0.30       0.20       0.22       0.41       0.18       0.06       0.05       0.08
       0.21       0.19       0.17       0.18       0.19       0.16       0.06       0.04       0.10
       0.17       0.12       0.15       0.31       0.16       0.11       0.05       0.01       0.04
       0.17       0.14       0.17       0.33       0.22       0.11       0.08       0.03       0.08
       0.01       0.01       0.04       0.16       0.20       0.20       0.22       0.18       0.21
     86400    9   13
       0.02       0.10       0.23       0.22       0.34       0.23       0.28       0.42       0.17
       0.10       0.16       0.31       0.33       0.29       0.24       0.34       0.44       0.27
       0.09       0.15       0.22       0.29       0.31       0.30       0.41       0.26       0.33
       0.17       0.22       0.38       0.40       0.34       0.28       0.27       0.18       0.33
       0.25       0.29       0.47       0.64       0.50       0.29       0.33       0.31       0.34
       0.27       0.26       0.29       0.30       0.40       0.31       0.32       0.36       0.30
       0.27       0.13       0.20       0.25       0.40       0.23       0.14       0.30       0.36
       0.20       0.16       0.27       0.28       0.28       0.15       0.05       0.20       0.31
       0.34       0.34       0.26       0.12       0.07       0.13       0.06       0.11       0.25
       0.33       0.15       0.11       0.12       0.15       0.22       0.04       0.13       0.16
       0.09       0.02       0.03       0.11       0.21       0.20       0.12       0.13       0.06
       0.01       0.01       0.03       0.04       0.05       0.07       0.13       0.08       0.07
       0.00       0.00       0.01       0.02       0.07       0.14       0.10       0.08       0.05
    172800    9   13
       0.02       0.14       0.11       0.10       0.23       0.10       0.22       0.31       0.06
       0.01       0.08       0.24       0.20       0.05       0.14       0.24       0.34       0.05
       0.03       0.08       0.33       0.35       0.22       0.47       0.35       0.14       0.09
       0.03       0.10       0.43       0.41       0.32       0.47       0.22       0.04       0.22
       0.27       0.36       0.42       0.57       0.49       0.34       0.12       0.07       0.17
       0.27       0.22       0.28       0.39       0.37       0.42       0.24       0.03       0.10
       0.08       0.07       0.09       0.33       0.54       0.36       0.15       0.01       0.03
       0.07       0.06       0.20       0.20       0.15       0.05       0.02       0.00       0.01
       0.09       0.21       0.18       0.03       0.01       0.03       0.00       0.02       0.08
       0.13       0.06       0.01       0.00       0.04       0.20       0.01       0.04       0.07
       0.04       0.00       0.00       0.01       0.02       0.03       0.01       0.02       0.02
       0.01       0.00       0.00       0.00       0.00       0.02       0.03       0.02       0.02
       0.00       0.00       0.00       0.01       0.02       0.09       0.04       0.02       0.00
    259200    9   13
       0.14       0.39       0.43       0.30       0.64       0.32       0.09       0.03       0.00
       0.06       0.21       0.54       0.41       0.14       0.22       0.23       0.12       0.02
       0.14       0.17       0.48       0.52       0.22       0.61       0.45       0.11       0.09
       0.16       0.31       0.54       0.50       0.38       0.68       0.26       0.07       0.19
       0.23       0.29       0.45       0.44       0.20       0.31       0.11       0.02       0.15
       0.17       0.07       0.10       0.13       0.08       0.26       0.09       0.01       0.05
       0.04       0.02       0.01       0.15       0.35       0.16       0.02       0.00       0.00
       0.03       0.04       0.03       0.07       0.23       0.10       0.01       0.00       0.00
       0.11       0.15       0.03       0.02       0.01       0.01       0.00       0.00       0.00
       0.04       0.02       0.00       0.01       0.02       0.01       0.00       0.00       0.00
       0.00       0.00       0.01       0.03       0.01       0.01       0.02       0.00       0.00
       0.00       0.00       0.00       0.01       0.02       0.03       0.09       0.01       0.00
       0.00       0.01       0.00       0.04       0.44       0.35       0.11       0.09       0.01
    345600    9   13
       0.21       0.80       1.03       0.60       1.20       1.05       0.93       0.72       0.62
       0.22       0.66       0.99       1.05       0.86       0.90       0.84       0.52       0.48
       0.25       0.35       0.54       0.62       0.50       1.01       0.98       0.54       0.55
       0.05       0.24       0.65       0.76       0.45       0.75       0.55       0.74       1.04
       0.16       0.14       0.50       0.82       0.68       0.62       0.16       0.52       1.12
       0.06       0.07       0.15       0.54       0.94       0.87       0.06       0.04       0.24
       0.02       0.02       0.01       0.07       0.26       0.31       0.02       0.00       0.01
       0.02       0.02       0.06       0.02       0.02       0.01       0.00       0.00       0.00
       0.02       0.10       0.07       0.01       0.00       0.00       0.00       0.00       0.00
       0.00       0.02       0.01       0.01       0.01       0.00       0.00       0.00       0.00
       0.00       0.00       0.00       0.02       0.02       0.01       0.01       0.00       0.00
       0.00       0.02       0.04       0.08       0.04       0.04       0.07       0.01       0.00
       0.05       0.08       0.07       0.11       0.10       0.33       0.20       0.12       0.00
    432000    9   13
       0.89       1.29       1.28       1.06       0.94       0.74       0.86       0.91       0.68
       0.96       1.32       1.22       1.10       0.89       0.64       0.65       0.66       0.52
       0.87       1.07       1.08       1.12       1.23       0.82       0.98       0.79       0.74
       0.77       0.70       0.77       0.84       0.95       0.65       0.85       0.96       0.81
       0.45       0.38       0.62       0.87       0.78       0.44       0.45       0.92       1.04
       0.35       0.33       0.42       0.51       0.64       0.35       0.45       0.57       0.97
       0.35       0.31       0.20       0.14       0.33       0.43       0.32       0.14       0.30
       0.17       0.32       0.22       0.15       0.15       0.21       0.10       0.09       0.09
       0.13       0.25       0.24       0.16       0.09       0.07       0.02       0.08       0.16
       0.25       0.24       0.18       0.15       0.11       0.10       0.08       0.06       0.19
       0.16       0.06       0.08       0.12       0.06       0.11       0.15       0.06       0.16
       0.10       0.03       0.07       0.05       0.04       0.08       0.19       0.06       0.14
       0.02       0.04       0.09       0.10       0.10       0.13       0.16       0.20       0.12
    518400    9   13
       1.24       1.09       0.90       0.85       0.50       0.50       0.64       0.71       0.70
       0.94       0.78       0.57       0.62       0.63       0.33       0.30       0.30       0.35
       0.84       0.73       0.62       0.69       0.72       1.51       0.93       0.31       0.30
       0.83       0.76       0.54       0.55       0.81       1.90       1.23       0.25       0.38
       0.86       0.54       0.39       0.44       0.60       0.47       0.27       0.17       0.39
       0.57       0.49       0.50       0.45       0.39       0.33       0.28       0.24       0.35
       0.41       0.52       0.66       0.60       0.38       0.32       0.25       0.31       0.37
       0.58       0.74       0.52       0.53       0.45       0.49       0.45       0.46       0.58
       0.94       0.75       0.52       0.80       0.85       0.94       0.76       0.45       0.51
       1.40       1.07       1.79       2.48       1.41       1.11       0.75       0.52       0.45
       1.12       1.22       2.09       2.48       1.25       1.22       0.92       0.71       0.79
       0.89       0.74       0.99       1.01       0.84       0.88       0.90       0.90       0.89
       0.60       0.87       2.34       1.23       0.60       0.71       0.77       0.92       0.95
    604800    9   13
       0.04       0.07       0.09       0.08       0.15       0.14       0.22       0.16       0.05
       0.24       0.26       0.32       0.20       0.10       0.12       0.13       0.11       0.08
       0.28       0.19       0.26       0.26       0.16       0.26       0.18       0.04       0.03
       0.37       0.30       0.31       0.17       0.26       0.30       0.31       0.24       0.20
       0.55       0.49       0.42       0.13       0.31       0.44       0.36       0.50       0.30
       0.73       0.67       0.53       0.21       0.45       0.63       0.51       0.58       0.61
       0.70       0.59       0.65       0.57       0.71       0.76       0.74       0.75       1.32
       0.59       0.68       0.78       0.77       0.57       0.38       0.60       1.16       1.12
       0.80       0.53       0.50       0.79       0.68       0.57       0.29       0.52       0.86
       1.18       0.82       0.79       0.82       0.74       0.55       0.50       0.60       0.74
       0.77       0.84       0.91       0.80       0.77       0.84       0.90       1.00       1.32
       0.48       0.39       0.46       0.70       0.79       0.91       0.99       1.18       1.87
       0.50       0.27       0.26       0.52       0.64       0.88       0.85       1.08       1.45
    691200    9   13
       0.01       0.02       0.03       0.11       0.19       0.17       0.11       0.11       0.04
       0.02       0.02       0.07       0.09       0.15       0.22       0.16       0.05       0.06
       0.01       0.01       0.12       0.26       0.28       0.42       0.25       0.05       0.23
       0.17       0.06       0.05       0.12       0.37       0.56       0.16       0.05       0.30
       0.58       0.21       0.13       0.03       0.19       0.58       0.10       0.05       0.23
       0.68       0.33       0.48       0.21       0.18       0.34       0.09       0.03       0.15
       1.00       0.81       0.88       0.59       0.46       0.30       0.08       0.11       0.30
       0.71       0.92       0.82       0.76       0.83       0.29       0.22       0.13       0.21
       0.84       0.75       0.86       0.84       0.66       0.39       0.19       0.11       0.27
       0.90       0.97       1.06       1.01       0.81       0.85       0.61       0.36       0.47
       0.93       0.86       0.82       0.84       0.77       0.92       1.36       0.96       0.94
       0.71       0.55       0.64       0.72       0.79       0.85       0.99       0.87       0.91
       0.43       0.32       0.33       0.57       0.86       0.69       0.46       0.54       0.91
    777600    9   13
       0.21       0.25       0.29       0.34       0.21       0.11       0.10       0.10       0.03
       0.10       0.22       0.32       0.34       0.20       0.08       0.05       0.05       0.07
       0.12       0.24       0.33       0.42       0.24       0.27       0.14       0.06       0.19
       0.26       0.27       0.27       0.26       0.20       0.31       0.17       0.09       0.30
       0.27       0.27       0.26       0.13       0.16       0.24       0.29       0.27       0.33
       0.27       0.26       0.28       0.18       0.22       0.30       0.33       0.32       0.29
       0.22       0.21       0.35       0.36       0.29       0.38       0.42       0.33       0.27
       0.24       0.23       0.29       0.24       0.26       0.27       0.50       0.41       0.60
       0.35       0.40       0.34       0.30       0.40       0.35       0.45       0.53       0.83
       0.67       0.61       0.42       0.45       0.37       0.17       0.16       0.25       0.42
       0.87       0.64       0.38       0.26       0.13       0.05       0.03       0.08       0.09
       0.62       0.67       0.62       0.57       0.28       0.13       0.07       0.03       0.02
       0.67       0.67       0.64       0.55       0.28       0.19       0.10       0.04       0.02
    864000    9   13
       0.30       0.36       0.66       0.61       0.54       0.37       0.46       0.37       0.28
       0.39       0.33       0.54       0.60       0.45       0.46       0.47       0.47       0.43
       0.40       0.24       0.35       0.58       0.39       0.51       0.80       0.77       0.71
       0.24       0.25       0.19       0.50       0.53       0.45       0.64       0.65       0.83
       0.14       0.24       0.26       0.44       0.58       0.33       0.31       0.53       0.64
       0.15       0.24       0.22       0.31       0.51       0.33       0.25       0.34       0.35
       0.12       0.15       0.17       0.19       0.26       0.12       0.11       0.17       0.16
       0.11       0.14       0.20       0.18       0.17       0.08       0.04       0.04       0.07
       0.10       0.16       0.23       0.16       0.09       0.04       0.04       0.03       0.07
       0.23       0.19       0.17       0.14       0.09       0.03       0.01       0.01       0.04
       0.13       0.13       0.14       0.15       0.12       0.06       0.02       0.02       0.03
       0.12       0.14       0.12       0.21       0.32       0.21       0.10       0.07       0.03
       0.12       0.08       0.11       0.24       0.27       0.24       0.08       0.03       0.03
    950400    9   13
       0.01       0.04       0.12       0.05       0.08       0.08       0.10       0.04       0.02
       0.01       0.03       0.12       0.15       0.13       0.05       0.03       0.03       0.03
       0.02       0.03       0.15       0.22       0.09       0.04       0.11       0.04       0.02
       0.09       0.04       0.08       0.19       0.16       0.08       0.10       0.03       0.02
       0.12       0.11       0.06       0.11       0.15       0.12       0.09       0.08       0.03
       0.08       0.11       0.13       0.07       0.11       0.09       0.07       0.10       0.05
       0.08       0.09       0.12       0.08       0.08       0.04       0.03       0.04       0.05
       0.17       0.09       0.09       0.09       0.07       0.02       0.02       0.01       0.01
       0.23       0.18       0.11       0.09       0.06       0.01       0.04       0.01       0.00
       0.25       0.19       0.11       0.08       0.08       0.02       0.02       0.02       0.01
       0.22       0.21       0.17       0.16       0.09       0.04       0.02       0.01       0.03
       0.09       0.11       0.14       0.17       0.12       0.05       0.03       0.01       0.01
       0.16       0.10       0.09       0.12       0.11       0.04       0.04       0.02       0.01
   1036800    9   13
       0.07       0.04       0.06       0.01       0.02       0.02       0.04       0.08       0.04
       0.05       0.02       0.04       0.08       0.08       0.02       0.04       0.12       0.09
       0.03       0.02       0.10       0.23       0.23       0.16       0.25       0.32       0.26
       0.01       0.03       0.09       0.21       0.44       0.32       0.30       0.31       0.41
       0.01       0.08       0.15       0.27       0.43       0.21       0.07       0.23       0.30
       0.06       0.11       0.16       0.27       0.37       0.17       0.02       0.07       0.07
       0.12       0.22       0.16       0.28       0.39       0.12       0.01       0.01       0.02
       0.24       0.33       0.34       0.33       0.31       0.07       0.01       0.01       0.00
       0.32       0.45       0.40       0.34       0.14       0.03       0.04       0.04       0.02
       0.19       0.25       0.27       0.27       0.16       0.01       0.03       0.03       0.04
       0.07       0.12       0.20       0.24       0.15       0.02       0.01       0.02       0.02
       0.05       0.15       0.23       0.22       0.16       0.07       0.05       0.01       0.01
       0.04       0.11       0.11       0.14       0.18       0.10       0.06       0.01       0.00
   1123200    9   13
       0.46       0.35       0.32       0.25       0.15       0.09       0.08       0.12       0.09
       0.21       0.15       0.23       0.31       0.21       0.20       0.18       0.23       0.13
       0.60       0.22       0.23       0.27       0.18       0.24       0.33       0.30       0.29
       0.61       0.42       0.25       0.32       0.34       0.20       0.28       0.30       0.41
       0.52       0.41       0.28       0.42       0.33       0.08       0.09       0.23       0.30
       0.30       0.16       0.21       0.40       0.39       0.06       0.11       0.22       0.17
       0.19       0.16       0.17       0.24       0.18       0.04       0.02       0.02       0.03
       0.13       0.11       0.35       0.18       0.11       0.04       0.01       0.00       0.03
       0.26       0.20       0.27       0.15       0.06       0.04       0.05       0.04       0.04
       0.27       0.27       0.31       0.29       0.09       0.02       0.05       0.05       0.06
       0.12       0.29       0.37       0.35       0.13       0.02       0.01       0.04       0.04
       0.13       0.27       0.43       0.41       0.22       0.17       0.09       0.01       0.01
       0.15       0.25       0.33       0.33       0.34       0.36       0.16       0.02       0.01
   1209600    9   13
       0.08       0.21       0.35       0.37       0.36       0.46       0.31       0.27       0.28
       0.09       0.09       0.09       0.16       0.15       0.19       0.26       0.39       0.29
       0.11       0.09       0.09       0.14       0.15       0.40       0.53       0.46       0.49
       0.13       0.23       0.10       0.25       0.18       0.22       0.29       0.41       0.49
       0.25       0.31       0.12       0.29       0.23       0.07       0.05       0.30       0.51
       0.35       0.26       0.20       0.17       0.10       0.05       0.09       0.08       0.16
       0.24       0.26       0.23       0.24       0.12       0.06       0.09       0.02       0.05
       0.13       0.22       0.13       0.06       0.04       0.03       0.01       0.08       0.13
       0.40       0.25       0.10       0.05       0.02       0.02       0.06       0.31       0.36
       0.57       0.21       0.11       0.09       0.05       0.10       0.09       0.09       0.22
       0.06       0.10       0.23       0.29       0.09       0.06       0.06       0.09       0.25
       0.04       0.15       0.39       0.48       0.19       0.11       0.08       0.07       0.07
       0.18       0.37       0.48       0.43       0.43       0.34       0.15       0.06       0.04
   1296000    9   13
       0.47       0.27       0.72       0.66       0.55       0.40       0.61       0.72       0.95
       0.35       0.11       0.29       0.43       0.20       0.42       0.43       0.41       0.55
       0.43       0.18       0.15       0.17       0.08       0.42       0.51       0.24       0.46
       0.14       0.18       0.17       0.19       0.17       0.23       0.30       0.30       0.47
       0.04       0.08       0.13       0.28       0.20       0.07       0.20       0.27       0.41
       0.11       0.05       0.07       0.19       0.17       0.13       0.27       0.26       0.23
       0.14       0.11       0.07       0.10       0.09       0.14       0.12       0.09       0.21
       0.17       0.14       0.07       0.02       0.03       0.11       0.12       0.10       0.16
       0.25       0.16       0.07       0.01       0.01       0.08       0.23       0.09       0.15
       0.20       0.11       0.08       0.07       0.05       0.10       0.17       0.09       0.12
       0.13       0.08       0.07       0.14       0.08       0.08       0.12       0.13       0.06
       0.09       0.12       0.19       0.23       0.12       0.14       0.09       0.09       0.01
       0.21       0.31       0.35       0.40       0.33       0.29       0.09       0.09       0.02
