         0    9   13
       0.29       0.24       0.33       0.29       0.43       0.42       0.39       0.33       0.21
       0.37       0.30       0.53       0.67       0.56       0.43       0.51       0.32       0.30
       0.26       0.35       0.49       0.48       0.55       0.66       0.31       0.27       0.51
       0.52       0.49       0.59       0.40       0.47       0.41       0.27       0.40       0.57
       0.52       0.40       0.55       0.32       0.38       0.57       0.40       0.42       0.66
       0.42       0.37       0.46       0.27       0.36       0.57       0.43       0.36       0.50
       0.39       0.42       0.48       0.36       0.55       0.46       0.42       0.34       0.33
       0.23       0.50       0.52       0.32       0.38       0.40       0.32       0.46       0.70
       0.51       0.52       0.38       0.28       0.30       0.32       0.31       0.52       0.91
       0.47       0.30       0.39       0.42       0.40       0.42       0.52       1.07       1.44
       0.24       0.35       0.45       0.51       0.58       0.45       0.57       0.90       1.15
       0.50       0.67       0.51       0.49       0.46       0.42       0.34       0.43       0.79
       0.66       0.57       0.60       0.55       0.58       0.58       0.45       0.39       0.68
     86400    9   13
       0.88       0.73       0.46       0.27       0.39       0.38       0.29       0.24       0.09
       0.71       0.62       0.60       0.47       0.42       0.26       0.13       0.07       0.07
       0.49       0.32       0.61       0.50       0.42       0.51       0.34       0.12       0.29
       0.46       0.29       0.49       0.41       0.29       0.51       0.25       0.18       0.32
       0.61       0.38       0.64       0.38       0.41       0.64       0.53       0.41       0.38
       0.48       0.22       0.49       0.45       0.50       0.96       0.83       0.53       0.48
       0.60       0.35       0.44       0.55       0.60       0.73       0.70       0.44       0.48
       0.42       0.44       0.77       0.65       0.72       0.67       0.69       0.59       0.58
       0.23       0.38       0.30       0.33       0.38       0.36       0.46       0.57       0.73
       0.10       0.14       0.12       0.23       0.20       0.40       0.51       0.43       0.52
       0.06       0.04       0.09       0.19       0.17       0.36       0.64       0.40       0.27
       0.16       0.17       0.12       0.33       0.28       0.31       0.54       0.51       0.32
       0.33       0.23       0.21       0.55       0.46       0.22       0.27       0.44       0.56
    172800    9   13
       0.17       0.28       0.53       0.54       0.54       0.32       0.14       0.10       0.14
       0.20       0.24       0.49       0.21       0.16       0.16       0.25       0.30       0.19
       0.07       0.17       0.40       0.10       0.24       0.34       0.15       0.18       0.24
       0.05       0.13       0.17       0.10       0.26       0.33       0.12       0.12       0.25
       0.05       0.12       0.11       0.22       0.27       0.29       0.16       0.08       0.15
       0.07       0.09       0.17       0.22       0.17       0.15       0.18       0.10       0.10
       0.16       0.13       0.20       0.24       0.24       0.17       0.23       0.16       0.23
       0.49       0.40       0.41       0.38       0.35       0.36       0.34       0.32       0.28
       0.64       0.67       0.48       0.46       0.59       0.61       0.49       0.53       0.64
       0.60       0.51       0.30       0.38       0.59       0.52       0.64       0.75       0.67
       0.42       0.52       0.51       0.49       0.58       0.61       0.69       0.88       0.79
       0.42       0.46       0.65       0.55       0.57       0.71       0.71       0.75       0.80
       0.33       0.17       0.43       0.67       0.64       0.51       0.63       0.61       0.58
    259200    9   13
       0.01       0.03       0.40       0.65       0.69       0.51       0.29       0.33       0.27
       0.05       0.10       0.52       0.42       0.58       0.30       0.21       0.21       0.11
       0.11       0.15       0.43       0.28       0.48       0.26       0.32       0.38       0.20
       0.18       0.21       0.24       0.22       0.50       0.34       0.33       0.46       0.57
       0.17       0.24       0.14       0.12       0.26       0.39       0.31       0.47       0.78
       0.30       0.34       0.20       0.26       0.24       0.45       0.34       0.40       0.54
       0.49       0.56       0.44       0.31       0.35       0.43       0.39       0.45       0.68
       0.83       0.77       0.64       0.53       0.50       0.43       0.48       0.59       0.52
       1.20       0.89       0.67       0.82       0.76       0.59       0.48       0.48       0.32
       1.05       0.44       0.62       0.86       0.90       0.66       0.58       0.43       0.39
       0.40       0.39       0.69       0.81       0.90       0.88       0.67       0.54       0.60
       0.43       0.48       0.73       0.98       0.90       0.98       0.60       0.53       0.79
       0.85       0.66       0.70       0.81       0.79       0.67       0.55       0.49       0.94
    345600    9   13
       0.13       0.28       0.54       0.60       0.62       0.65       0.61       0.58       0.35
       0.11       0.36       0.61       0.38       0.37       0.29       0.38       0.53       0.29
       0.17       0.29       0.53       0.43       0.39       0.29       0.26       0.25       0.37
       0.28       0.33       0.32       0.41       0.47       0.32       0.22       0.18       0.43
       0.33       0.39       0.15       0.29       0.47       0.52       0.49       0.41       0.46
       0.36       0.42       0.16       0.22       0.44       0.58       0.65       0.70       0.82
       0.53       0.64       0.38       0.30       0.48       0.65       0.77       0.82       0.89
       0.36       0.37       0.40       0.32       0.29       0.32       0.39       0.57       0.68
       0.43       0.45       0.41       0.51       0.32       0.15       0.20       0.42       0.41
       0.63       0.46       0.51       0.55       0.49       0.22       0.17       0.35       0.32
       0.50       0.47       0.52       0.44       0.34       0.27       0.24       0.21       0.27
       0.57       0.45       0.51       0.36       0.15       0.17       0.21       0.24       0.43
       0.66       0.49       0.66       0.51       0.19       0.06       0.16       0.33       0.50
    432000    9   13
       0.22       0.45       0.73       0.80       0.86       0.50       0.50       0.54       0.47
       0.54       0.68       0.76       0.61       0.45       0.29       0.54       0.56       0.58
       0.51       0.67       0.79       0.45       0.28       0.25       0.24       0.20       0.29
       0.43       0.49       0.38       0.28       0.15       0.10       0.10       0.10       0.26
       0.65       0.53       0.29       0.30       0.16       0.10       0.09       0.09       0.20
       0.45       0.54       0.30       0.27       0.18       0.14       0.19       0.19       0.39
       0.56       0.68       0.48       0.21       0.24       0.32       0.36       0.46       0.67
       0.92       1.05       0.65       0.39       0.34       0.54       0.70       0.68       0.99
       1.47       2.84       2.53       1.15       0.53       0.63       0.83       0.87       1.36
       0.52       0.99       1.66       1.31       0.61       0.42       0.72       1.03       0.91
       0.73       1.04       1.04       0.94       0.82       0.91       0.46       0.81       1.03
       0.84       0.99       0.77       0.80       0.85       0.79       0.63       0.34       0.62
       0.54       0.69       0.77       0.93       1.12       0.84       0.76       0.53       0.38
    518400    9   13
       0.34       0.35       0.35       0.29       0.32       0.40       0.46       0.45       0.41
       0.44       0.47       0.44       0.30       0.11       0.09       0.18       0.30       0.51
       0.43       0.31       0.38       0.11       0.10       0.07       0.04       0.20       0.51
       0.46       0.20       0.21       0.08       0.16       0.12       0.12       0.16       0.31
       0.52       0.43       0.23       0.27       0.33       0.33       0.30       0.26       0.26
       0.44       0.43       0.28       0.63       0.70       0.44       0.39       0.46       0.51
       0.45       0.30       0.27       0.41       1.05       0.58       0.48       0.67       0.81
       0.42       0.31       0.45       0.25       0.33       0.45       0.52       0.76       0.78
       0.36       0.39       0.68       0.62       0.26       0.18       0.28       0.43       0.32
       0.34       0.28       0.50       0.78       0.50       0.19       0.15       0.16       0.11
       0.45       0.40       0.42       0.43       0.30       0.21       0.09       0.10       0.15
       0.47       0.52       0.47       0.22       0.08       0.08       0.09       0.08       0.18
       0.48       0.39       0.60       0.39       0.07       0.06       0.10       0.08       0.20
    604800    9   13
       0.09       0.15       0.41       0.41       0.46       0.54       0.46       0.37       0.35
       0.09       0.20       0.54       0.42       0.38       0.49       0.46       0.49       0.34
       0.19       0.31       0.69       0.47       0.54       0.67       0.60       0.65       0.62
       0.38       0.31       0.60       0.45       0.74       0.76       0.78       0.82       1.10
       0.49       0.27       0.42       0.43       0.61       0.48       0.47       0.62       1.12
       0.48       0.30       0.32       0.35       0.42       0.48       0.55       0.73       0.99
       0.69       0.52       0.52       0.39       0.68       0.61       0.52       0.57       0.74
       0.94       0.74       0.74       0.67       0.66       0.70       0.54       0.47       0.59
       1.36       1.46       1.11       0.98       0.99       0.90       0.69       0.75       0.67
       1.23       1.63       1.29       1.09       0.87       0.97       0.73       0.98       1.20
       1.35       1.25       1.63       1.36       0.96       1.06       0.89       1.15       1.23
       1.18       1.13       1.40       1.32       1.07       1.08       0.95       1.08       0.96
       0.87       0.94       0.91       1.28       1.17       0.69       0.96       0.83       0.73
    691200    9   13
       0.06       0.10       0.25       0.16       0.08       0.04       0.04       0.06       0.03
       0.02       0.08       0.31       0.14       0.09       0.06       0.07       0.03       0.01
       0.04       0.08       0.33       0.20       0.26       0.25       0.09       0.07       0.12
       0.21       0.20       0.26       0.25       0.37       0.33       0.12       0.10       0.32
       0.14       0.21       0.18       0.11       0.24       0.26       0.20       0.06       0.15
       0.10       0.16       0.12       0.13       0.17       0.26       0.16       0.05       0.05
       0.15       0.15       0.16       0.19       0.27       0.14       0.18       0.24       0.21
       0.21       0.18       0.15       0.10       0.12       0.04       0.16       0.28       0.35
       0.36       0.24       0.16       0.17       0.19       0.22       0.32       0.38       0.29
       0.47       0.26       0.30       0.23       0.21       0.22       0.40       0.45       0.35
       0.45       0.31       0.33       0.28       0.33       0.42       0.50       0.57       0.40
       0.34       0.38       0.48       0.50       0.52       0.66       0.57       0.75       0.61
       0.33       0.47       0.57       0.67       0.60       0.60       0.85       0.73       0.62
    777600    9   13
       0.67       0.55       0.54       0.29       0.34       0.48       0.53       0.43       0.35
       0.79       0.58       0.77       0.38       0.26       0.43       0.49       0.25       0.13
       0.56       0.59       0.78       0.49       0.35       0.46       0.50       0.27       0.20
       0.49       0.41       0.59       0.58       0.49       0.44       0.63       0.80       0.87
       0.35       0.39       0.40       0.39       0.31       0.35       0.52       0.64       1.24
       0.27       0.28       0.26       0.23       0.12       0.12       0.30       0.55       0.65
       0.34       0.34       0.27       0.37       0.16       0.10       0.32       0.48       0.78
       0.31       0.37       0.33       0.33       0.19       0.21       0.53       0.68       0.70
       0.34       0.59       0.52       0.39       0.24       0.43       0.70       0.89       0.62
       0.73       1.13       1.25       0.58       0.26       0.59       0.83       0.97       0.71
       0.99       1.60       2.48       1.55       0.63       0.61       0.88       1.11       0.95
       2.15       2.25       2.51       2.41       1.55       0.99       0.83       1.33       1.28
       2.54       3.83       2.71       2.24       1.59       1.22       0.96       1.14       1.33
    864000    9   13
       0.25       0.30       0.51       0.46       0.25       0.18       0.22       0.20       0.17
       0.54       0.46       0.32       0.61       0.52       0.35       0.56       0.65       0.38
       0.58       0.63       0.30       0.45       1.13       0.87       1.00       1.38       0.83
       0.40       0.42       0.34       0.36       1.03       2.21       1.85       1.90       1.25
       0.37       0.37       0.31       0.32       0.62       2.28       3.26       2.21       2.24
       0.48       0.39       0.32       0.33       0.41       1.02       2.37       2.02       2.21
       0.47       0.36       0.26       0.34       0.28       0.37       1.01       1.43       1.03
       0.62       0.47       0.34       0.41       0.29       0.24       0.40       0.64       0.50
       0.76       0.43       0.41       0.46       0.39       0.37       0.35       0.40       0.42
       1.56       0.65       0.64       0.61       0.60       0.53       0.42       0.32       0.34
       1.23       1.12       0.83       0.65       0.64       0.67       0.65       0.48       0.45
       1.25       1.02       0.88       0.74       0.79       1.03       1.04       0.89       0.77
       1.04       1.13       0.95       0.80       0.89       1.53       2.80       2.54       1.51
    950400    9   13
       0.53       0.71       0.82       0.54       0.57       0.61       0.59       0.47       0.65
       0.61       0.67       0.73       0.44       0.58       0.51       0.35       0.39       0.45
       0.66       0.69       0.73       0.39       0.58       0.43       0.18       0.17       0.28
       0.49       0.73       0.78       0.53       0.68       0.40       0.13       0.12       0.14
       0.51       0.57       0.65       0.57       0.61       0.42       0.25       0.18       0.07
       0.65       0.60       0.58       0.45       0.43       0.40       0.31       0.25       0.13
       0.47       0.53       0.56       0.34       0.37       0.38       0.40       0.33       0.24
       0.30       0.45       0.59       0.53       0.34       0.31       0.36       0.44       0.42
       0.28       0.28       0.50       0.78       0.59       0.39       0.33       0.33       0.44
       0.46       0.27       0.50       0.98       0.83       0.54       0.52       0.48       0.48
       0.55       0.39       0.54       1.15       1.02       0.84       0.64       0.62       0.51
       0.40       0.53       0.59       0.88       1.06       0.97       0.80       0.99       0.99
       0.24       0.40       0.54       0.91       1.40       1.49       1.13       1.09       1.17
   1036800    9   13
       0.39       0.50       0.74       0.51       0.62       0.52       0.22       0.27       0.22
       0.45       0.43       0.59       0.34       0.24       0.34       0.10       0.28       0.21
       0.32       0.48       0.66       0.20       0.29       0.21       0.09       0.28       0.43
       0.42       0.47       0.69       0.26       0.34       0.23       0.18       0.14       0.31
       0.47       0.53       0.55       0.32       0.63       0.40       0.26       0.27       0.18
       0.60       0.63       0.73       0.44       0.73       0.38       0.42       0.38       0.43
       0.48       0.73       0.89       0.56       0.71       0.49       0.56       0.67       0.78
       0.30       0.72       0.99       0.64       0.73       0.67       0.85       0.94       0.98
       0.28       0.50       0.74       0.79       1.03       0.80       0.94       1.15       1.01
       0.24       0.25       0.41       0.89       1.14       0.94       0.96       1.19       1.00
       0.16       0.17       0.24       0.74       1.01       1.00       1.06       1.10       0.89
       0.46       0.69       0.90       0.81       1.00       0.92       1.10       1.05       0.93
       0.63       0.91       1.29       1.70       1.19       0.66       0.89       1.00       1.12
   1123200    9   13
       0.33       0.50       0.73       0.55       0.63       0.52       0.34       0.20       0.08
       0.16       0.37       0.58       0.54       0.60       0.40       0.42       0.35       0.15
       0.23       0.51       0.62       0.43       0.54       0.51       0.61       0.71       0.48
       0.21       0.32       0.43       0.24       0.46       0.46       0.43       0.61       0.72
       0.30       0.21       0.34       0.34       0.45       0.51       0.39       0.41       0.58
       0.33       0.30       0.38       0.39       0.53       0.49       0.28       0.35       0.54
       0.53       0.48       0.49       0.46       0.49       0.29       0.30       0.40       0.57
       0.53       0.57       0.69       0.49       0.56       0.46       0.41       0.44       0.47
       1.09       1.00       0.78       0.76       0.71       0.70       0.76       0.55       0.59
       1.52       1.70       1.76       1.37       1.09       0.88       0.97       0.84       0.48
       0.99       1.29       2.59       2.61       1.54       1.16       1.01       1.27       0.79
       0.96       1.25       1.55       1.90       1.66       1.48       1.21       1.32       1.20
       0.84       0.99       1.23       1.36       1.39       1.22       1.66       1.45       1.28
   1209600    9   13
       0.18       0.34       0.45       0.45       0.47       0.38       0.27       0.13       0.02
       0.28       0.29       0.50       0.33       0.36       0.26       0.30       0.22       0.16
       0.29       0.29       0.46       0.33       0.38       0.31       0.31       0.37       0.40
       0.26       0.27       0.40       0.28       0.34       0.27       0.42       0.39       0.39
       0.35       0.36       0.39       0.27       0.36       0.22       0.44       0.59       0.59
       0.34       0.25       0.32       0.34       0.30       0.18       0.27       0.40       0.52
       0.73       0.37       0.28       0.28       0.32       0.21       0.17       0.18       0.24
       0.38       0.47       0.47       0.27       0.30       0.21       0.18       0.10       0.19
       0.32       0.74       0.84       0.57       0.58       0.35       0.30       0.23       0.30
       0.41       0.47       0.60       0.66       0.59       0.60       0.68       0.58       0.34
       0.15       0.15       0.54       0.90       0.92       0.90       0.88       0.85       0.68
       0.21       0.19       0.63       0.97       0.91       1.06       1.01       0.99       0.83
       0.58       0.42       0.70       1.35       1.13       0.96       0.82       0.80       0.70
   1296000    9   13
       0.07       0.09       0.37       0.36       0.26       0.16       0.19       0.26       0.32
       0.03       0.12       0.54       0.36       0.18       0.15       0.21       0.18       0.24
       0.07       0.15       0.54       0.38       0.40       0.50       0.40       0.25       0.46
       0.13       0.16       0.30       0.40       0.70       0.66       0.62       0.58       0.74
       0.23       0.18       0.16       0.16       0.44       0.67       0.69       0.98       0.84
       0.34       0.32       0.10       0.28       0.33       0.66       0.75       0.93       0.56
       0.41       0.43       0.18       0.21       0.30       0.40       0.33       0.38       0.40
       0.31       0.22       0.18       0.12       0.18       0.12       0.22       0.39       0.51
       0.42       0.50       0.29       0.17       0.14       0.24       0.33       0.44       0.46
       0.73       0.64       0.54       0.33       0.09       0.30       0.34       0.40       0.47
       0.58       0.67       0.90       0.60       0.25       0.30       0.32       0.58       0.78
       0.53       0.73       0.82       0.64       0.43       0.51       0.43       0.70       0.64
       0.52       0.51       0.67       0.69       0.55       0.63       0.58       0.64       0.69
