         0    9   13
       1.03       0.85       0.76       0.89       0.86       0.60       0.66       0.95       0.93
       0.98       0.71       0.66       0.67       0.70       0.65       0.66       0.96       0.93
       0.75       0.67       0.86       0.55       0.74       1.23       1.13       1.13       0.89
       1.01       0.89       0.90       0.77       0.87       1.21       1.11       0.92       0.99
       1.34       0.95       0.86       0.87       0.57       0.38       0.40       0.49       1.10
       1.21       1.23       0.91       0.95       0.59       0.54       0.65       0.30       0.49
       1.59       1.87       1.49       1.47       0.84       0.55       0.61       0.29       0.18
       2.52       2.48       2.27       1.36       0.51       0.67       0.67       0.46       0.36
       2.41       2.51       1.96       0.89       0.39       0.64       0.79       0.57       0.42
       1.26       0.97       0.67       0.53       0.50       0.55       0.46       0.41       0.46
       0.18       0.20       0.27       0.25       0.21       0.23       0.25       0.52       0.64
       0.23       0.39       0.77       0.71       0.37       0.32       0.24       0.35       0.29
       0.35       0.87       1.22       1.05       0.91       0.65       0.23       0.22       0.11
     86400    9   13
       0.92       0.45       0.52       0.73       0.66       0.49       0.50       1.41       1.55
       0.67       0.50       0.84       0.73       0.61       0.49       0.35       0.57       0.96
       0.74       0.35       0.54       0.47       0.49       0.58       0.43       0.32       0.61
       0.73       0.29       0.47       0.56       0.46       0.56       0.66       0.44       0.62
       0.56       0.33       0.60       0.66       0.48       0.35       0.56       0.61       0.54
       0.38       0.27       0.30       0.33       0.41       0.34       0.38       0.43       0.60
       0.40       0.44       0.26       0.32       0.38       0.35       0.46       0.53       0.66
       0.34       0.40       0.37       0.33       0.26       0.25       0.34       0.40       0.63
       0.27       0.35       0.35       0.25       0.11       0.09       0.33       0.42       0.72
       0.21       0.15       0.15       0.20       0.16       0.21       0.34       0.60       0.72
       0.03       0.03       0.08       0.17       0.21       0.22       0.20       0.58       0.74
       0.06       0.09       0.14       0.16       0.11       0.09       0.08       0.18       0.53
       0.21       0.23       0.21       0.15       0.13       0.23       0.17       0.10       0.34
    172800    9   13
       0.29       0.27       0.51       0.49       0.36       0.39       0.53       0.41       0.41
       0.52       0.26       0.39       0.40       0.26       0.45       0.71       0.42       0.26
       0.46       0.41       0.43       0.51       0.22       0.43       0.42       0.22       0.27
       0.22       0.39       0.46       0.65       0.42       0.24       0.45       0.37       0.22
       0.16       0.26       0.36       0.54       0.53       0.23       0.31       0.35       0.36
       0.19       0.26       0.26       0.46       0.49       0.34       0.30       0.22       0.26
       0.27       0.33       0.30       0.42       0.35       0.28       0.27       0.26       0.35
       0.34       0.34       0.37       0.27       0.18       0.07       0.10       0.18       0.30
       0.22       0.28       0.28       0.24       0.17       0.05       0.17       0.21       0.14
       0.18       0.26       0.26       0.27       0.21       0.13       0.22       0.34       0.35
       0.10       0.18       0.27       0.27       0.16       0.09       0.09       0.25       0.46
       0.13       0.23       0.31       0.28       0.19       0.17       0.13       0.03       0.09
       0.20       0.28       0.31       0.25       0.33       0.28       0.11       0.01       0.03
    259200    9   13
       0.49       0.33       0.36       0.44       0.43       0.44       0.68       0.52       0.22
       0.39       0.33       0.36       0.46       0.22       0.24       0.29       0.31       0.20
       0.59       0.57       0.42       0.35       0.11       0.23       0.57       0.29       0.36
       0.33       0.57       0.64       0.61       0.38       0.17       0.34       0.20       0.46
       0.13       0.32       0.49       0.63       0.52       0.11       0.05       0.14       0.28
       0.14       0.22       0.26       0.44       0.43       0.09       0.03       0.10       0.13
       0.22       0.24       0.12       0.26       0.16       0.03       0.01       0.03       0.04
       0.13       0.12       0.11       0.11       0.06       0.01       0.01       0.01       0.00
       0.09       0.08       0.13       0.09       0.01       0.00       0.00       0.02       0.01
       0.08       0.12       0.17       0.12       0.03       0.02       0.02       0.03       0.02
       0.02       0.09       0.22       0.18       0.04       0.04       0.01       0.04       0.06
       0.02       0.14       0.31       0.33       0.18       0.17       0.15       0.01       0.12
       0.18       0.32       0.54       0.71       0.60       0.46       0.27       0.06       0.02
    345600    9   13
       0.21       0.17       0.22       0.12       0.22       0.10       0.09       0.15       0.10
       0.11       0.05       0.08       0.07       0.04       0.03       0.06       0.11       0.10
       0.05       0.02       0.05       0.10       0.10       0.07       0.10       0.05       0.04
       0.09       0.04       0.04       0.08       0.05       0.17       0.20       0.05       0.07
       0.10       0.07       0.08       0.29       0.31       0.14       0.05       0.02       0.06
       0.19       0.12       0.07       0.12       0.23       0.21       0.05       0.00       0.01
       0.23       0.23       0.08       0.02       0.01       0.02       0.02       0.00       0.00
       0.07       0.09       0.08       0.05       0.01       0.01       0.00       0.00       0.00
       0.08       0.07       0.03       0.02       0.01       0.01       0.01       0.00       0.00
       0.15       0.10       0.03       0.01       0.01       0.01       0.01       0.00       0.00
       0.05       0.02       0.00       0.01       0.00       0.00       0.00       0.00       0.00
       0.01       0.00       0.00       0.00       0.01       0.00       0.01       0.00       0.00
       0.01       0.02       0.03       0.03       0.03       0.00       0.00       0.00       0.00
    432000    9   13
       0.23       0.36       0.34       0.20       0.21       0.35       0.80       0.88       0.52
       0.38       0.32       0.37       0.35       0.60       0.82       0.95       0.65       0.26
       0.23       0.30       0.25       0.39       0.54       0.44       0.39       0.27       0.13
       0.11       0.17       0.20       0.32       0.33       0.22       0.33       0.28       0.16
       0.09       0.09       0.14       0.28       0.17       0.11       0.24       0.36       0.33
       0.04       0.07       0.09       0.18       0.21       0.26       0.25       0.20       0.25
       0.07       0.04       0.06       0.10       0.07       0.27       0.26       0.12       0.14
       0.04       0.05       0.05       0.03       0.02       0.11       0.12       0.05       0.03
       0.05       0.04       0.03       0.01       0.01       0.01       0.02       0.02       0.01
       0.00       0.01       0.01       0.01       0.01       0.00       0.01       0.01       0.00
       0.00       0.01       0.01       0.01       0.01       0.01       0.00       0.00       0.00
       0.00       0.01       0.02       0.02       0.01       0.01       0.01       0.00       0.00
       0.00       0.00       0.02       0.05       0.07       0.01       0.01       0.00       0.00
    518400    9   13
       1.12       0.84       0.84       0.67       0.42       0.33       0.39       0.43       0.32
       0.99       0.74       0.53       0.48       0.32       0.24       0.36       0.30       0.15
       0.38       0.34       0.31       0.26       0.27       0.36       0.35       0.13       0.21
       0.25       0.28       0.28       0.28       0.29       0.27       0.13       0.06       0.16
       0.33       0.29       0.30       0.42       0.38       0.19       0.11       0.17       0.27
       0.32       0.18       0.15       0.27       0.32       0.19       0.22       0.28       0.42
       0.24       0.13       0.11       0.12       0.10       0.09       0.16       0.12       0.16
       0.04       0.18       0.25       0.15       0.06       0.04       0.04       0.04       0.09
       0.06       0.14       0.26       0.25       0.09       0.05       0.04       0.04       0.14
       0.10       0.13       0.12       0.14       0.11       0.04       0.05       0.06       0.06
       0.03       0.05       0.11       0.16       0.08       0.05       0.02       0.05       0.04
       0.00       0.00       0.05       0.13       0.09       0.03       0.02       0.00       0.00
       0.00       0.00       0.01       0.04       0.07       0.02       0.01       0.00       0.00
    604800    9   13
       0.40       0.77       0.79       1.08       0.92       0.64       0.45       0.23       0.09
       0.62       1.21       1.11       1.33       1.06       0.40       0.20       0.19       0.15
       0.94       0.89       0.47       0.26       0.14       0.18       0.20       0.23       0.27
       0.71       0.48       0.33       0.26       0.24       0.19       0.16       0.31       0.36
       0.58       0.53       0.51       0.45       0.33       0.24       0.24       0.41       0.60
       0.44       0.47       0.51       0.53       0.34       0.28       0.38       0.46       0.45
       0.33       0.36       0.33       0.45       0.34       0.24       0.27       0.20       0.23
       0.26       0.30       0.37       0.31       0.18       0.09       0.13       0.12       0.16
       0.26       0.27       0.21       0.09       0.02       0.02       0.12       0.21       0.15
       0.18       0.12       0.06       0.03       0.02       0.08       0.09       0.11       0.11
       0.05       0.08       0.07       0.06       0.03       0.05       0.02       0.07       0.07
       0.02       0.06       0.07       0.11       0.07       0.07       0.06       0.07       0.05
       0.17       0.19       0.15       0.19       0.18       0.31       0.24       0.21       0.11
    691200    9   13
       0.71       0.67       0.69       0.69       0.55       0.46       0.60       0.70       0.75
       0.75       0.83       0.71       0.82       0.55       0.49       0.60       0.64       0.52
       0.82       0.97       0.79       0.62       0.38       0.52       0.62       0.60       0.65
       0.63       0.73       0.80       0.90       0.54       0.26       0.29       0.44       0.61
       0.36       0.40       0.54       0.89       0.66       0.12       0.11       0.34       0.51
       0.28       0.28       0.35       0.56       0.50       0.12       0.25       0.41       0.32
       0.27       0.29       0.28       0.31       0.19       0.08       0.12       0.23       0.24
       0.40       0.33       0.30       0.12       0.04       0.01       0.05       0.07       0.20
       0.44       0.30       0.21       0.08       0.01       0.01       0.15       0.18       0.28
       0.21       0.19       0.11       0.06       0.04       0.05       0.07       0.13       0.21
       0.13       0.19       0.25       0.20       0.07       0.08       0.06       0.24       0.34
       0.25       0.30       0.35       0.36       0.18       0.27       0.11       0.13       0.23
       0.36       0.47       0.50       0.42       0.35       0.49       0.18       0.07       0.11
    777600    9   13
       0.79       0.94       0.87       0.55       0.62       0.62       0.45       0.44       0.48
       0.71       0.82       0.93       0.96       0.86       0.74       0.64       0.51       0.43
       0.79       0.89       1.00       0.97       0.81       0.77       0.71       0.42       0.43
       0.68       0.75       0.77       0.87       0.57       0.32       0.28       0.30       0.37
       0.41       0.36       0.41       0.60       0.33       0.07       0.12       0.19       0.18
       0.15       0.06       0.08       0.25       0.15       0.01       0.04       0.11       0.08
       0.04       0.04       0.06       0.16       0.02       0.00       0.00       0.01       0.04
       0.05       0.08       0.10       0.02       0.00       0.00       0.00       0.00       0.00
       0.09       0.11       0.09       0.05       0.01       0.01       0.02       0.02       0.02
       0.09       0.10       0.09       0.07       0.03       0.07       0.07       0.08       0.06
       0.17       0.25       0.16       0.12       0.10       0.12       0.13       0.27       0.29
       0.29       0.37       0.38       0.33       0.21       0.22       0.15       0.15       0.10
       0.40       0.43       0.55       0.52       0.47       0.41       0.15       0.02       0.05
    864000    9   13
       0.92       1.14       0.98       0.69       0.65       0.34       0.47       0.48       0.28
       0.89       1.19       0.98       0.92       0.81       0.49       0.48       0.63       0.48
       0.74       1.08       0.91       0.87       0.66       0.50       0.70       0.65       0.58
       0.28       0.65       0.81       0.94       0.74       0.18       0.55       0.50       0.65
       0.34       0.51       0.66       0.87       0.73       0.14       0.16       0.22       0.43
       0.44       0.44       0.48       0.77       0.58       0.10       0.02       0.21       0.53
       0.30       0.35       0.23       0.59       0.34       0.04       0.00       0.12       0.36
       0.25       0.21       0.23       0.16       0.04       0.01       0.00       0.00       0.01
       0.26       0.18       0.14       0.06       0.02       0.05       0.02       0.05       0.05
       0.16       0.14       0.07       0.09       0.04       0.07       0.08       0.12       0.11
       0.16       0.19       0.33       0.36       0.09       0.11       0.09       0.14       0.23
       0.29       0.61       0.90       0.78       0.24       0.32       0.14       0.05       0.09
       0.55       1.12       1.15       0.77       0.60       0.50       0.19       0.07       0.13
    950400    9   13
       0.13       0.27       0.42       0.30       0.26       0.19       0.23       0.27       0.27
       0.29       0.51       0.52       0.39       0.24       0.20       0.20       0.27       0.30
       0.15       0.40       0.54       0.48       0.30       0.22       0.30       0.21       0.48
       0.15       0.21       0.29       0.47       0.49       0.24       0.17       0.21       0.46
       0.16       0.10       0.19       0.38       0.43       0.18       0.04       0.10       0.13
       0.02       0.20       0.27       0.31       0.30       0.07       0.00       0.02       0.08
       0.04       0.13       0.22       0.22       0.21       0.04       0.01       0.04       0.08
       0.06       0.10       0.09       0.12       0.09       0.01       0.02       0.04       0.11
       0.20       0.21       0.18       0.16       0.14       0.02       0.01       0.01       0.02
       0.47       0.28       0.18       0.14       0.05       0.05       0.05       0.05       0.05
       0.41       0.13       0.12       0.14       0.02       0.04       0.03       0.04       0.06
       0.16       0.12       0.19       0.26       0.14       0.07       0.07       0.01       0.02
       0.14       0.14       0.47       0.61       0.47       0.25       0.19       0.02       0.00
   1036800    9   13
       0.55       0.45       0.30       0.58       0.39       0.13       0.24       0.23       0.08
       0.63       0.70       0.31       0.34       0.20       0.06       0.05       0.10       0.16
       0.79       0.82       0.50       0.36       0.17       0.12       0.11       0.10       0.25
       0.50       0.66       0.57       0.40       0.20       0.07       0.22       0.25       0.46
       0.51       0.57       0.45       0.50       0.32       0.07       0.15       0.19       0.44
       0.60       0.68       0.56       0.70       0.36       0.07       0.04       0.11       0.26
       0.29       0.45       0.45       0.59       0.36       0.03       0.01       0.04       0.08
       0.36       0.49       0.49       0.24       0.05       0.01       0.02       0.02       0.03
       0.29       0.40       0.24       0.06       0.02       0.04       0.01       0.01       0.02
       0.23       0.26       0.08       0.02       0.02       0.04       0.02       0.02       0.03
       0.23       0.06       0.03       0.03       0.02       0.00       0.00       0.00       0.00
       0.11       0.04       0.04       0.08       0.04       0.01       0.02       0.00       0.00
       0.01       0.03       0.09       0.21       0.17       0.06       0.02       0.00       0.01
   1123200    9   13
       1.16       1.08       0.75       0.40       0.37       0.49       0.70       0.44       0.25
       1.26       1.04       0.82       0.64       0.45       0.43       0.67       0.64       0.39
       1.16       0.91       0.97       0.99       1.09       1.58       0.85       0.58       0.61
       1.15       1.11       1.22       1.41       2.89       3.55       1.20       0.68       0.86
       1.27       1.09       1.09       1.45       2.66       2.53       0.90       0.67       0.95
       1.23       1.12       1.19       1.59       2.14       1.51       0.68       0.63       0.79
       0.86       0.76       0.98       1.07       1.14       0.69       0.43       0.32       0.33
       0.64       0.46       0.48       0.57       0.62       0.43       0.21       0.14       0.15
       0.42       0.21       0.18       0.36       0.39       0.24       0.27       0.32       0.29
       0.07       0.12       0.20       0.33       0.27       0.22       0.23       0.30       0.31
       0.03       0.12       0.26       0.38       0.20       0.12       0.10       0.14       0.08
       0.07       0.33       0.62       0.67       0.33       0.10       0.07       0.03       0.03
       0.38       0.58       0.88       0.76       0.50       0.34       0.11       0.04       0.11
   1209600    9   13
       0.57       0.76       0.96       0.78       0.52       0.41       0.50       0.52       0.50
       0.67       0.87       0.71       0.70       0.80       0.36       0.37       0.35       0.41
       0.58       0.59       0.54       0.62       1.14       1.40       0.74       0.36       0.47
       0.48       0.43       0.46       1.17       2.28       2.89       1.16       0.66       0.85
       0.34       0.40       0.69       1.26       1.73       1.22       0.39       0.49       0.81
       0.32       0.42       0.54       0.62       0.89       0.80       0.49       0.39       0.52
       0.31       0.32       0.29       0.33       0.59       0.78       0.80       0.56       0.47
       0.43       0.24       0.22       0.24       0.45       0.54       0.54       0.45       0.34
       0.42       0.32       0.30       0.35       0.43       0.39       0.32       0.33       0.27
       0.17       0.19       0.28       0.39       0.40       0.25       0.26       0.33       0.42
       0.18       0.28       0.35       0.41       0.35       0.28       0.27       0.41       0.49
       0.37       0.57       0.56       0.51       0.41       0.45       0.55       0.47       0.50
       0.73       0.77       0.74       0.78       0.80       0.73       0.91       1.09       0.92
   1296000    9   13
       0.21       0.19       0.26       0.19       0.14       0.11       0.11       0.14       0.11
       0.23       0.29       0.37       0.18       0.07       0.05       0.05       0.03       0.04
       0.17       0.35       0.46       0.15       0.08       0.08       0.06       0.02       0.06
       0.24       0.39       0.43       0.19       0.18       0.16       0.07       0.04       0.18
       0.42       0.35       0.33       0.20       0.30       0.29       0.10       0.07       0.26
       0.34       0.39       0.27       0.21       0.25       0.26       0.20       0.12       0.24
       0.26       0.33       0.30       0.27       0.24       0.21       0.30       0.22       0.21
       0.30       0.25       0.34       0.30       0.27       0.21       0.20       0.23       0.24
       0.33       0.26       0.22       0.19       0.25       0.23       0.19       0.16       0.16
       0.48       0.37       0.26       0.22       0.26       0.25       0.23       0.17       0.12
       0.44       0.34       0.35       0.28       0.30       0.23       0.15       0.13       0.12
       0.52       0.33       0.38       0.36       0.34       0.28       0.25       0.14       0.09
       0.54       0.36       0.26       0.31       0.42       0.36       0.29       0.22       0.15
