         0    9   13
       0.26       0.25       0.19       0.21       0.21       0.25       0.37       0.53       0.67
       0.35       0.42       0.39       0.26       0.17       0.30       0.36       0.53       0.78
       0.28       0.35       0.58       0.40       0.29       0.50       0.60       0.80       0.82
       0.13       0.18       0.38       0.40       0.21       0.51       0.58       0.89       0.90
       0.07       0.22       0.36       0.40       0.11       0.19       0.24       0.26       0.57
       0.20       0.20       0.29       0.39       0.09       0.08       0.13       0.07       0.30
       0.30       0.31       0.19       0.33       0.16       0.12       0.26       0.22       0.27
       0.26       0.34       0.26       0.18       0.13       0.10       0.13       0.21       0.22
       0.31       0.27       0.21       0.13       0.04       0.12       0.13       0.12       0.15
       0.21       0.15       0.09       0.07       0.04       0.20       0.09       0.16       0.18
       0.11       0.08       0.11       0.11       0.04       0.13       0.05       0.12       0.08
       0.04       0.13       0.20       0.24       0.15       0.12       0.06       0.05       0.08
       0.14       0.29       0.40       0.48       0.38       0.24       0.20       0.10       0.12
     86400    9   13
       0.44       0.57       0.81       1.24       1.36       1.54       1.87       2.33       1.77
       0.66       0.77       1.28       1.46       1.71       1.77       1.88       2.46       1.85
       0.78       1.23       1.88       1.86       2.17       1.99       1.69       2.05       2.35
       0.95       1.50       1.74       1.75       2.50       2.07       1.42       1.59       2.88
       1.05       1.32       1.29       1.46       2.09       1.63       1.03       1.20       2.19
       0.88       0.88       0.87       0.95       1.42       1.05       0.75       1.03       1.67
       0.55       0.51       0.52       0.61       0.79       0.69       0.58       0.90       1.38
       0.39       0.38       0.51       0.53       0.66       0.55       0.47       0.67       1.12
       0.38       0.40       0.51       0.65       0.64       0.37       0.35       0.49       0.80
       0.32       0.51       0.50       0.70       0.77       0.31       0.26       0.42       0.48
       0.30       0.50       0.73       0.97       0.81       0.40       0.22       0.26       0.32
       0.51       0.86       1.02       1.14       0.97       0.70       0.50       0.16       0.19
       1.11       1.36       1.16       0.95       1.23       1.01       0.62       0.28       0.25
    172800    9   13
       1.87       2.61       2.90       2.63       2.38       2.02       1.64       1.69       1.73
       4.27       4.42       3.45       2.34       1.92       1.85       1.88       2.45       2.74
       2.61       2.66       2.77       2.15       2.69       2.66       2.25       2.36       3.32
       2.07       3.33       4.61       3.60       4.64       3.47       2.15       2.82       3.99
       3.76       4.61       6.24       3.92       5.45       4.78       2.92       3.65       4.54
       4.84       4.95       6.39       3.97       5.16       5.38       3.82       3.57       3.84
       4.03       4.58       6.40       4.28       4.59       4.15       3.53       2.95       2.70
       3.81       4.09       5.69       4.54       3.55       2.57       2.44       2.39       2.28
       2.07       3.09       3.75       3.51       2.88       2.12       1.99       2.16       2.07
       1.77       2.59       2.68       2.60       2.64       1.67       1.21       1.20       1.12
       1.96       2.73       3.96       4.40       3.39       1.94       1.14       0.89       0.83
       2.00       2.77       4.01       4.87       4.07       2.68       1.94       0.95       0.75
       2.48       2.87       3.46       3.56       3.66       3.39       2.60       1.19       0.68
    259200    9   13
       0.48       0.43       0.53       0.41       0.40       0.40       0.28       0.32       0.55
       0.63       0.59       0.93       1.08       0.63       0.53       0.45       0.38       0.34
       0.76       0.58       1.27       1.62       0.93       0.85       0.63       0.37       0.33
       0.65       0.60       1.16       1.53       1.23       1.10       0.52       0.27       0.42
       0.57       0.59       1.02       1.30       1.07       0.99       0.57       0.33       0.47
       0.63       0.89       1.14       0.96       0.74       0.80       0.63       0.42       0.48
       1.09       1.12       0.99       0.70       0.54       0.55       0.39       0.24       0.21
       1.15       0.86       0.87       0.65       0.43       0.30       0.25       0.17       0.14
       0.88       1.07       0.90       0.62       0.37       0.24       0.26       0.26       0.18
       1.14       1.26       0.90       0.58       0.48       0.27       0.19       0.20       0.15
       1.16       1.23       1.07       0.76       0.51       0.23       0.12       0.09       0.09
       0.86       0.82       0.70       0.55       0.39       0.24       0.15       0.04       0.03
       0.70       0.49       0.38       0.32       0.38       0.39       0.21       0.10       0.07
    345600    9   13
       0.51       0.53       0.61       0.67       0.61       0.43       0.39       0.40       0.39
       0.66       0.70       0.80       0.71       0.60       0.49       0.39       0.30       0.35
       0.66       0.90       1.30       1.29       1.05       0.79       0.52       0.36       0.40
       0.73       0.89       1.21       1.16       1.10       0.98       0.62       0.52       0.58
       0.47       0.70       0.98       1.03       0.92       0.77       0.54       0.78       0.96
       0.30       0.42       0.68       0.82       0.83       0.59       0.43       0.66       0.93
       0.29       0.23       0.34       0.35       0.45       0.38       0.27       0.35       0.47
       0.20       0.20       0.25       0.15       0.14       0.14       0.16       0.17       0.15
       0.17       0.21       0.20       0.16       0.15       0.13       0.13       0.08       0.05
       0.08       0.18       0.22       0.22       0.26       0.17       0.08       0.07       0.06
       0.14       0.30       0.34       0.26       0.20       0.11       0.04       0.05       0.03
       0.17       0.30       0.36       0.30       0.20       0.19       0.13       0.04       0.04
       0.12       0.22       0.28       0.27       0.24       0.26       0.17       0.04       0.06
    432000    9   13
       1.10       1.26       1.09       0.70       0.35       0.23       0.22       0.42       0.61
       1.38       1.58       1.34       0.99       0.69       0.40       0.32       0.27       0.43
       1.40       1.58       1.36       1.07       0.95       0.53       0.36       0.30       0.31
       1.25       1.46       1.21       0.97       1.10       0.85       0.43       0.41       0.34
       1.18       1.31       1.22       0.95       0.80       0.68       0.54       0.48       0.41
       0.95       1.10       0.98       0.88       0.80       0.52       0.59       0.57       0.49
       0.72       0.84       0.78       0.70       0.65       0.41       0.43       0.53       0.42
       0.42       0.65       0.70       0.61       0.50       0.25       0.24       0.39       0.33
       0.34       0.38       0.44       0.46       0.38       0.19       0.18       0.24       0.29
       0.35       0.33       0.35       0.34       0.22       0.15       0.17       0.16       0.14
       0.31       0.29       0.32       0.38       0.22       0.17       0.18       0.10       0.10
       0.26       0.35       0.37       0.34       0.25       0.26       0.28       0.12       0.08
       0.23       0.38       0.35       0.25       0.23       0.14       0.20       0.21       0.14
    518400    9   13
       0.86       0.87       0.94       0.73       0.63       0.47       0.34       0.28       0.31
       0.81       0.76       0.86       1.03       0.74       0.46       0.38       0.28       0.23
       0.46       0.66       0.72       0.72       0.76       0.74       0.54       0.37       0.39
       0.26       0.36       0.64       0.86       0.71       0.75       0.67       0.58       0.58
       0.30       0.26       0.44       0.72       0.86       0.61       0.35       0.45       0.58
       0.35       0.30       0.30       0.35       0.41       0.42       0.31       0.27       0.30
       0.47       0.35       0.29       0.36       0.35       0.22       0.17       0.22       0.16
       0.33       0.36       0.31       0.28       0.35       0.24       0.13       0.13       0.13
       0.25       0.42       0.37       0.29       0.25       0.18       0.15       0.11       0.10
       0.41       0.48       0.45       0.40       0.31       0.22       0.17       0.09       0.09
       0.71       0.54       0.59       0.62       0.37       0.32       0.30       0.11       0.09
       1.19       1.48       1.05       0.74       0.57       0.51       0.46       0.32       0.16
       0.77       1.32       1.55       1.02       0.79       0.61       0.46       0.55       0.40
    604800    9   13
       0.74       0.49       0.57       0.80       0.73       0.54       0.51       0.49       0.48
       0.75       0.55       0.63       0.73       0.78       0.72       0.88       0.84       0.57
       0.83       0.65       0.81       0.82       0.71       0.73       0.74       0.80       0.77
       0.79       0.61       0.77       0.87       1.20       0.99       0.53       0.49       0.76
       0.71       0.57       0.66       0.69       1.11       1.30       0.57       0.36       0.38
       0.86       0.66       0.65       0.58       0.71       0.84       0.54       0.39       0.31
       1.28       0.92       0.64       0.78       0.80       0.47       0.29       0.24       0.21
       0.80       0.94       0.65       0.51       0.73       0.48       0.27       0.19       0.14
       0.58       0.59       0.60       0.36       0.22       0.20       0.19       0.13       0.11
       0.48       0.40       0.38       0.35       0.18       0.06       0.07       0.08       0.05
       0.16       0.19       0.25       0.43       0.33       0.18       0.07       0.05       0.10
       0.09       0.07       0.12       0.22       0.28       0.25       0.16       0.05       0.04
       0.10       0.04       0.06       0.10       0.10       0.17       0.16       0.07       0.04
    691200    9   13
       0.39       0.27       0.14       0.09       0.07       0.09       0.23       0.36       0.46
       0.41       0.68       0.70       0.47       0.15       0.16       0.32       0.40       0.37
       0.39       0.82       1.20       1.21       0.62       0.31       0.38       0.36       0.35
       0.59       0.68       1.04       1.75       1.33       0.62       0.26       0.33       0.42
       0.62       0.50       0.60       1.00       1.33       0.87       0.24       0.27       0.30
       0.68       0.53       0.41       0.43       0.57       0.52       0.24       0.15       0.19
       0.89       0.68       0.51       0.55       0.48       0.36       0.18       0.13       0.11
       0.57       0.70       0.68       0.74       0.71       0.47       0.29       0.18       0.08
       0.45       0.57       0.64       0.69       0.55       0.33       0.28       0.22       0.15
       0.57       0.60       0.57       0.51       0.42       0.28       0.18       0.16       0.11
       0.44       0.45       0.55       0.67       0.45       0.36       0.17       0.04       0.05
       0.22       0.29       0.35       0.46       0.41       0.43       0.37       0.16       0.08
       0.12       0.13       0.14       0.12       0.13       0.16       0.22       0.18       0.15
    777600    9   13
       0.22       0.12       0.22       0.42       0.34       0.22       0.25       0.30       0.32
       0.17       0.18       0.23       0.37       0.22       0.21       0.34       0.33       0.23
       0.12       0.23       0.27       0.35       0.21       0.16       0.39       0.26       0.32
       0.09       0.16       0.20       0.32       0.33       0.14       0.12       0.18       0.42
       0.11       0.13       0.15       0.26       0.34       0.12       0.02       0.07       0.36
       0.14       0.14       0.11       0.16       0.30       0.14       0.01       0.03       0.13
       0.15       0.12       0.11       0.21       0.24       0.12       0.01       0.02       0.03
       0.12       0.06       0.17       0.17       0.17       0.09       0.04       0.03       0.02
       0.03       0.05       0.10       0.14       0.11       0.02       0.05       0.09       0.06
       0.03       0.07       0.12       0.15       0.11       0.04       0.06       0.10       0.11
       0.04       0.12       0.20       0.22       0.11       0.07       0.03       0.03       0.06
       0.09       0.22       0.33       0.31       0.27       0.23       0.16       0.01       0.03
       0.09       0.15       0.21       0.22       0.32       0.33       0.25       0.07       0.05
    864000    9   13
       0.06       0.01       0.02       0.03       0.04       0.02       0.02       0.03       0.03
       0.02       0.01       0.02       0.03       0.02       0.01       0.02       0.02       0.01
       0.01       0.01       0.01       0.04       0.02       0.01       0.02       0.01       0.03
       0.05       0.03       0.02       0.03       0.10       0.06       0.01       0.01       0.06
       0.05       0.06       0.05       0.04       0.11       0.09       0.00       0.01       0.03
       0.02       0.02       0.03       0.04       0.11       0.08       0.01       0.01       0.01
       0.02       0.05       0.06       0.16       0.16       0.06       0.01       0.01       0.01
       0.10       0.12       0.13       0.16       0.17       0.06       0.02       0.02       0.01
       0.21       0.22       0.19       0.14       0.10       0.03       0.04       0.07       0.03
       0.27       0.24       0.15       0.12       0.09       0.02       0.07       0.08       0.04
       0.14       0.16       0.18       0.20       0.08       0.03       0.02       0.03       0.04
       0.07       0.13       0.20       0.26       0.18       0.16       0.14       0.01       0.02
       0.10       0.11       0.14       0.15       0.26       0.22       0.15       0.02       0.02
    950400    9   13
       0.12       0.02       0.04       0.08       0.05       0.02       0.02       0.05       0.03
       0.18       0.05       0.05       0.15       0.05       0.03       0.09       0.11       0.02
       0.14       0.08       0.13       0.19       0.07       0.05       0.16       0.05       0.07
       0.06       0.08       0.15       0.23       0.25       0.12       0.04       0.01       0.13
       0.08       0.09       0.12       0.19       0.28       0.17       0.01       0.04       0.10
       0.12       0.12       0.10       0.13       0.29       0.18       0.04       0.13       0.14
       0.06       0.06       0.09       0.24       0.29       0.20       0.12       0.15       0.13
       0.01       0.05       0.13       0.17       0.17       0.12       0.10       0.10       0.13
       0.03       0.10       0.13       0.15       0.13       0.05       0.12       0.16       0.11
       0.09       0.12       0.13       0.17       0.14       0.05       0.13       0.15       0.14
       0.08       0.06       0.10       0.16       0.08       0.05       0.04       0.06       0.07
       0.04       0.02       0.03       0.08       0.07       0.09       0.09       0.02       0.02
       0.00       0.00       0.00       0.02       0.05       0.07       0.08       0.03       0.04
   1036800    9   13
       0.18       0.08       0.15       0.22       0.23       0.18       0.19       0.26       0.24
       0.25       0.08       0.13       0.21       0.06       0.11       0.30       0.31       0.26
       0.36       0.15       0.08       0.11       0.03       0.10       0.30       0.18       0.29
       0.30       0.21       0.11       0.19       0.14       0.07       0.15       0.18       0.34
       0.17       0.19       0.15       0.43       0.30       0.13       0.15       0.33       0.40
       0.30       0.25       0.16       0.38       0.29       0.15       0.23       0.47       0.42
       0.22       0.19       0.14       0.22       0.12       0.10       0.22       0.28       0.31
       0.12       0.18       0.28       0.23       0.14       0.09       0.16       0.22       0.24
       0.14       0.27       0.30       0.23       0.12       0.14       0.21       0.28       0.28
       0.17       0.28       0.28       0.27       0.18       0.16       0.16       0.20       0.16
       0.19       0.22       0.29       0.25       0.14       0.09       0.06       0.16       0.20
       0.26       0.26       0.39       0.29       0.17       0.28       0.15       0.11       0.12
       0.36       0.44       0.49       0.38       0.41       0.43       0.19       0.11       0.13
   1123200    9   13
       0.76       0.48       0.61       0.69       0.40       0.35       0.38       0.33       0.26
       0.57       0.41       0.49       0.46       0.23       0.46       0.49       0.35       0.23
       0.65       0.41       0.42       0.40       0.14       0.36       0.41       0.13       0.26
       0.34       0.33       0.42       0.45       0.27       0.16       0.11       0.09       0.38
       0.25       0.22       0.28       0.38       0.23       0.08       0.07       0.11       0.23
       0.23       0.13       0.16       0.25       0.25       0.12       0.20       0.14       0.15
       0.15       0.12       0.14       0.21       0.11       0.07       0.06       0.02       0.06
       0.14       0.16       0.16       0.04       0.01       0.01       0.00       0.01       0.13
       0.13       0.10       0.05       0.01       0.01       0.02       0.04       0.05       0.22
       0.07       0.12       0.08       0.04       0.03       0.11       0.13       0.20       0.28
       0.11       0.27       0.27       0.10       0.15       0.23       0.16       0.40       0.48
       0.19       0.40       0.47       0.37       0.33       0.35       0.23       0.27       0.24
       0.34       0.52       0.49       0.54       0.57       0.40       0.11       0.13       0.16
   1209600    9   13
       0.15       0.10       0.06       0.11       0.10       0.04       0.02       0.01       0.01
       0.16       0.12       0.04       0.13       0.04       0.02       0.06       0.02       0.01
       0.25       0.20       0.08       0.08       0.02       0.07       0.13       0.03       0.05
       0.22       0.20       0.17       0.13       0.14       0.08       0.05       0.01       0.04
       0.10       0.11       0.15       0.22       0.09       0.05       0.01       0.02       0.02
       0.08       0.08       0.07       0.18       0.05       0.02       0.02       0.02       0.01
       0.07       0.06       0.03       0.08       0.03       0.01       0.00       0.00       0.00
       0.06       0.06       0.06       0.02       0.01       0.00       0.00       0.00       0.00
       0.05       0.04       0.03       0.01       0.00       0.00       0.00       0.01       0.01
       0.03       0.04       0.03       0.01       0.01       0.02       0.02       0.01       0.02
       0.02       0.04       0.04       0.02       0.01       0.01       0.01       0.01       0.05
       0.06       0.16       0.22       0.09       0.05       0.09       0.04       0.02       0.08
       0.33       0.41       0.43       0.30       0.24       0.27       0.05       0.03       0.08
   1296000    9   13
       0.06       0.02       0.03       0.03       0.02       0.01       0.02       0.02       0.01
       0.04       0.01       0.01       0.02       0.01       0.01       0.03       0.02       0.00
       0.01       0.01       0.02       0.05       0.01       0.02       0.03       0.00       0.01
       0.01       0.01       0.03       0.07       0.03       0.02       0.01       0.00       0.01
       0.01       0.01       0.02       0.04       0.01       0.01       0.00       0.00       0.00
       0.01       0.02       0.01       0.01       0.00       0.00       0.00       0.00       0.01
       0.01       0.01       0.00       0.00       0.00       0.00       0.00       0.00       0.00
       0.00       0.00       0.00       0.00       0.00       0.00       0.00       0.00       0.00
       0.00       0.00       0.01       0.01       0.00       0.00       0.01       0.00       0.00
       0.00       0.01       0.01       0.01       0.01       0.01       0.04       0.03       0.02
       0.01       0.02       0.02       0.02       0.01       0.01       0.02       0.04       0.05
       0.01       0.04       0.12       0.14       0.05       0.12       0.05       0.03       0.02
       0.02       0.15       0.37       0.29       0.16       0.28       0.09       0.04       0.03
