         0    9   13
       0.26       0.33       0.56       0.57       0.52       0.41       0.34       0.30       0.32
       0.34       0.55       1.17       1.16       0.65       0.42       0.35       0.44       0.63
       1.15       1.67       2.42       1.51       0.64       0.63       0.68       1.05       1.04
       1.85       1.41       1.43       0.79       0.57       0.74       1.01       1.15       1.23
       1.55       0.75       0.77       0.53       0.61       0.96       1.07       0.68       0.76
       0.68       0.69       0.87       0.55       0.74       0.99       0.76       0.41       0.42
       0.54       0.82       1.24       0.73       0.96       1.02       0.46       0.32       0.40
       0.71       0.86       1.39       1.29       1.24       0.88       0.35       0.51       0.68
       0.59       0.89       1.20       1.71       1.45       0.90       0.51       1.13       1.32
       0.85       1.02       1.10       1.67       1.66       1.01       1.55       1.76       2.06
       0.93       0.86       1.09       1.48       1.94       1.69       2.72       1.62       1.46
       0.70       0.72       0.90       1.06       1.30       1.36       2.03       1.10       1.04
       0.26       0.24       0.51       0.82       0.90       0.77       0.85       0.67       0.53
     86400    9   13
       0.86       0.91       1.11       0.84       1.02       1.33       1.53       1.44       1.25
       1.92       1.09       1.80       1.31       1.67       1.90       1.41       1.88       1.88
       1.68       1.77       1.96       1.26       2.06       2.39       1.38       2.40       2.57
       1.06       1.05       1.26       0.91       2.40       2.63       1.73       2.73       2.78
       1.14       1.12       1.24       1.05       2.09       2.29       2.40       2.78       2.26
       1.52       2.06       1.79       1.33       2.35       3.18       3.08       2.03       1.36
       2.29       2.34       1.97       1.84       1.83       2.71       2.07       1.24       0.90
       1.95       1.62       1.93       1.44       1.19       1.79       1.08       0.83       0.74
       1.27       1.49       1.80       1.15       1.41       1.43       1.02       0.73       0.72
       1.02       1.20       1.38       1.59       1.86       1.55       1.15       0.85       0.83
       0.81       0.94       1.25       1.42       1.43       1.62       1.49       1.09       0.92
       0.96       1.03       1.04       1.21       1.52       1.99       1.48       0.78       0.84
       1.06       1.36       1.57       2.18       2.55       2.35       0.73       0.32       0.62
    172800    9   13
       0.55       0.36       0.68       0.36       0.49       0.38       0.45       0.62       0.58
       0.54       0.34       0.61       0.31       0.41       0.46       0.54       0.50       0.41
       0.22       0.27       0.36       0.27       0.26       0.35       0.60       0.51       0.42
       0.20       0.28       0.39       0.27       0.24       0.24       0.57       0.48       0.24
       0.14       0.20       0.41       0.22       0.18       0.35       0.74       0.46       0.26
       0.11       0.17       0.32       0.30       0.29       0.61       0.91       0.46       0.32
       0.12       0.22       0.29       0.36       0.41       0.48       0.59       0.29       0.24
       0.11       0.13       0.28       0.35       0.35       0.36       0.34       0.22       0.10
       0.07       0.08       0.21       0.31       0.29       0.30       0.38       0.31       0.14
       0.11       0.13       0.21       0.26       0.26       0.18       0.36       0.29       0.14
       0.09       0.12       0.15       0.14       0.15       0.13       0.24       0.33       0.26
       0.12       0.17       0.19       0.15       0.24       0.27       0.16       0.20       0.32
       0.19       0.15       0.15       0.12       0.43       0.56       0.22       0.17       0.39
    259200    9   13
       0.47       0.24       0.36       0.32       0.28       0.33       0.36       0.40       0.38
       0.27       0.25       0.19       0.21       0.26       0.41       0.37       0.30       0.48
       0.46       0.27       0.31       0.28       0.27       0.45       0.52       0.54       1.25
       0.39       0.17       0.22       0.16       0.07       0.15       0.43       0.89       1.04
       0.35       0.22       0.28       0.12       0.03       0.09       0.25       0.55       0.66
       0.40       0.29       0.24       0.18       0.11       0.38       0.84       0.83       0.75
       0.41       0.23       0.15       0.27       0.24       0.52       0.82       0.74       0.75
       0.17       0.15       0.20       0.26       0.23       0.21       0.31       0.31       0.55
       0.03       0.12       0.11       0.12       0.11       0.06       0.14       0.19       0.41
       0.01       0.05       0.05       0.09       0.06       0.09       0.06       0.10       0.43
       0.00       0.01       0.02       0.05       0.03       0.02       0.02       0.02       0.15
       0.00       0.00       0.02       0.02       0.01       0.01       0.02       0.01       0.04
       0.01       0.00       0.01       0.03       0.02       0.01       0.03       0.04       0.15
    345600    9   13
       0.11       0.31       0.39       0.40       0.49       0.42       0.34       0.47       0.30
       0.30       0.39       0.44       0.38       0.45       0.41       0.47       0.50       0.35
       0.42       0.47       0.56       0.45       0.58       0.59       0.54       0.54       0.37
       0.46       0.45       0.55       0.58       0.65       0.66       0.34       0.39       0.66
       0.55       0.41       0.51       0.41       0.50       0.56       0.30       0.32       0.59
       0.54       0.46       0.62       0.35       0.54       0.55       0.37       0.29       0.41
       0.47       0.34       0.42       0.24       0.36       0.45       0.42       0.24       0.43
       0.23       0.12       0.25       0.27       0.28       0.33       0.37       0.28       0.22
       0.04       0.06       0.20       0.25       0.26       0.35       0.27       0.27       0.33
       0.22       0.23       0.29       0.39       0.36       0.43       0.32       0.36       0.34
       0.41       0.29       0.44       0.43       0.51       0.52       0.47       0.33       0.23
       0.31       0.18       0.28       0.33       0.33       0.39       0.45       0.32       0.21
       0.16       0.18       0.22       0.16       0.16       0.21       0.33       0.31       0.24
    432000    9   13
       0.10       0.31       0.39       0.28       0.31       0.32       0.38       0.35       0.20
       0.05       0.38       0.68       0.34       0.36       0.34       0.29       0.18       0.16
       0.03       0.17       0.62       0.27       0.31       0.43       0.28       0.10       0.12
       0.12       0.13       0.40       0.30       0.19       0.36       0.20       0.05       0.20
       0.26       0.30       0.47       0.29       0.16       0.30       0.27       0.06       0.07
       0.40       0.35       0.29       0.17       0.15       0.33       0.28       0.20       0.09
       0.40       0.23       0.29       0.22       0.34       0.33       0.14       0.25       0.14
       0.31       0.12       0.37       0.35       0.35       0.32       0.15       0.15       0.22
       0.24       0.15       0.27       0.26       0.27       0.26       0.16       0.20       0.39
       0.15       0.15       0.27       0.41       0.52       0.24       0.20       0.36       0.49
       0.11       0.16       0.24       0.47       0.57       0.39       0.30       0.30       0.35
       0.19       0.15       0.21       0.61       0.52       0.25       0.24       0.14       0.19
       0.12       0.18       0.43       0.84       0.44       0.08       0.09       0.13       0.08
    518400    9   13
       0.82       0.93       0.80       0.55       0.55       0.39       0.36       0.23       0.17
       1.50       1.36       1.18       0.90       0.70       0.42       0.25       0.15       0.11
       1.58       1.37       1.74       1.33       1.12       0.93       0.45       0.30       0.30
       1.10       1.36       1.57       1.32       1.21       1.01       0.50       0.31       0.33
       1.52       1.47       1.55       1.31       1.35       1.28       0.70       0.52       0.37
       1.65       1.63       1.95       1.78       1.78       1.46       0.95       0.83       0.72
       1.81       1.67       2.01       2.27       2.60       2.04       1.45       1.33       1.05
       1.47       1.89       2.18       2.54       2.59       2.07       2.10       1.98       1.63
       2.41       3.01       2.88       4.00       3.05       2.48       3.21       2.78       1.91
       6.13       5.42       4.21       3.52       3.46       3.73       4.63       3.70       2.34
       5.79       3.65       3.51       3.62       3.44       5.17       5.44       4.29       2.97
       2.51       1.68       2.57       3.64       3.89       6.20       5.80       3.77       2.73
       0.95       1.32       1.86       2.88       3.73       3.79       2.90       2.11       1.57
    604800    9   13
       0.29       0.21       0.15       0.13       0.09       0.12       0.14       0.20       0.28
       0.22       0.15       0.17       0.16       0.07       0.08       0.14       0.26       0.45
       0.22       0.11       0.12       0.17       0.10       0.09       0.12       0.17       0.31
       0.32       0.16       0.13       0.15       0.09       0.17       0.20       0.35       0.39
       0.71       0.40       0.27       0.24       0.14       0.28       0.28       0.42       0.65
       1.15       0.82       0.56       0.48       0.32       0.45       0.46       0.40       0.78
       1.17       2.01       1.26       0.76       0.62       0.61       0.65       0.37       0.67
       0.56       1.58       2.03       1.47       0.93       0.71       0.53       0.37       0.49
       0.56       0.58       1.26       1.52       1.07       0.65       0.33       0.42       0.54
       0.92       0.48       0.41       1.05       0.84       0.44       0.39       0.55       0.71
       0.56       0.59       0.68       1.45       0.63       0.42       0.53       0.59       0.86
       0.46       0.66       0.75       0.79       0.53       0.71       0.53       0.57       0.52
       0.42       0.53       0.77       0.78       0.80       0.86       0.56       0.72       0.43
    691200    9   13
       0.30       0.31       0.43       0.29       0.26       0.27       0.27       0.23       0.14
       0.26       0.22       0.29       0.15       0.22       0.52       0.32       0.18       0.26
       0.26       0.14       0.34       0.16       0.23       0.47       0.27       0.25       0.42
       0.26       0.20       0.34       0.14       0.20       0.27       0.31       0.35       0.36
       0.18       0.27       0.38       0.35       0.32       0.34       0.44       0.34       0.49
       0.23       0.39       0.49       0.52       0.56       0.48       0.50       0.58       0.77
       0.26       0.52       0.55       0.62       0.44       0.36       0.53       0.86       0.89
       0.29       0.34       0.56       0.55       0.37       0.39       0.65       0.77       0.76
       0.39       0.53       0.75       0.83       0.65       0.80       0.81       0.62       0.56
       0.61       0.85       1.20       1.19       1.07       0.85       0.88       0.60       0.62
       0.97       1.76       2.86       2.38       1.42       0.74       0.82       0.74       0.56
       1.40       1.93       2.68       3.92       1.57       0.80       0.58       0.46       0.55
       1.34       1.68       2.11       3.40       1.59       0.63       0.49       0.41       0.55
    777600    9   13
       0.76       0.38       0.78       0.61       0.52       0.42       0.47       0.56       0.35
       0.50       0.29       0.64       0.45       0.41       0.48       0.75       0.55       0.41
       0.85       0.43       0.52       0.36       0.26       0.54       0.79       0.39       0.52
       0.94       0.58       0.69       0.61       0.69       0.62       0.61       0.43       0.65
       0.64       0.56       0.91       0.95       1.14       0.67       0.64       0.87       0.92
       0.82       0.61       1.11       0.69       0.59       0.77       0.86       1.24       1.76
       0.55       0.49       0.76       0.38       0.21       0.41       0.84       1.96       2.21
       0.41       0.35       0.41       0.09       0.07       0.18       0.69       1.34       1.42
       0.31       0.23       0.28       0.11       0.11       0.40       0.91       1.01       1.58
       0.11       0.16       0.40       0.35       0.33       0.46       1.07       0.96       1.09
       0.17       0.45       0.78       0.53       0.26       0.25       0.48       0.57       0.68
       0.70       1.12       0.88       0.76       0.88       0.58       0.44       0.40       0.42
       0.88       1.13       1.48       2.07       1.57       0.58       0.17       0.28       0.43
    864000    9   13
       0.39       0.29       0.66       0.77       0.82       0.73       0.78       0.62       0.40
       0.42       0.34       0.74       0.76       0.68       0.84       0.72       0.45       0.41
       0.26       0.41       0.83       0.66       0.58       0.84       0.45       0.20       0.37
       0.23       0.35       0.61       0.68       0.55       0.54       0.27       0.25       0.33
       0.21       0.31       0.51       0.49       0.47       0.40       0.45       1.16       1.86
       0.40       0.54       0.72       0.27       0.40       0.44       1.62       2.30       1.40
       0.96       0.97       1.08       0.36       0.40       0.79       2.77       2.62       0.83
       0.45       0.51       0.49       0.24       0.28       0.77       1.41       1.07       0.38
       0.29       0.40       0.52       0.59       0.26       0.61       0.92       0.74       0.41
       0.25       0.33       0.43       0.72       0.70       1.01       0.83       0.61       0.34
       0.17       0.28       0.34       0.59       0.78       0.61       0.46       0.34       0.22
       0.32       0.58       0.92       1.70       1.21       0.89       0.72       0.36       0.21
       0.26       0.54       1.00       1.45       0.88       0.57       0.21       0.08       0.17
    950400    9   13
       0.39       0.33       0.35       0.19       0.29       0.29       0.26       0.29       0.40
       0.32       0.30       0.39       0.40       0.33       0.21       0.24       0.28       0.37
       0.40       0.32       0.48       0.48       0.27       0.28       0.40       0.35       0.44
       0.28       0.33       0.36       0.33       0.22       0.28       0.30       0.28       0.48
       0.27       0.40       0.56       0.40       0.21       0.20       0.21       0.17       0.31
       0.52       1.05       1.29       0.88       0.27       0.32       0.41       0.19       0.15
       0.49       0.29       0.29       0.26       0.27       0.27       0.25       0.14       0.20
       0.31       0.26       0.17       0.14       0.20       0.18       0.17       0.27       0.25
       0.37       0.70       0.26       0.17       0.29       0.27       0.22       0.20       0.14
       0.24       0.27       0.25       0.29       0.29       0.20       0.15       0.18       0.19
       0.03       0.02       0.13       0.33       0.37       0.22       0.16       0.14       0.19
       0.04       0.02       0.05       0.14       0.17       0.16       0.15       0.05       0.10
       0.09       0.02       0.04       0.15       0.22       0.16       0.09       0.06       0.04
   1036800    9   13
       0.47       0.48       0.53       0.39       0.88       1.43       0.90       0.31       0.19
       0.39       0.48       0.49       0.29       0.67       1.48       1.26       0.53       0.23
       0.46       0.49       0.88       0.54       0.35       0.59       0.65       0.52       0.38
       0.57       0.47       0.46       0.40       0.25       0.42       0.84       0.74       0.79
       0.46       0.46       0.47       0.40       0.24       0.17       0.39       0.51       0.41
       0.71       0.67       0.42       0.45       0.37       0.21       0.12       0.08       0.07
       0.50       0.57       0.50       0.49       0.36       0.24       0.10       0.04       0.04
       0.28       0.44       0.40       0.21       0.19       0.14       0.15       0.14       0.06
       0.59       0.44       0.30       0.23       0.12       0.09       0.14       0.18       0.16
       0.51       0.42       0.49       0.37       0.13       0.03       0.05       0.04       0.09
       0.20       0.21       0.30       0.22       0.12       0.06       0.02       0.01       0.02
       0.08       0.29       0.45       0.34       0.22       0.19       0.05       0.01       0.03
       0.29       0.79       0.95       0.67       0.45       0.27       0.07       0.02       0.03
   1123200    9   13
       0.59       0.42       0.37       0.30       0.27       0.32       0.29       0.36       0.29
       0.40       0.23       0.31       0.32       0.17       0.21       0.40       0.52       0.51
       0.52       0.32       0.24       0.34       0.10       0.26       0.82       0.83       0.68
       0.82       0.72       0.53       0.66       0.48       0.37       0.67       0.66       0.86
       1.01       0.71       0.67       0.96       0.64       0.40       0.53       0.79       0.90
       1.14       0.81       0.56       0.62       0.49       0.28       0.45       0.77       0.81
       0.64       0.59       0.48       0.36       0.24       0.22       0.44       0.41       0.39
       0.52       0.53       0.62       0.43       0.20       0.08       0.21       0.23       0.19
       0.53       0.45       0.33       0.33       0.24       0.05       0.05       0.39       0.49
       0.49       0.33       0.29       0.40       0.48       0.22       0.03       0.21       0.61
       0.24       0.46       0.48       0.54       0.34       0.24       0.08       0.15       0.42
       0.63       1.01       1.14       1.20       0.54       0.32       0.14       0.05       0.16
       0.79       1.42       1.50       1.52       0.87       0.39       0.12       0.10       0.15
   1209600    9   13
       0.47       0.31       0.41       0.36       0.39       0.44       0.39       0.19       0.08
       0.50       0.43       0.43       0.45       0.41       0.69       0.57       0.16       0.24
       0.38       0.39       0.48       0.39       0.35       0.67       0.57       0.29       0.42
       0.42       0.41       0.51       0.51       0.34       0.45       0.50       0.48       0.46
       0.46       0.37       0.58       0.60       0.36       0.39       0.68       0.58       0.55
       0.45       0.34       0.45       0.55       0.44       0.37       0.64       0.74       0.72
       0.39       0.37       0.33       0.39       0.33       0.30       0.39       0.51       0.66
       0.37       0.32       0.37       0.24       0.18       0.14       0.34       0.51       0.61
       0.30       0.30       0.27       0.19       0.09       0.19       0.43       0.69       0.83
       0.34       0.44       0.24       0.14       0.18       0.36       0.32       0.44       0.81
       0.41       0.64       0.36       0.28       0.35       0.26       0.22       0.35       0.62
       0.85       0.87       0.65       0.51       0.42       0.38       0.17       0.18       0.31
       0.79       0.54       0.67       0.61       0.64       0.68       0.27       0.23       0.30
   1296000    9   13
       0.30       0.22       0.26       0.12       0.10       0.12       0.09       0.09       0.11
       0.31       0.18       0.28       0.14       0.12       0.19       0.19       0.08       0.12
       0.27       0.21       0.25       0.15       0.18       0.34       0.31       0.16       0.35
       0.25       0.19       0.26       0.31       0.20       0.36       0.38       0.39       0.29
       0.27       0.24       0.37       0.43       0.40       0.37       0.47       0.49       0.46
       0.50       0.41       0.43       0.42       0.52       0.54       0.48       0.43       0.53
       0.48       0.49       0.44       0.40       0.41       0.53       0.52       0.45       0.48
       0.37       0.48       0.52       0.22       0.10       0.33       0.43       0.45       0.58
       0.30       0.37       0.36       0.26       0.22       0.55       0.65       0.73       0.86
       0.39       0.60       0.52       0.42       0.41       0.68       0.86       0.99       1.23
       0.55       0.67       0.86       0.77       0.66       0.45       0.63       0.74       0.93
       0.58       0.90       1.45       1.26       0.80       0.55       0.49       0.46       0.45
       0.83       0.94       1.04       0.89       1.01       0.70       0.26       0.29       0.22
