         0    9   13
       0.00       0.00       0.00       0.00       0.00       0.00       0.00       0.00       0.00
       0.00       0.00       0.00       0.00       0.00       0.00       0.00       0.00       0.01
       0.00       0.00       0.01       0.00       0.01       0.00       0.00       0.00       0.03
       0.00       0.01       0.06       0.03       0.06       0.01       0.00       0.02       0.06
       0.00       0.00       0.07       0.03       0.07       0.01       0.00       0.02       0.07
       0.00       0.01       0.08       0.02       0.05       0.01       0.00       0.00       0.00
       0.00       0.01       0.09       0.06       0.07       0.04       0.00       0.01       0.02
       0.00       0.05       0.13       0.03       0.05       0.02       0.00       0.07       0.10
       0.01       0.11       0.21       0.02       0.01       0.01       0.01       0.10       0.12
       0.06       0.13       0.06       0.03       0.05       0.01       0.01       0.08       0.15
       0.33       0.26       0.16       0.22       0.18       0.04       0.02       0.04       0.09
       0.26       0.24       0.15       0.21       0.23       0.13       0.16       0.01       0.04
       0.15       0.14       0.05       0.11       0.32       0.12       0.19       0.15       0.11
     86400    9   13
       0.00       0.00       0.00       0.00       0.01       0.01       0.00       0.01       0.01
       0.00       0.00       0.00       0.01       0.03       0.01       0.00       0.02       0.01
       0.01       0.01       0.01       0.02       0.07       0.03       0.02       0.03       0.07
       0.01       0.01       0.05       0.09       0.34       0.22       0.08       0.12       0.39
       0.00       0.01       0.05       0.09       0.37       0.24       0.14       0.32       0.68
       0.00       0.01       0.04       0.02       0.13       0.18       0.24       0.29       0.26
       0.05       0.03       0.09       0.03       0.05       0.10       0.09       0.07       0.05
       0.14       0.21       0.35       0.03       0.03       0.03       0.21       0.25       0.07
       0.17       0.26       0.18       0.10       0.10       0.02       0.56       0.59       0.20
       0.05       0.06       0.10       0.29       0.76       0.07       0.08       0.16       0.16
       0.16       0.14       0.21       0.81       1.08       0.22       0.21       0.03       0.04
       0.44       0.11       0.14       0.64       0.68       0.38       0.64       0.05       0.09
       0.22       0.21       0.10       0.13       0.66       0.22       0.53       0.14       0.08
    172800    9   13
       0.00       0.00       0.00       0.00       0.00       0.00       0.00       0.00       0.00
       0.01       0.00       0.00       0.01       0.01       0.02       0.01       0.00       0.00
       0.01       0.00       0.01       0.04       0.03       0.03       0.05       0.04       0.14
       0.00       0.00       0.02       0.06       0.13       0.08       0.08       0.43       1.48
       0.01       0.02       0.02       0.04       0.19       0.09       0.10       0.23       0.98
       0.04       0.08       0.02       0.04       0.07       0.20       0.16       0.34       1.21
       0.06       0.04       0.01       0.02       0.02       0.04       0.14       0.35       0.66
       0.02       0.03       0.05       0.02       0.01       0.01       0.02       0.06       0.12
       0.01       0.07       0.07       0.05       0.02       0.02       0.01       0.00       0.00
       0.01       0.08       0.06       0.15       0.17       0.03       0.01       0.02       0.03
       0.02       0.03       0.05       0.34       0.47       0.14       0.21       0.03       0.03
       0.07       0.03       0.04       0.28       0.40       0.32       0.34       0.04       0.00
       0.03       0.02       0.03       0.15       0.38       0.14       0.13       0.04       0.01
    259200    9   13
       0.09       0.13       0.08       0.14       0.37       0.37       0.34       0.26       0.24
       0.15       0.07       0.08       0.18       0.33       0.51       0.59       0.43       0.16
       0.15       0.08       0.15       0.21       0.30       0.76       1.55       0.79       0.24
       0.11       0.12       0.24       0.25       0.36       0.86       1.15       1.08       0.49
       0.26       0.18       0.17       0.27       0.47       0.82       0.90       0.74       0.61
       0.28       0.25       0.36       0.30       0.40       0.62       0.63       0.61       0.72
       0.36       0.39       0.48       0.47       0.49       0.55       0.52       0.39       0.43
       0.27       0.31       0.28       0.29       0.40       0.28       0.25       0.42       0.28
       0.14       0.14       0.08       0.07       0.18       0.19       0.20       0.21       0.23
       0.12       0.09       0.11       0.11       0.12       0.13       0.19       0.14       0.19
       0.12       0.18       0.20       0.32       0.16       0.16       0.18       0.19       0.51
       0.10       0.18       0.22       0.24       0.12       0.23       0.36       0.27       0.34
       0.10       0.11       0.20       0.26       0.24       0.14       0.21       0.35       0.55
    345600    9   13
       0.45       0.10       0.17       0.18       0.52       0.38       0.37       0.34       0.35
       0.01       0.05       0.39       0.34       0.47       0.62       0.68       0.39       0.24
       0.02       0.03       0.32       0.26       0.48       0.60       0.71       0.55       0.15
       0.02       0.01       0.30       0.20       0.47       0.94       1.02       0.52       0.32
       0.01       0.01       0.15       0.02       0.42       1.40       1.53       0.69       0.47
       0.04       0.00       0.05       0.10       0.29       1.14       1.37       1.78       1.17
       0.20       0.18       0.22       0.55       0.53       0.75       0.74       1.27       1.64
       0.25       0.40       0.43       0.45       0.42       0.52       0.54       1.71       2.84
       0.88       0.67       0.51       0.36       0.19       0.30       0.48       1.20       2.01
       2.76       0.55       0.54       0.54       0.43       0.32       0.90       1.74       2.51
       1.40       0.32       0.73       0.72       0.64       0.33       0.58       1.26       3.51
       1.59       0.64       0.50       0.59       0.65       0.68       0.83       1.51       2.59
       0.73       0.48       0.71       1.03       0.64       0.63       0.71       0.99       2.46
    432000    9   13
       0.42       0.78       1.10       0.85       0.91       0.83       0.73       0.54       0.34
       0.20       0.43       0.80       0.80       0.67       0.71       0.75       0.37       0.28
       0.10       0.24       0.65       0.72       0.72       0.67       0.49       0.20       0.14
       0.14       0.29       0.70       0.74       0.65       0.64       0.36       0.22       0.20
       0.46       0.42       0.56       0.43       0.41       0.46       0.30       0.27       0.31
       0.51       0.44       0.35       0.14       0.16       0.37       0.33       0.32       0.29
       0.31       0.16       0.14       0.06       0.15       0.33       0.46       0.41       0.44
       0.19       0.10       0.21       0.09       0.11       0.26       0.49       0.48       0.67
       0.38       0.31       0.24       0.11       0.11       0.47       0.65       0.56       0.85
       0.76       0.56       0.32       0.13       0.32       0.60       0.49       0.65       0.87
       0.65       0.46       0.34       0.20       0.23       0.39       0.59       0.73       0.91
       0.50       0.64       0.35       0.11       0.10       0.11       0.49       0.51       0.65
       0.64       0.54       0.17       0.07       0.14       0.24       0.30       0.48       0.48
    518400    9   13
       0.22       0.25       0.39       0.32       0.43       0.52       0.37       0.27       0.12
       0.30       0.40       0.52       0.45       0.44       0.61       0.28       0.07       0.08
       0.30       0.63       0.69       0.69       0.86       0.77       0.21       0.08       0.32
       0.34       0.58       0.97       0.54       0.46       0.50       0.27       0.39       0.48
       0.60       0.35       0.78       0.72       0.32       0.32       0.40       0.64       0.77
       0.64       0.45       0.54       0.49       0.50       0.49       0.45       0.66       0.85
       0.67       0.65       0.85       0.58       0.78       0.70       0.70       0.71       0.78
       0.44       0.34       0.54       0.62       1.07       0.91       0.76       0.73       0.86
       0.34       0.28       0.31       0.45       0.68       0.84       0.82       0.82       0.95
       0.42       0.29       0.32       0.38       0.54       0.69       0.72       0.86       1.23
       0.34       0.32       0.43       0.42       0.57       0.85       0.68       0.49       0.99
       0.33       0.27       0.43       0.56       0.53       0.83       0.79       0.46       0.80
       0.26       0.32       0.46       0.67       0.82       0.96       0.78       0.64       0.80
    604800    9   13
       0.33       0.24       0.60       0.67       0.81       0.84       0.70       0.47       0.29
       0.23       0.25       0.43       0.49       0.60       0.61       0.59       0.31       0.27
       0.09       0.19       0.27       0.26       0.41       0.73       0.56       0.15       0.47
       0.15       0.22       0.47       0.48       0.58       0.82       0.66       0.30       0.47
       0.27       0.16       0.46       0.59       0.61       0.78       0.74       0.62       0.63
       0.25       0.22       0.35       0.17       0.59       0.68       0.52       0.59       0.65
       0.33       0.25       0.45       0.32       0.76       0.57       0.44       0.47       0.62
       0.32       0.18       0.45       0.44       0.49       0.49       0.49       0.41       0.46
       0.37       0.17       0.40       0.20       0.17       0.39       0.49       0.40       0.35
       0.25       0.13       0.28       0.05       0.19       0.39       0.47       0.40       0.62
       0.11       0.04       0.04       0.09       0.37       0.47       0.52       0.61       0.68
       0.11       0.03       0.02       0.05       0.13       0.22       0.36       0.53       0.62
       0.09       0.13       0.05       0.08       0.14       0.12       0.16       0.31       0.42
    691200    9   13
       0.69       0.93       0.85       0.59       0.44       0.48       0.49       0.23       0.06
       0.56       0.35       0.49       0.51       0.50       0.66       0.55       0.11       0.02
       0.12       0.33       0.59       0.52       0.51       0.55       0.42       0.09       0.13
       0.04       0.26       0.67       0.53       0.54       0.49       0.48       0.36       0.33
       0.11       0.20       0.62       0.33       0.43       0.48       0.42       0.41       0.55
       0.07       0.15       0.40       0.14       0.39       0.49       0.55       0.57       0.62
       0.06       0.08       0.17       0.05       0.29       0.44       0.53       0.55       0.52
       0.10       0.06       0.05       0.03       0.11       0.26       0.29       0.35       0.39
       0.06       0.07       0.03       0.03       0.07       0.11       0.12       0.20       0.31
       0.08       0.08       0.02       0.04       0.08       0.03       0.07       0.09       0.14
       0.03       0.02       0.01       0.07       0.18       0.11       0.07       0.02       0.03
       0.02       0.00       0.01       0.08       0.32       0.23       0.03       0.01       0.04
       0.01       0.00       0.00       0.04       0.35       0.17       0.04       0.04       0.04
    777600    9   13
       0.32       0.22       0.39       0.53       0.67       1.08       2.04       1.65       0.65
       0.32       0.30       0.41       0.82       1.47       2.22       2.39       1.17       0.29
       0.15       0.48       0.90       1.76       1.88       1.34       1.10       0.30       0.19
       0.27       0.71       1.40       1.61       1.22       0.77       0.84       0.48       0.40
       0.74       0.86       1.33       1.22       1.23       0.76       0.96       0.81       0.73
       1.18       0.82       1.10       0.92       0.99       0.84       0.74       0.70       0.77
       1.07       0.89       0.85       0.57       0.41       0.59       0.59       0.61       0.55
       0.88       0.84       0.56       0.26       0.28       0.53       0.56       0.53       0.50
       0.79       0.49       0.40       0.36       0.35       0.51       0.53       0.44       0.67
       0.83       0.77       0.66       0.48       0.39       0.23       0.30       0.41       0.54
       0.98       1.03       0.73       0.45       0.38       0.22       0.12       0.18       0.19
       0.54       0.89       0.90       0.73       0.57       0.57       0.18       0.02       0.08
       0.45       0.42       0.59       0.62       0.63       0.56       0.30       0.21       0.10
    864000    9   13
       1.28       1.15       1.09       0.78       0.55       0.54       0.28       0.26       0.24
       1.27       1.00       0.93       0.63       0.33       0.59       0.42       0.41       0.42
       1.11       0.98       0.98       0.73       0.50       0.63       0.38       0.23       0.37
       1.09       0.91       0.98       0.93       0.74       0.61       0.51       0.31       0.39
       1.07       0.90       0.79       0.73       0.95       0.62       0.50       0.48       0.54
       1.26       0.85       0.61       0.55       0.60       0.58       0.60       0.69       0.59
       0.98       0.71       0.48       0.30       0.30       0.46       0.49       0.62       0.66
       0.81       0.64       0.28       0.15       0.26       0.53       0.44       0.34       0.40
       0.79       0.40       0.29       0.26       0.31       0.46       0.48       0.46       0.53
       0.89       0.53       0.37       0.29       0.24       0.17       0.35       0.34       0.13
       0.58       0.23       0.14       0.23       0.21       0.10       0.08       0.06       0.02
       0.34       0.18       0.14       0.30       0.45       0.26       0.07       0.01       0.00
       0.11       0.14       0.02       0.09       0.32       0.12       0.14       0.07       0.00
    950400    9   13
       0.90       0.82       0.75       0.81       0.69       0.43       0.53       0.49       0.37
       1.03       0.84       0.71       0.65       0.49       0.41       0.66       0.52       0.35
       0.85       1.09       0.69       0.52       0.63       0.79       0.63       0.36       0.34
       0.90       1.12       1.16       0.85       0.46       0.50       0.38       0.37       0.26
       0.71       0.76       1.07       0.56       0.51       0.46       0.46       0.52       0.49
       0.94       0.77       0.65       0.34       0.39       0.54       0.52       0.56       0.64
       0.65       0.50       0.38       0.27       0.30       0.36       0.49       0.54       0.54
       0.36       0.28       0.20       0.18       0.15       0.16       0.30       0.38       0.37
       0.38       0.10       0.08       0.11       0.11       0.12       0.16       0.22       0.26
       0.17       0.03       0.05       0.07       0.10       0.03       0.02       0.08       0.07
       0.12       0.01       0.04       0.13       0.09       0.04       0.02       0.00       0.01
       0.10       0.02       0.01       0.08       0.11       0.09       0.02       0.00       0.00
       0.03       0.01       0.00       0.05       0.18       0.05       0.05       0.05       0.01
   1036800    9   13
       1.51       1.85       2.24       2.18       1.57       0.99       1.00       1.06       0.84
       1.21       1.44       1.69       1.66       1.33       1.14       1.28       1.18       0.95
       0.94       1.08       1.21       1.14       1.32       1.59       1.55       0.89       0.98
       0.79       1.09       1.49       1.07       0.97       1.35       1.26       1.02       1.04
       0.66       1.11       1.64       1.16       1.22       1.24       0.98       0.81       0.85
       0.94       1.46       1.35       1.13       1.38       1.41       1.10       0.72       0.76
       0.99       1.08       0.98       1.05       1.55       1.42       1.15       0.87       1.01
       0.74       1.07       1.34       0.86       1.10       1.45       1.21       1.13       1.90
       0.75       0.99       0.91       0.78       1.18       1.42       1.26       1.92       2.51
       0.71       0.76       0.71       1.02       1.61       1.54       1.10       1.91       2.34
       0.60       0.76       1.10       1.46       1.75       1.53       1.29       1.89       2.06
       0.38       0.59       0.84       1.02       0.88       1.64       1.76       1.69       3.03
       0.39       0.72       0.77       0.70       0.99       1.23       1.44       1.10       1.33
   1123200    9   13
       0.42       0.34       0.24       0.17       0.28       0.44       0.42       0.40       0.46
       0.22       0.16       0.26       0.28       0.40       0.45       0.39       0.55       0.58
       0.22       0.27       0.42       0.39       0.67       0.80       0.57       0.39       0.29
       0.38       0.42       0.42       0.24       0.33       0.42       0.35       0.16       0.09
       0.27       0.47       0.44       0.18       0.16       0.21       0.17       0.07       0.07
       0.17       0.36       0.40       0.11       0.12       0.06       0.04       0.03       0.05
       0.28       0.35       0.32       0.15       0.12       0.08       0.08       0.04       0.02
       0.36       0.25       0.22       0.17       0.06       0.06       0.07       0.03       0.07
       0.32       0.26       0.26       0.25       0.07       0.08       0.03       0.08       0.19
       0.35       0.33       0.29       0.26       0.14       0.05       0.07       0.05       0.05
       0.31       0.36       0.46       0.38       0.17       0.04       0.05       0.03       0.02
       0.34       0.34       0.36       0.31       0.09       0.04       0.02       0.01       0.03
       0.20       0.14       0.23       0.15       0.12       0.07       0.04       0.03       0.15
   1209600    9   13
       0.61       0.61       0.71       0.77       0.71       0.62       0.68       0.46       0.33
       0.53       0.52       0.64       0.71       0.55       0.67       0.72       0.63       0.56
       0.58       0.66       0.65       0.66       0.45       0.59       1.36       1.59       1.28
       0.43       0.58       0.64       0.80       0.70       0.79       1.16       0.93       0.73
       0.49       0.49       0.61       0.80       0.99       0.59       0.47       0.38       0.30
       0.53       0.68       0.93       0.74       0.68       0.48       0.38       0.30       0.24
       0.73       1.33       0.97       0.62       0.57       0.35       0.28       0.23       0.23
       1.38       1.20       0.75       0.54       0.48       0.41       0.33       0.24       0.26
       0.80       0.75       0.71       0.54       0.49       0.48       0.33       0.23       0.26
       0.46       0.49       0.53       0.58       0.57       0.46       0.34       0.22       0.21
       0.25       0.39       1.04       1.51       0.88       0.37       0.30       0.14       0.08
       0.28       0.63       1.52       1.88       0.93       0.38       0.22       0.15       0.06
       0.33       1.02       0.89       0.55       0.42       0.35       0.13       0.14       0.05
   1296000    9   13
       0.18       0.17       0.24       0.31       0.32       0.21       0.11       0.08       0.13
       0.18       0.12       0.17       0.32       0.19       0.14       0.15       0.09       0.04
       0.16       0.15       0.17       0.18       0.05       0.11       0.18       0.03       0.05
       0.04       0.05       0.08       0.06       0.07       0.06       0.09       0.04       0.07
       0.10       0.04       0.04       0.10       0.17       0.07       0.08       0.09       0.07
       0.09       0.05       0.02       0.12       0.16       0.06       0.06       0.14       0.08
       0.07       0.03       0.01       0.10       0.12       0.04       0.08       0.19       0.13
       0.03       0.05       0.05       0.08       0.07       0.00       0.02       0.05       0.02
       0.12       0.17       0.12       0.13       0.11       0.03       0.02       0.07       0.12
       0.11       0.11       0.24       0.31       0.18       0.05       0.08       0.07       0.08
       0.05       0.08       0.38       0.47       0.23       0.24       0.07       0.02       0.01
       0.10       0.17       0.25       0.38       0.21       0.26       0.13       0.01       0.01
       0.08       0.24       0.17       0.24       0.41       0.40       0.24       0.08       0.04
