         0    9   13
       0.06       0.02       0.01       0.10       0.13       0.06       0.07       0.08       0.09
       0.01       0.00       0.00       0.04       0.05       0.04       0.06       0.09       0.11
       0.00       0.00       0.01       0.03       0.03       0.04       0.09       0.11       0.10
       0.00       0.01       0.02       0.04       0.09       0.04       0.10       0.09       0.10
       0.02       0.01       0.01       0.03       0.04       0.05       0.10       0.12       0.09
       0.02       0.04       0.01       0.00       0.01       0.03       0.09       0.08       0.07
       0.03       0.05       0.02       0.00       0.03       0.03       0.05       0.04       0.05
       0.02       0.02       0.01       0.01       0.04       0.04       0.05       0.04       0.07
       0.02       0.07       0.03       0.01       0.01       0.04       0.05       0.05       0.08
       0.06       0.03       0.03       0.03       0.02       0.04       0.02       0.05       0.03
       0.03       0.01       0.01       0.08       0.10       0.11       0.05       0.03       0.05
       0.01       0.01       0.02       0.11       0.23       0.13       0.09       0.03       0.11
       0.07       0.08       0.03       0.09       0.18       0.11       0.05       0.10       0.15
     86400    9   13
       0.77       0.80       0.81       0.77       0.51       0.45       0.47       0.52       0.52
       0.51       0.78       0.85       0.72       0.66       0.52       0.60       0.59       0.61
       0.36       0.53       0.47       0.51       0.56       0.54       0.63       0.70       0.65
       0.16       0.21       0.41       0.38       0.65       0.51       0.43       0.88       0.75
       0.08       0.17       0.24       0.37       0.69       0.58       0.31       0.74       0.80
       0.10       0.17       0.19       0.11       0.47       0.51       0.33       0.51       0.59
       0.38       0.14       0.12       0.13       0.28       0.38       0.36       0.46       0.67
       0.19       0.13       0.29       0.24       0.31       0.31       0.31       0.38       0.53
       0.43       0.89       1.04       0.22       0.21       0.19       0.17       0.31       0.51
       0.94       0.77       0.38       0.30       0.43       0.35       0.16       0.26       0.48
       0.43       0.52       0.62       0.68       0.40       0.38       0.24       0.14       0.23
       0.16       0.47       0.74       0.32       0.30       0.30       0.26       0.10       0.07
       0.35       0.34       0.30       0.16       0.28       0.22       0.20       0.17       0.13
    172800    9   13
       0.13       0.17       0.12       0.13       0.20       0.28       0.46       0.37       0.40
       0.27       0.53       0.33       0.22       0.22       0.33       0.24       0.16       0.22
       0.48       0.53       0.31       0.30       0.26       0.24       0.26       0.40       0.26
       0.33       0.37       0.44       0.37       0.41       0.43       0.31       0.21       0.16
       0.61       0.49       0.30       0.26       0.26       0.27       0.16       0.13       0.14
       0.39       0.25       0.19       0.29       0.49       0.40       0.19       0.14       0.19
       0.27       0.27       0.41       0.45       0.60       0.36       0.26       0.21       0.26
       0.31       0.51       0.77       0.67       0.89       0.47       0.32       0.23       0.19
       0.33       0.70       0.52       0.61       1.42       0.55       0.25       0.19       0.22
       1.76       1.07       1.21       0.81       0.66       0.39       0.25       0.28       0.41
       0.68       1.71       0.74       0.53       0.52       0.76       0.54       0.44       0.52
       0.86       0.77       0.75       0.81       0.55       0.67       0.51       0.39       0.47
       0.54       0.78       0.74       0.60       0.51       0.51       0.48       0.44       0.37
    259200    9   13
       0.09       0.11       0.11       0.11       0.13       0.20       0.28       0.23       0.24
       0.05       0.07       0.11       0.16       0.18       0.22       0.25       0.25       0.13
       0.09       0.19       0.17       0.14       0.14       0.13       0.13       0.11       0.13
       0.08       0.17       0.22       0.27       0.17       0.17       0.13       0.13       0.14
       0.12       0.24       0.26       0.28       0.22       0.25       0.16       0.13       0.14
       0.13       0.22       0.23       0.12       0.20       0.34       0.27       0.15       0.16
       0.19       0.24       0.20       0.30       0.42       0.40       0.44       0.20       0.17
       0.33       0.37       0.25       0.29       0.38       0.48       0.36       0.20       0.18
       0.23       0.29       0.30       0.37       0.38       0.31       0.22       0.19       0.19
       0.25       0.27       0.22       0.22       0.22       0.22       0.20       0.22       0.27
       0.52       0.26       0.11       0.11       0.14       0.24       0.20       0.21       0.27
       0.51       0.16       0.10       0.13       0.21       0.19       0.21       0.21       0.19
       0.75       0.51       0.36       0.25       0.29       0.28       0.25       0.25       0.32
    345600    9   13
       0.11       0.11       0.03       0.04       0.04       0.04       0.04       0.08       0.09
       0.03       0.06       0.02       0.02       0.04       0.04       0.04       0.06       0.06
       0.07       0.19       0.08       0.04       0.03       0.04       0.05       0.04       0.05
       0.09       0.19       0.15       0.06       0.07       0.02       0.04       0.05       0.03
       0.14       0.23       0.18       0.08       0.14       0.04       0.04       0.05       0.03
       0.10       0.27       0.20       0.09       0.16       0.07       0.05       0.05       0.06
       0.07       0.17       0.15       0.05       0.06       0.09       0.10       0.11       0.06
       0.04       0.02       0.01       0.01       0.03       0.08       0.11       0.09       0.07
       0.02       0.02       0.00       0.00       0.03       0.07       0.06       0.07       0.05
       0.10       0.04       0.01       0.04       0.07       0.04       0.02       0.01       0.01
       0.06       0.02       0.02       0.03       0.03       0.00       0.01       0.02       0.01
       0.01       0.02       0.02       0.02       0.01       0.02       0.02       0.02       0.02
       0.03       0.01       0.03       0.03       0.05       0.07       0.04       0.04       0.03
    432000    9   13
       0.04       0.09       0.04       0.05       0.10       0.15       0.12       0.11       0.09
       0.04       0.18       0.11       0.11       0.14       0.10       0.11       0.10       0.05
       0.08       0.17       0.09       0.10       0.12       0.03       0.08       0.06       0.05
       0.06       0.12       0.04       0.05       0.07       0.01       0.03       0.05       0.05
       0.01       0.07       0.02       0.02       0.12       0.06       0.01       0.03       0.02
       0.01       0.03       0.01       0.01       0.04       0.04       0.01       0.00       0.00
       0.00       0.02       0.01       0.00       0.02       0.02       0.01       0.01       0.01
       0.02       0.02       0.02       0.04       0.07       0.04       0.01       0.03       0.02
       0.03       0.07       0.02       0.04       0.04       0.04       0.01       0.01       0.01
       0.04       0.03       0.02       0.02       0.01       0.00       0.01       0.01       0.03
       0.01       0.01       0.01       0.00       0.00       0.00       0.00       0.01       0.03
       0.01       0.00       0.00       0.00       0.00       0.00       0.00       0.01       0.01
       0.00       0.00       0.00       0.00       0.00       0.01       0.01       0.01       0.01
    518400    9   13
       0.00       0.01       0.01       0.00       0.01       0.00       0.03       0.05       0.04
       0.00       0.00       0.01       0.01       0.01       0.00       0.01       0.01       0.02
       0.00       0.01       0.01       0.00       0.03       0.04       0.02       0.01       0.03
       0.00       0.00       0.01       0.00       0.02       0.02       0.01       0.00       0.02
       0.01       0.01       0.02       0.00       0.05       0.05       0.00       0.00       0.00
       0.01       0.08       0.06       0.01       0.06       0.04       0.00       0.00       0.00
       0.04       0.06       0.05       0.05       0.05       0.03       0.01       0.01       0.00
       0.03       0.01       0.00       0.01       0.04       0.03       0.01       0.01       0.03
       0.00       0.00       0.00       0.04       0.03       0.03       0.02       0.01       0.01
       0.03       0.03       0.01       0.01       0.00       0.01       0.01       0.01       0.00
       0.02       0.02       0.00       0.00       0.00       0.00       0.00       0.01       0.01
       0.01       0.00       0.00       0.00       0.00       0.00       0.00       0.00       0.01
       0.00       0.00       0.00       0.00       0.00       0.00       0.00       0.00       0.01
    604800    9   13
       0.01       0.05       0.04       0.02       0.01       0.01       0.00       0.01       0.02
       0.00       0.01       0.05       0.06       0.04       0.04       0.03       0.03       0.04
       0.00       0.00       0.01       0.01       0.08       0.04       0.01       0.02       0.02
       0.00       0.01       0.02       0.00       0.04       0.01       0.01       0.01       0.01
       0.01       0.01       0.01       0.01       0.07       0.02       0.03       0.02       0.00
       0.03       0.04       0.01       0.00       0.05       0.03       0.01       0.01       0.00
       0.03       0.05       0.02       0.02       0.03       0.03       0.00       0.01       0.00
       0.02       0.03       0.00       0.04       0.12       0.07       0.04       0.04       0.02
       0.00       0.02       0.08       0.13       0.04       0.02       0.04       0.03       0.01
       0.03       0.11       0.15       0.14       0.02       0.01       0.01       0.01       0.00
       0.08       0.10       0.11       0.12       0.02       0.05       0.03       0.01       0.00
       0.12       0.06       0.04       0.05       0.00       0.00       0.00       0.01       0.00
       0.04       0.01       0.01       0.01       0.00       0.00       0.00       0.00       0.00
    691200    9   13
       0.01       0.04       0.01       0.00       0.04       0.06       0.09       0.05       0.02
       0.01       0.10       0.01       0.01       0.10       0.09       0.10       0.07       0.04
       0.00       0.06       0.05       0.01       0.05       0.07       0.10       0.08       0.06
       0.00       0.01       0.02       0.01       0.04       0.11       0.16       0.06       0.10
       0.00       0.00       0.00       0.00       0.04       0.01       0.18       0.08       0.02
       0.00       0.01       0.00       0.00       0.00       0.03       0.14       0.14       0.00
       0.02       0.00       0.00       0.00       0.00       0.01       0.09       0.23       0.09
       0.01       0.00       0.00       0.00       0.00       0.00       0.07       0.17       0.08
       0.00       0.00       0.00       0.00       0.02       0.02       0.06       0.10       0.08
       0.00       0.00       0.01       0.02       0.07       0.02       0.02       0.01       0.00
       0.01       0.02       0.04       0.02       0.01       0.01       0.01       0.02       0.01
       0.03       0.02       0.01       0.01       0.00       0.00       0.03       0.02       0.00
       0.02       0.00       0.00       0.00       0.00       0.00       0.01       0.01       0.00
    777600    9   13
       0.06       0.30       0.17       0.30       0.67       0.78       0.67       0.62       0.62
       0.01       0.16       0.36       0.22       0.42       0.58       0.51       0.40       0.36
       0.00       0.08       0.50       0.56       0.83       0.60       0.42       0.42       0.61
       0.00       0.03       0.23       0.51       0.91       0.81       0.62       0.61       0.82
       0.01       0.01       0.01       0.01       0.82       0.68       0.41       0.62       0.80
       0.04       0.02       0.00       0.01       0.10       0.11       0.14       0.22       0.59
       0.04       0.03       0.02       0.01       0.02       0.05       0.12       0.12       0.12
       0.02       0.01       0.01       0.00       0.01       0.05       0.03       0.06       0.17
       0.00       0.00       0.00       0.00       0.01       0.01       0.00       0.02       0.18
       0.01       0.00       0.00       0.01       0.01       0.01       0.00       0.01       0.11
       0.00       0.00       0.00       0.01       0.00       0.01       0.02       0.01       0.04
       0.00       0.00       0.00       0.00       0.01       0.01       0.01       0.04       0.06
       0.11       0.02       0.02       0.07       0.07       0.01       0.00       0.00       0.00
    864000    9   13
       0.60       0.51       1.09       0.96       0.88       0.63       0.56       0.69       0.62
       0.87       0.81       0.82       0.84       0.69       0.63       0.30       0.30       0.41
       0.77       0.68       0.49       0.56       0.56       0.46       0.27       0.27       0.27
       0.53       0.63       0.58       0.47       0.51       0.44       0.30       0.54       0.48
       0.40       0.49       0.45       0.39       0.48       0.23       0.18       0.32       0.32
       0.20       0.24       0.23       0.15       0.22       0.33       0.33       0.51       0.41
       0.17       0.30       0.25       0.17       0.51       0.62       0.91       0.93       0.48
       0.17       0.22       0.32       0.28       0.44       0.41       0.89       1.19       0.58
       0.10       0.17       0.18       0.19       0.26       0.39       1.29       1.48       0.77
       0.06       0.03       0.04       0.22       0.18       0.53       0.76       0.47       0.22
       0.04       0.00       0.03       0.38       0.27       0.23       0.21       0.22       0.23
       0.02       0.00       0.11       0.26       0.11       0.20       0.22       0.31       0.26
       0.09       0.11       0.25       0.30       0.06       0.07       0.14       0.08       0.12
    950400    9   13
       0.23       0.43       0.75       0.82       0.51       0.28       0.11       0.13       0.17
       0.14       0.30       0.35       0.39       0.31       0.11       0.05       0.07       0.12
       0.07       0.05       0.08       0.08       0.05       0.01       0.02       0.07       0.05
       0.01       0.00       0.00       0.00       0.00       0.01       0.04       0.06       0.03
       0.00       0.00       0.00       0.00       0.00       0.00       0.05       0.05       0.02
       0.00       0.00       0.00       0.00       0.00       0.01       0.05       0.03       0.00
       0.02       0.02       0.02       0.01       0.00       0.01       0.07       0.05       0.01
       0.02       0.02       0.04       0.01       0.00       0.02       0.06       0.05       0.02
       0.05       0.03       0.02       0.01       0.02       0.09       0.07       0.02       0.01
       0.06       0.05       0.04       0.04       0.06       0.06       0.08       0.01       0.01
       0.02       0.09       0.17       0.28       0.12       0.11       0.05       0.02       0.03
       0.02       0.17       0.48       0.48       0.28       0.12       0.04       0.11       0.27
       0.08       0.19       0.43       0.47       0.21       0.02       0.04       0.17       0.31
   1036800    9   13
       0.13       0.02       0.02       0.03       0.03       0.08       0.11       0.12       0.10
       0.05       0.06       0.04       0.05       0.06       0.11       0.05       0.04       0.04
       0.09       0.09       0.04       0.01       0.02       0.05       0.01       0.02       0.02
       0.13       0.06       0.03       0.02       0.00       0.01       0.00       0.03       0.01
       0.08       0.06       0.06       0.01       0.00       0.00       0.01       0.05       0.03
       0.07       0.07       0.05       0.00       0.00       0.00       0.02       0.06       0.05
       0.11       0.07       0.04       0.01       0.00       0.02       0.03       0.05       0.09
       0.14       0.03       0.05       0.01       0.03       0.11       0.11       0.09       0.13
       0.38       0.09       0.01       0.00       0.01       0.05       0.13       0.15       0.21
       0.27       0.04       0.01       0.01       0.01       0.03       0.12       0.17       0.26
       0.09       0.02       0.03       0.01       0.01       0.03       0.20       0.08       0.29
       0.04       0.01       0.02       0.01       0.01       0.03       0.18       0.12       0.26
       0.03       0.00       0.01       0.02       0.01       0.06       0.20       0.13       0.17
   1123200    9   13
       0.19       0.03       0.08       0.09       0.13       0.11       0.08       0.05       0.09
       0.12       0.14       0.16       0.11       0.16       0.17       0.11       0.07       0.04
       0.12       0.11       0.21       0.10       0.11       0.26       0.17       0.17       0.11
       0.16       0.09       0.14       0.04       0.05       0.16       0.11       0.12       0.20
       0.10       0.10       0.19       0.07       0.06       0.17       0.11       0.14       0.14
       0.08       0.09       0.23       0.11       0.07       0.19       0.17       0.09       0.16
       0.11       0.15       0.20       0.17       0.17       0.17       0.12       0.12       0.21
       0.23       0.30       0.26       0.16       0.19       0.14       0.11       0.22       0.24
       0.44       0.51       0.22       0.08       0.09       0.10       0.07       0.19       0.22
       0.46       0.29       0.14       0.06       0.12       0.14       0.11       0.09       0.19
       0.11       0.13       0.11       0.10       0.19       0.23       0.21       0.10       0.17
       0.10       0.04       0.02       0.05       0.11       0.10       0.14       0.21       0.10
       0.07       0.02       0.04       0.01       0.12       0.04       0.05       0.16       0.04
   1209600    9   13
       0.25       0.15       0.29       0.35       0.37       0.18       0.11       0.09       0.07
       0.14       0.11       0.04       0.23       0.17       0.11       0.09       0.13       0.09
       0.19       0.09       0.06       0.05       0.02       0.13       0.14       0.10       0.10
       0.20       0.19       0.09       0.04       0.01       0.15       0.14       0.05       0.07
       0.13       0.13       0.14       0.27       0.10       0.13       0.13       0.14       0.14
       0.15       0.11       0.14       0.14       0.22       0.10       0.11       0.11       0.19
       0.32       0.11       0.12       0.26       0.37       0.20       0.11       0.18       0.24
       0.22       0.12       0.14       0.14       0.19       0.11       0.14       0.21       0.25
       0.14       0.15       0.15       0.02       0.17       0.19       0.10       0.12       0.18
       0.11       0.14       0.09       0.08       0.25       0.25       0.11       0.11       0.11
       0.04       0.01       0.00       0.08       0.15       0.26       0.23       0.04       0.03
       0.02       0.00       0.00       0.01       0.06       0.09       0.12       0.06       0.03
       0.01       0.00       0.00       0.02       0.20       0.03       0.11       0.12       0.03
   1296000    9   13
       0.20       0.15       0.04       0.09       0.14       0.11       0.08       0.08       0.07
       0.13       0.07       0.04       0.09       0.04       0.03       0.06       0.10       0.08
       0.07       0.10       0.04       0.01       0.00       0.02       0.04       0.05       0.09
       0.15       0.18       0.03       0.02       0.00       0.01       0.04       0.05       0.05
       0.10       0.12       0.11       0.06       0.03       0.04       0.05       0.11       0.10
       0.11       0.15       0.12       0.04       0.05       0.10       0.10       0.12       0.13
       0.16       0.11       0.02       0.03       0.19       0.24       0.17       0.12       0.14
       0.18       0.07       0.00       0.01       0.14       0.10       0.18       0.20       0.15
       0.15       0.01       0.00       0.00       0.18       0.08       0.11       0.19       0.16
       0.07       0.01       0.00       0.02       0.12       0.13       0.11       0.13       0.12
       0.08       0.01       0.00       0.02       0.14       0.22       0.25       0.09       0.13
       0.02       0.00       0.01       0.04       0.17       0.17       0.30       0.31       0.15
       0.00       0.00       0.02       0.19       0.27       0.12       0.24       0.26       0.09
