         0    9   13
       0.00       0.00       0.03       0.02       0.14       0.25       0.21       0.11       0.10
       0.00       0.00       0.04       0.02       0.02       0.06       0.10       0.08       0.16
       0.00       0.01       0.02       0.02       0.02       0.04       0.08       0.13       0.12
       0.00       0.00       0.00       0.01       0.01       0.03       0.07       0.08       0.06
       0.00       0.00       0.00       0.00       0.01       0.04       0.05       0.03       0.05
       0.00       0.01       0.00       0.00       0.01       0.02       0.01       0.01       0.00
       0.00       0.02       0.01       0.00       0.00       0.01       0.01       0.01       0.01
       0.01       0.01       0.01       0.01       0.02       0.02       0.04       0.02       0.00
       0.03       0.04       0.01       0.01       0.04       0.04       0.03       0.01       0.00
       0.08       0.08       0.05       0.02       0.02       0.01       0.00       0.02       0.01
       0.04       0.06       0.12       0.01       0.00       0.01       0.00       0.02       0.02
       0.05       0.06       0.11       0.01       0.00       0.03       0.02       0.02       0.01
       0.04       0.02       0.02       0.01       0.01       0.01       0.01       0.02       0.03
     86400    9   13
       0.00       0.00       0.01       0.04       0.11       0.08       0.07       0.05       0.15
       0.00       0.00       0.05       0.05       0.02       0.03       0.06       0.08       0.19
       0.00       0.00       0.02       0.01       0.01       0.04       0.03       0.07       0.08
       0.00       0.00       0.01       0.00       0.01       0.06       0.02       0.02       0.04
       0.00       0.00       0.00       0.00       0.01       0.07       0.03       0.00       0.03
       0.00       0.01       0.00       0.00       0.00       0.03       0.01       0.01       0.02
       0.01       0.03       0.01       0.00       0.01       0.02       0.01       0.01       0.00
       0.02       0.02       0.03       0.00       0.03       0.02       0.03       0.02       0.01
       0.02       0.02       0.01       0.02       0.08       0.06       0.03       0.04       0.03
       0.04       0.03       0.02       0.04       0.09       0.04       0.01       0.02       0.03
       0.02       0.02       0.05       0.07       0.06       0.07       0.09       0.01       0.00
       0.03       0.04       0.01       0.01       0.05       0.04       0.11       0.01       0.00
       0.02       0.03       0.02       0.04       0.07       0.01       0.09       0.06       0.02
    172800    9   13
       0.00       0.00       0.00       0.01       0.04       0.00       0.06       0.08       0.04
       0.00       0.00       0.00       0.00       0.01       0.00       0.00       0.07       0.12
       0.00       0.00       0.00       0.02       0.02       0.04       0.02       0.13       0.12
       0.00       0.00       0.00       0.00       0.01       0.08       0.01       0.09       0.10
       0.00       0.00       0.00       0.00       0.00       0.04       0.01       0.10       0.15
       0.00       0.00       0.00       0.00       0.04       0.06       0.00       0.04       0.08
       0.02       0.02       0.02       0.01       0.06       0.05       0.02       0.01       0.04
       0.01       0.01       0.02       0.03       0.06       0.03       0.03       0.02       0.03
       0.03       0.07       0.01       0.04       0.07       0.03       0.02       0.00       0.01
       0.05       0.08       0.05       0.04       0.10       0.02       0.01       0.02       0.02
       0.08       0.07       0.10       0.09       0.08       0.08       0.09       0.03       0.02
       0.10       0.08       0.07       0.03       0.05       0.07       0.09       0.03       0.02
       0.12       0.10       0.10       0.06       0.06       0.04       0.11       0.07       0.01
    259200    9   13
       0.00       0.00       0.00       0.01       0.05       0.00       0.00       0.02       0.06
       0.00       0.00       0.00       0.06       0.11       0.01       0.00       0.02       0.11
       0.00       0.00       0.01       0.11       0.08       0.11       0.08       0.14       0.13
       0.00       0.01       0.00       0.01       0.03       0.05       0.07       0.22       0.11
       0.01       0.04       0.02       0.00       0.01       0.03       0.03       0.17       0.16
       0.00       0.00       0.03       0.01       0.02       0.03       0.02       0.13       0.18
       0.00       0.01       0.01       0.01       0.05       0.04       0.03       0.10       0.09
       0.01       0.02       0.03       0.00       0.03       0.03       0.04       0.07       0.01
       0.02       0.02       0.01       0.01       0.03       0.04       0.01       0.02       0.00
       0.05       0.06       0.02       0.03       0.10       0.05       0.01       0.01       0.02
       0.03       0.04       0.03       0.06       0.08       0.05       0.04       0.01       0.02
       0.01       0.04       0.06       0.01       0.06       0.09       0.10       0.01       0.01
       0.02       0.01       0.02       0.02       0.03       0.05       0.10       0.03       0.00
    345600    9   13
       0.00       0.00       0.00       0.00       0.02       0.00       0.00       0.02       0.01
       0.00       0.00       0.00       0.00       0.00       0.00       0.00       0.01       0.02
       0.00       0.00       0.00       0.00       0.00       0.00       0.02       0.01       0.08
       0.00       0.00       0.00       0.00       0.00       0.01       0.03       0.03       0.02
       0.00       0.00       0.00       0.00       0.00       0.01       0.04       0.08       0.02
       0.01       0.01       0.00       0.02       0.00       0.00       0.01       0.08       0.10
       0.01       0.01       0.01       0.03       0.01       0.01       0.02       0.08       0.07
       0.01       0.02       0.02       0.00       0.02       0.02       0.01       0.05       0.02
       0.02       0.02       0.00       0.01       0.05       0.06       0.01       0.01       0.02
       0.04       0.02       0.01       0.02       0.09       0.09       0.02       0.01       0.00
       0.05       0.02       0.02       0.01       0.03       0.05       0.08       0.02       0.02
       0.03       0.05       0.05       0.01       0.05       0.10       0.06       0.03       0.03
       0.01       0.01       0.04       0.04       0.14       0.13       0.13       0.08       0.01
    432000    9   13
       0.21       0.21       0.25       0.49       0.31       0.31       0.26       0.34       0.30
       0.32       0.33       0.27       0.24       0.21       0.21       0.12       0.22       0.18
       0.29       0.25       0.14       0.03       0.06       0.08       0.03       0.27       0.20
       0.08       0.06       0.05       0.04       0.05       0.05       0.08       0.14       0.13
       0.03       0.01       0.02       0.02       0.03       0.07       0.08       0.08       0.12
       0.03       0.08       0.05       0.03       0.02       0.08       0.13       0.08       0.10
       0.09       0.09       0.03       0.04       0.04       0.05       0.11       0.09       0.10
       0.06       0.10       0.11       0.03       0.04       0.04       0.06       0.07       0.05
       0.06       0.08       0.09       0.04       0.04       0.10       0.04       0.07       0.08
       0.04       0.03       0.04       0.06       0.09       0.14       0.11       0.11       0.09
       0.01       0.01       0.03       0.03       0.05       0.05       0.11       0.08       0.11
       0.00       0.02       0.05       0.04       0.02       0.09       0.11       0.09       0.12
       0.02       0.04       0.09       0.11       0.08       0.12       0.14       0.19       0.16
    518400    9   13
       0.31       0.88       0.41       0.45       0.52       0.52       0.32       0.19       0.13
       0.45       1.00       0.70       0.49       0.40       0.26       0.09       0.10       0.06
       0.58       0.90       0.76       0.77       0.34       0.12       0.04       0.04       0.03
       0.29       0.44       0.24       0.23       0.16       0.10       0.04       0.06       0.04
       0.26       0.17       0.18       0.25       0.23       0.22       0.17       0.19       0.15
       0.24       0.17       0.15       0.15       0.19       0.23       0.22       0.27       0.24
       0.21       0.18       0.20       0.20       0.25       0.34       0.34       0.33       0.28
       0.24       0.27       0.34       0.35       0.26       0.43       0.34       0.33       0.27
       0.27       0.35       0.28       0.29       0.28       0.31       0.25       0.27       0.20
       0.07       0.19       0.33       0.35       0.34       0.39       0.24       0.30       0.32
       0.08       0.15       0.24       0.21       0.29       0.39       0.41       0.30       0.25
       0.20       0.21       0.27       0.23       0.28       0.37       0.33       0.24       0.24
       0.27       0.23       0.33       0.45       0.39       0.27       0.25       0.29       0.27
    604800    9   13
       0.11       0.31       0.26       0.15       0.22       0.26       0.19       0.21       0.25
       0.32       0.49       0.17       0.11       0.09       0.22       0.20       0.29       0.28
       0.16       0.38       0.32       0.16       0.21       0.16       0.19       0.24       0.18
       0.14       0.40       0.54       0.40       0.29       0.18       0.23       0.26       0.16
       0.17       0.23       0.35       0.27       0.32       0.41       0.37       0.29       0.37
       0.07       0.19       0.25       0.15       0.22       0.36       0.47       0.31       0.40
       0.15       0.15       0.24       0.26       0.22       0.28       0.34       0.34       0.28
       0.13       0.15       0.25       0.24       0.26       0.36       0.34       0.37       0.26
       0.14       0.19       0.17       0.26       0.25       0.40       0.35       0.30       0.21
       0.22       0.22       0.13       0.27       0.27       0.19       0.19       0.27       0.24
       0.01       0.01       0.04       0.24       0.29       0.25       0.20       0.13       0.10
       0.01       0.01       0.08       0.19       0.22       0.23       0.14       0.06       0.07
       0.01       0.06       0.17       0.27       0.22       0.12       0.08       0.11       0.07
    691200    9   13
       0.00       0.02       0.11       0.05       0.10       0.17       0.24       0.26       0.18
       0.00       0.06       0.13       0.07       0.16       0.18       0.26       0.26       0.28
       0.00       0.07       0.07       0.03       0.07       0.06       0.16       0.15       0.25
       0.00       0.03       0.07       0.02       0.02       0.03       0.11       0.14       0.14
       0.01       0.00       0.01       0.00       0.02       0.00       0.09       0.11       0.07
       0.01       0.01       0.00       0.00       0.01       0.00       0.04       0.15       0.17
       0.03       0.01       0.01       0.01       0.04       0.02       0.02       0.06       0.09
       0.04       0.03       0.03       0.04       0.01       0.03       0.06       0.13       0.14
       0.08       0.10       0.05       0.03       0.02       0.05       0.07       0.06       0.12
       0.08       0.03       0.00       0.00       0.03       0.04       0.03       0.05       0.06
       0.07       0.02       0.01       0.00       0.03       0.04       0.05       0.04       0.06
       0.08       0.02       0.00       0.01       0.04       0.05       0.05       0.06       0.07
       0.01       0.00       0.02       0.08       0.04       0.07       0.12       0.13       0.04
    777600    9   13
       0.00       0.00       0.02       0.02       0.03       0.07       0.16       0.15       0.18
       0.01       0.07       0.02       0.01       0.07       0.06       0.08       0.17       0.17
       0.01       0.05       0.07       0.07       0.11       0.05       0.07       0.08       0.05
       0.14       0.20       0.14       0.05       0.13       0.09       0.06       0.07       0.07
       0.22       0.41       0.23       0.13       0.04       0.06       0.07       0.06       0.02
       0.22       0.35       0.23       0.19       0.04       0.03       0.05       0.07       0.07
       0.32       0.37       0.42       0.29       0.03       0.02       0.01       0.06       0.11
       0.26       0.33       0.49       0.39       0.13       0.03       0.06       0.06       0.06
       0.23       0.36       0.38       0.39       0.16       0.10       0.08       0.03       0.07
       0.40       0.50       0.66       0.68       0.21       0.26       0.12       0.07       0.11
       0.20       0.39       0.95       0.48       0.27       0.37       0.11       0.05       0.07
       0.25       0.27       0.29       0.34       0.27       0.22       0.16       0.12       0.03
       0.08       0.06       0.11       0.15       0.19       0.07       0.13       0.08       0.02
    864000    9   13
       0.00       0.00       0.00       0.02       0.00       0.03       0.12       0.09       0.07
       0.00       0.01       0.00       0.00       0.01       0.03       0.08       0.07       0.09
       0.00       0.00       0.00       0.04       0.05       0.07       0.05       0.08       0.07
       0.04       0.04       0.04       0.02       0.09       0.17       0.06       0.09       0.07
       0.17       0.14       0.10       0.11       0.11       0.14       0.07       0.05       0.09
       0.20       0.18       0.17       0.21       0.19       0.04       0.06       0.05       0.14
       0.24       0.26       0.12       0.26       0.16       0.02       0.04       0.06       0.08
       0.20       0.28       0.10       0.33       0.27       0.08       0.02       0.03       0.03
       0.11       0.26       0.19       0.19       0.16       0.05       0.02       0.01       0.01
       0.26       0.26       0.19       0.09       0.03       0.04       0.01       0.01       0.01
       0.05       0.15       0.20       0.12       0.05       0.16       0.05       0.00       0.01
       0.00       0.08       0.14       0.11       0.08       0.12       0.03       0.00       0.03
       0.00       0.01       0.08       0.13       0.06       0.02       0.02       0.01       0.00
    950400    9   13
       0.32       0.55       0.17       0.16       0.28       0.24       0.43       0.27       0.19
       0.35       0.78       0.10       0.34       0.39       0.15       0.24       0.25       0.40
       0.60       0.86       0.25       0.38       0.40       0.20       0.23       0.27       0.68
       0.14       0.40       0.64       0.34       0.41       0.44       0.37       0.37       0.71
       0.27       0.19       0.50       0.34       0.32       0.39       0.36       0.33       0.56
       0.28       0.24       0.26       0.52       0.33       0.27       0.31       0.27       0.45
       0.29       0.20       0.14       0.28       0.17       0.18       0.22       0.27       0.34
       0.20       0.11       0.14       0.13       0.07       0.13       0.14       0.14       0.27
       0.17       0.33       0.29       0.09       0.04       0.05       0.05       0.06       0.13
       0.22       0.24       0.26       0.22       0.21       0.25       0.14       0.15       0.13
       0.12       0.17       0.20       0.20       0.21       0.24       0.16       0.16       0.20
       0.01       0.02       0.10       0.17       0.09       0.07       0.11       0.08       0.11
       0.00       0.00       0.06       0.13       0.11       0.03       0.07       0.19       0.11
   1036800    9   13
       0.36       0.50       0.73       1.14       0.84       0.50       0.57       0.55       0.37
       0.37       0.76       0.95       0.87       0.33       0.39       0.38       0.41       0.37
       0.20       0.39       0.78       0.57       0.55       0.51       0.69       1.01       0.43
       0.37       0.52       0.82       0.65       0.81       0.95       1.05       0.70       0.63
       1.13       1.50       3.04       0.92       0.35       0.43       0.88       0.79       0.92
       0.62       0.70       1.74       0.48       0.33       0.34       0.67       0.79       1.12
       0.23       0.14       0.29       0.20       0.19       0.52       0.38       0.43       0.77
       0.11       0.08       0.07       0.06       0.10       0.29       0.23       0.23       0.37
       0.14       0.10       0.07       0.05       0.04       0.12       0.10       0.13       0.17
       0.18       0.17       0.09       0.04       0.04       0.32       0.18       0.15       0.16
       0.03       0.03       0.03       0.06       0.12       0.25       0.22       0.24       0.28
       0.01       0.01       0.01       0.02       0.04       0.10       0.13       0.21       0.18
       0.00       0.01       0.03       0.04       0.04       0.07       0.07       0.19       0.08
   1123200    9   13
       1.15       0.77       0.73       1.03       1.31       2.72       2.59       0.94       0.88
       1.02       0.75       0.48       0.59       1.04       1.35       1.41       0.95       0.85
       0.68       0.55       0.32       0.27       0.49       1.05       1.61       1.02       0.90
       0.49       0.44       0.38       0.34       0.30       0.70       1.17       0.93       0.87
       0.42       0.48       0.55       0.55       0.41       0.36       0.44       0.87       0.81
       0.61       0.55       0.53       0.45       0.37       0.40       0.24       0.50       0.76
       0.39       0.52       0.43       0.34       0.26       0.26       0.20       0.27       0.33
       0.21       0.26       0.27       0.27       0.15       0.15       0.17       0.15       0.11
       0.33       0.27       0.20       0.07       0.05       0.08       0.08       0.04       0.07
       0.29       0.27       0.21       0.08       0.05       0.06       0.06       0.01       0.04
       0.28       0.18       0.07       0.05       0.03       0.01       0.02       0.04       0.00
       0.13       0.10       0.07       0.07       0.05       0.01       0.03       0.09       0.06
       0.12       0.16       0.20       0.20       0.16       0.07       0.07       0.11       0.18
   1209600    9   13
       0.74       0.87       1.05       0.73       0.57       0.87       1.14       0.43       0.29
       0.31       0.66       0.95       0.52       0.64       0.35       0.27       0.29       0.36
       0.10       0.21       0.27       0.30       0.45       0.43       0.25       0.45       0.52
       0.05       0.08       0.09       0.13       0.96       1.32       0.63       0.47       0.75
       0.02       0.09       0.24       0.48       0.51       1.09       0.87       0.45       0.83
       0.24       0.34       0.49       0.67       0.56       0.54       0.40       0.64       0.63
       0.39       0.48       0.57       0.53       0.39       0.43       0.49       0.54       0.45
       0.47       0.59       0.74       0.51       0.43       0.46       0.42       0.38       0.48
       0.38       0.58       0.72       0.45       0.40       0.49       0.38       0.34       0.39
       0.31       0.51       0.49       0.43       0.38       0.51       0.42       0.38       0.39
       0.38       0.49       0.74       0.63       0.57       0.52       0.45       0.31       0.29
       0.31       0.50       0.72       0.62       0.80       0.80       0.44       0.24       0.23
       0.27       0.29       0.44       0.44       0.53       0.59       0.37       0.25       0.27
   1296000    9   13
       0.14       0.25       0.42       0.49       0.61       0.97       0.93       0.93       1.06
       0.07       0.15       0.31       0.32       0.48       0.90       0.80       0.58       0.93
       0.07       0.07       0.20       0.20       0.27       0.38       0.48       0.55       0.58
       0.17       0.10       0.12       0.22       0.63       0.57       0.51       0.58       0.36
       0.17       0.26       0.26       0.22       0.28       0.38       0.44       0.43       0.35
       0.07       0.15       0.34       0.48       0.75       0.76       0.48       0.53       0.40
       0.11       0.16       0.26       0.26       0.38       0.46       0.55       0.59       0.52
       0.21       0.20       0.33       0.40       0.28       0.31       0.40       0.50       0.52
       0.27       0.33       0.38       0.49       0.34       0.12       0.18       0.34       0.37
       0.25       0.26       0.19       0.18       0.23       0.14       0.16       0.15       0.11
       0.26       0.25       0.25       0.20       0.22       0.18       0.21       0.19       0.07
       0.14       0.11       0.15       0.27       0.39       0.35       0.41       0.33       0.14
       0.18       0.11       0.11       0.13       0.27       0.57       0.53       0.41       0.27
