         0    9   13
       0.20       0.26       0.34       0.34       0.32       0.20       0.19       0.18       0.21
       0.17       0.27       0.22       0.27       0.15       0.22       0.28       0.26       0.28
       0.11       0.26       0.15       0.08       0.16       0.30       0.35       0.28       0.45
       0.29       0.42       0.36       0.31       0.24       0.32       0.37       0.36       0.44
       0.56       0.62       0.58       0.52       0.44       0.30       0.49       0.48       0.70
       0.81       0.70       0.42       0.38       0.39       0.39       0.59       0.75       0.73
       0.68       0.95       0.63       0.61       0.56       0.61       0.66       0.68       0.73
       0.43       0.83       0.87       0.57       0.51       0.58       0.70       0.64       0.60
       0.34       0.68       0.51       0.30       0.30       0.59       0.49       0.32       0.37
       0.40       0.50       0.49       0.47       0.44       0.37       0.32       0.27       0.28
       0.34       0.30       0.38       0.37       0.27       0.17       0.25       0.22       0.19
       0.31       0.18       0.10       0.18       0.22       0.42       0.36       0.27       0.24
       0.27       0.25       0.08       0.09       0.19       0.34       0.37       0.26       0.18
     86400    9   13
       0.07       0.22       0.47       0.52       0.60       0.66       0.55       0.44       0.54
       0.07       0.11       0.57       0.40       0.45       0.65       0.42       0.32       0.47
       0.02       0.10       0.52       0.25       0.32       0.37       0.13       0.15       0.26
       0.01       0.06       0.41       0.13       0.29       0.36       0.17       0.16       0.17
       0.02       0.01       0.10       0.08       0.17       0.34       0.31       0.29       0.42
       0.16       0.27       0.14       0.14       0.29       0.37       0.44       0.38       0.42
       0.40       0.41       0.34       0.31       0.33       0.29       0.39       0.52       0.42
       0.33       0.24       0.24       0.34       0.42       0.49       0.63       0.59       0.42
       0.44       0.22       0.22       0.27       0.90       0.71       0.53       0.69       0.41
       0.41       0.39       0.31       0.29       0.96       0.75       0.75       0.58       0.36
       0.32       0.33       0.41       0.41       0.49       0.67       0.62       0.33       0.26
       0.45       0.34       0.29       0.33       0.48       0.42       0.34       0.33       0.34
       0.42       0.27       0.29       0.36       0.54       0.34       0.44       0.44       0.39
    172800    9   13
       0.23       0.27       0.27       0.11       0.08       0.18       0.38       0.24       0.24
       0.26       0.13       0.34       0.21       0.15       0.32       0.38       0.22       0.21
       0.30       0.11       0.28       0.20       0.28       0.45       0.44       0.35       0.48
       0.44       0.42       0.28       0.28       0.48       0.49       0.88       0.63       0.30
       0.46       0.48       0.38       0.27       0.50       0.58       0.87       0.63       0.40
       0.47       0.51       0.57       0.32       0.32       0.70       0.77       0.72       0.63
       0.36       0.75       0.63       0.44       0.50       0.48       0.68       0.68       0.71
       0.43       0.56       0.62       0.68       0.69       0.44       0.46       0.56       0.58
       0.58       0.63       0.78       0.69       0.86       0.57       0.49       0.44       0.63
       0.99       1.07       0.50       0.78       0.53       0.51       0.37       0.43       0.52
       0.86       1.13       0.88       0.52       0.44       0.39       0.43       0.30       0.28
       0.80       1.38       0.47       0.35       0.33       0.27       0.23       0.24       0.27
       0.89       0.51       0.27       0.28       0.36       0.26       0.26       0.22       0.25
    259200    9   13
       0.24       0.07       0.13       0.14       0.07       0.08       0.19       0.21       0.13
       0.10       0.02       0.20       0.28       0.18       0.18       0.17       0.20       0.12
       0.34       0.08       0.22       0.49       0.36       0.30       0.12       0.07       0.25
       0.37       0.12       0.23       0.35       0.29       0.38       0.24       0.08       0.23
       0.29       0.21       0.35       0.66       0.36       0.37       0.39       0.23       0.21
       0.27       0.18       0.33       0.60       0.51       0.42       0.76       0.52       0.43
       0.16       0.06       0.36       0.47       0.60       0.59       0.84       0.81       0.83
       0.02       0.13       0.45       0.57       1.15       1.22       0.95       0.94       0.75
       0.04       0.27       0.29       0.27       0.55       0.97       0.77       0.87       0.63
       0.08       0.20       0.29       0.24       0.34       0.38       0.59       0.83       0.67
       0.33       0.50       0.40       0.31       0.38       0.34       0.51       0.49       0.39
       0.81       0.70       0.34       0.26       0.26       0.27       0.31       0.26       0.33
       0.60       0.43       0.33       0.27       0.29       0.26       0.25       0.29       0.27
    345600    9   13
       0.25       0.28       0.28       0.23       0.21       0.24       0.15       0.11       0.14
       0.17       0.04       0.17       0.17       0.29       0.41       0.35       0.18       0.18
       0.10       0.01       0.13       0.10       0.16       0.43       0.48       0.41       0.40
       0.03       0.06       0.18       0.13       0.17       0.35       0.54       0.83       0.55
       0.04       0.03       0.19       0.11       0.20       0.49       0.87       0.85       0.76
       0.08       0.16       0.22       0.08       0.21       0.50       0.55       0.62       0.80
       0.22       0.25       0.28       0.13       0.26       0.37       0.36       0.42       0.66
       0.09       0.18       0.17       0.03       0.07       0.18       0.35       0.49       0.63
       0.03       0.06       0.05       0.05       0.10       0.27       0.38       0.46       0.52
       0.07       0.06       0.10       0.19       0.27       0.28       0.35       0.37       0.43
       0.09       0.05       0.07       0.19       0.18       0.16       0.31       0.37       0.36
       0.23       0.11       0.10       0.15       0.18       0.21       0.14       0.24       0.34
       0.27       0.19       0.24       0.20       0.26       0.26       0.10       0.11       0.21
    432000    9   13
       0.14       0.14       0.20       0.29       0.24       0.38       0.54       0.44       0.61
       0.12       0.14       0.16       0.14       0.09       0.42       0.75       0.49       0.43
       0.08       0.06       0.07       0.04       0.08       0.35       0.45       0.29       0.29
       0.10       0.12       0.20       0.14       0.14       0.41       0.50       0.33       0.30
       0.07       0.12       0.29       0.30       0.27       0.39       0.55       0.53       0.41
       0.27       0.31       0.42       0.52       0.54       0.54       0.76       0.63       0.49
       0.17       0.26       0.37       0.67       0.72       0.70       0.74       0.57       0.44
       0.30       0.28       0.30       0.53       0.62       0.51       0.55       0.43       0.44
       0.34       0.41       0.60       0.92       0.49       0.32       0.38       0.37       0.39
       0.53       0.55       0.96       1.25       0.63       0.50       0.45       0.35       0.35
       0.53       0.49       0.51       0.46       0.41       0.38       0.45       0.29       0.34
       0.49       0.45       0.39       0.38       0.43       0.20       0.23       0.29       0.40
       0.52       0.26       0.21       0.34       0.37       0.24       0.26       0.39       0.44
    518400    9   13
       1.09       1.39       2.70       2.58       1.53       1.32       0.99       1.09       1.19
       0.71       0.55       0.95       0.89       0.96       1.16       1.00       1.24       1.45
       0.85       0.38       0.49       0.34       0.27       1.05       1.22       0.91       0.92
       0.27       0.24       0.40       0.49       0.30       0.41       0.72       0.65       0.71
       0.27       0.24       0.25       0.57       0.35       0.39       0.60       0.53       0.53
       0.37       0.34       0.26       0.57       0.34       0.45       0.77       0.70       0.65
       0.27       0.33       0.34       0.45       0.36       0.44       0.69       0.71       0.66
       0.14       0.20       0.33       0.33       0.26       0.34       0.64       0.77       0.71
       0.09       0.12       0.21       0.17       0.19       0.39       0.91       0.67       0.82
       0.12       0.26       0.43       0.33       0.34       0.52       0.78       0.88       0.91
       0.30       0.43       0.50       0.41       0.39       0.50       0.62       0.88       1.01
       0.39       0.52       0.59       0.49       0.44       0.46       0.49       0.90       1.19
       0.52       0.43       0.44       0.59       0.49       0.49       0.49       0.85       1.13
    604800    9   13
       0.81       0.58       0.62       0.73       1.17       1.48       1.14       0.96       1.00
       0.53       0.34       0.47       0.61       1.04       1.25       0.51       0.26       0.31
       0.97       0.68       0.78       0.63       0.34       0.59       0.60       0.48       0.45
       0.52       0.49       0.72       0.84       0.59       0.64       1.03       0.93       0.65
       0.27       0.18       0.38       0.53       0.31       0.57       0.77       0.91       1.24
       0.06       0.06       0.18       0.29       0.19       0.36       0.64       0.84       1.19
       0.03       0.03       0.12       0.12       0.19       0.38       0.66       1.00       1.34
       0.14       0.06       0.04       0.03       0.10       0.28       0.54       0.64       0.75
       0.05       0.07       0.14       0.15       0.07       0.19       0.45       0.53       0.52
       0.22       0.22       0.21       0.25       0.19       0.16       0.26       0.33       0.33
       0.34       0.20       0.13       0.15       0.21       0.20       0.23       0.29       0.27
       0.34       0.24       0.16       0.16       0.24       0.21       0.19       0.27       0.20
       0.26       0.13       0.07       0.08       0.14       0.11       0.13       0.18       0.13
    691200    9   13
       0.14       0.35       0.44       0.64       0.63       0.50       0.51       0.52       0.41
       0.36       0.35       0.41       0.77       0.79       0.49       0.53       0.55       0.41
       0.29       0.25       0.16       0.17       0.36       0.49       0.46       0.56       0.61
       0.12       0.16       0.07       0.03       0.15       0.38       0.35       0.39       0.77
       0.21       0.13       0.17       0.08       0.13       0.31       0.35       0.36       0.49
       0.20       0.11       0.19       0.06       0.15       0.35       0.36       0.26       0.26
       0.22       0.09       0.13       0.04       0.17       0.37       0.44       0.29       0.28
       0.33       0.33       0.24       0.14       0.13       0.29       0.34       0.25       0.26
       0.25       0.34       0.19       0.15       0.21       0.27       0.32       0.14       0.17
       0.17       0.36       0.35       0.27       0.25       0.39       0.38       0.13       0.07
       0.16       0.38       0.51       0.40       0.29       0.31       0.40       0.17       0.10
       0.10       0.32       0.44       0.36       0.34       0.32       0.42       0.32       0.23
       0.06       0.13       0.30       0.38       0.28       0.26       0.29       0.37       0.25
    777600    9   13
       0.00       0.01       0.01       0.00       0.01       0.01       0.02       0.09       0.13
       0.01       0.01       0.02       0.00       0.05       0.03       0.03       0.07       0.10
       0.05       0.06       0.03       0.01       0.19       0.12       0.07       0.15       0.25
       0.14       0.12       0.13       0.05       0.13       0.23       0.26       0.25       0.27
       0.22       0.18       0.17       0.06       0.21       0.33       0.27       0.20       0.17
       0.27       0.31       0.22       0.07       0.22       0.30       0.25       0.22       0.26
       0.30       0.44       0.39       0.26       0.38       0.36       0.36       0.29       0.38
       0.20       0.30       0.35       0.40       0.55       0.52       0.63       0.58       0.51
       0.39       0.41       0.60       0.69       0.89       0.57       0.59       0.87       0.98
       0.27       0.44       1.11       0.88       0.73       0.75       0.49       0.58       0.49
       0.32       0.35       0.41       0.50       0.73       0.70       0.45       0.30       0.34
       0.28       0.27       0.28       0.44       1.29       0.47       0.82       0.64       0.60
       0.17       0.15       0.18       0.39       0.92       0.57       2.41       1.64       1.00
    864000    9   13
       0.14       0.26       0.39       0.30       0.23       0.38       0.54       0.44       0.35
       0.07       0.16       0.36       0.30       0.27       0.42       0.40       0.43       0.42
       0.06       0.14       0.28       0.19       0.34       0.36       0.26       0.38       0.64
       0.06       0.11       0.21       0.14       0.30       0.49       0.47       0.52       0.55
       0.07       0.10       0.18       0.10       0.15       0.56       0.77       0.57       0.53
       0.07       0.09       0.18       0.14       0.14       0.52       0.55       0.60       1.12
       0.22       0.17       0.23       0.36       0.31       0.63       0.61       0.61       1.01
       0.21       0.28       0.22       0.33       0.48       0.64       0.71       0.61       0.72
       0.11       0.21       0.38       0.39       0.39       0.69       1.11       0.65       0.98
       0.21       0.44       0.46       0.38       0.40       0.36       0.71       0.95       1.84
       0.32       0.44       0.41       0.33       0.33       0.30       0.52       1.97       1.64
       0.49       0.44       0.40       0.35       0.36       0.41       0.34       0.54       0.59
       0.35       0.26       0.49       0.44       0.35       0.37       0.26       0.16       0.48
    950400    9   13
       1.08       0.79       2.46       0.83       0.52       0.51       0.41       0.39       0.53
       1.02       1.05       1.03       0.77       0.73       0.65       0.76       0.66       0.64
       1.76       1.21       0.57       0.53       0.79       0.64       0.70       0.66       0.72
       1.11       1.02       0.46       0.77       0.94       0.58       0.49       0.52       0.96
       1.05       1.05       0.55       0.71       0.90       0.57       0.46       0.45       0.70
       0.46       0.80       0.78       0.80       0.83       0.70       0.50       0.50       0.43
       0.28       0.55       0.57       0.53       0.72       0.43       0.34       0.42       0.42
       0.20       0.35       0.27       0.34       0.40       0.34       0.32       0.34       0.42
       0.17       0.51       0.30       0.29       0.34       0.38       0.34       0.27       0.31
       0.22       0.44       0.28       0.31       0.63       0.35       0.27       0.29       0.40
       0.24       0.32       0.28       0.29       0.33       0.25       0.32       0.38       0.47
       0.29       0.30       0.30       0.95       1.35       1.24       1.13       0.92       0.77
       0.29       0.22       0.44       1.54       1.39       1.28       1.49       1.23       1.13
   1036800    9   13
       0.46       0.71       1.11       1.05       0.92       0.38       0.36       0.34       0.34
       0.42       0.55       1.02       0.68       0.56       0.31       0.39       0.44       0.67
       0.05       0.05       0.08       0.13       0.37       0.36       1.04       0.81       0.78
       0.10       0.06       0.03       0.14       0.30       0.44       1.21       0.39       0.17
       0.39       0.18       0.06       0.08       0.15       0.25       0.36       0.18       0.10
       0.69       0.50       0.17       0.26       0.27       0.24       0.19       0.10       0.18
       0.53       0.52       0.35       0.39       0.29       0.25       0.26       0.18       0.24
       0.69       0.51       0.45       0.38       0.40       0.39       0.32       0.27       0.22
       0.61       0.54       0.42       0.27       0.38       0.34       0.27       0.34       0.25
       0.56       0.49       0.38       0.25       0.29       0.28       0.30       0.62       0.43
       0.33       0.29       0.20       0.21       0.27       0.22       0.32       0.61       0.33
       0.18       0.19       0.28       0.34       0.33       0.33       0.34       0.35       0.18
       0.27       0.24       0.37       0.51       0.39       0.49       0.34       0.31       0.29
   1123200    9   13
       0.43       0.45       0.44       0.61       0.57       0.58       0.77       0.60       0.46
       0.37       0.39       0.52       0.77       0.62       0.98       0.90       0.75       0.70
       0.64       0.58       0.63       0.67       0.55       1.48       1.01       0.63       1.10
       0.14       0.33       0.47       0.76       0.58       0.62       0.97       1.06       0.96
       0.07       0.17       0.36       0.61       0.52       0.49       1.01       1.00       0.94
       0.08       0.23       0.26       0.51       0.62       0.76       0.89       0.92       1.07
       0.11       0.34       0.42       0.31       0.27       0.33       0.49       1.03       1.53
       0.15       0.28       0.37       0.08       0.08       0.15       0.37       0.71       1.10
       0.05       0.07       0.04       0.02       0.17       0.27       0.49       0.81       1.35
       0.07       0.07       0.02       0.06       0.31       0.35       0.29       0.49       1.18
       0.33       0.26       0.12       0.08       0.18       0.11       0.21       0.29       0.37
       0.63       0.31       0.19       0.12       0.19       0.15       0.35       0.32       0.11
       0.42       0.26       0.15       0.13       0.31       0.37       0.31       0.14       0.07
   1209600    9   13
       0.31       0.24       0.29       0.45       0.35       0.38       0.50       0.44       0.47
       0.11       0.08       0.20       0.30       0.28       0.37       0.50       0.41       0.47
       0.02       0.09       0.19       0.24       0.13       0.30       0.39       0.27       0.38
       0.03       0.09       0.16       0.24       0.16       0.23       0.21       0.25       0.36
       0.14       0.16       0.19       0.19       0.15       0.27       0.14       0.14       0.27
       0.24       0.19       0.17       0.16       0.14       0.22       0.19       0.12       0.18
       0.20       0.24       0.20       0.11       0.03       0.14       0.20       0.23       0.17
       0.11       0.12       0.15       0.06       0.06       0.15       0.34       0.41       0.38
       0.04       0.06       0.13       0.08       0.09       0.16       0.34       0.41       0.42
       0.05       0.02       0.03       0.03       0.13       0.21       0.22       0.16       0.17
       0.11       0.07       0.04       0.01       0.13       0.14       0.06       0.02       0.06
       0.10       0.14       0.08       0.01       0.02       0.04       0.02       0.02       0.13
       0.04       0.05       0.10       0.03       0.07       0.07       0.13       0.19       0.22
   1296000    9   13
       0.78       0.28       0.20       0.26       0.29       0.31       0.40       0.49       0.44
       0.33       0.30       0.19       0.20       0.27       0.35       0.50       0.57       0.49
       0.15       0.15       0.03       0.15       0.20       0.36       0.49       0.38       0.36
       0.14       0.14       0.04       0.11       0.17       0.26       0.33       0.37       0.32
       0.24       0.07       0.03       0.06       0.07       0.17       0.20       0.45       0.43
       0.27       0.20       0.08       0.07       0.15       0.20       0.23       0.34       0.74
       0.25       0.24       0.15       0.29       0.26       0.29       0.34       0.30       0.28
       0.03       0.03       0.11       0.09       0.12       0.14       0.14       0.15       0.21
       0.01       0.02       0.02       0.02       0.09       0.07       0.07       0.13       0.20
       0.05       0.00       0.03       0.10       0.20       0.19       0.17       0.10       0.17
       0.01       0.00       0.03       0.08       0.17       0.19       0.23       0.33       0.27
       0.01       0.01       0.04       0.06       0.04       0.04       0.12       0.24       0.31
       0.03       0.04       0.06       0.09       0.07       0.16       0.14       0.19       0.25
