         0    9   13
       0.11       0.04       0.14       0.10       0.13       0.07       0.07       0.08       0.07
       0.03       0.08       0.13       0.14       0.11       0.11       0.14       0.10       0.10
       0.01       0.05       0.06       0.07       0.04       0.17       0.24       0.18       0.10
       0.05       0.06       0.02       0.08       0.04       0.16       0.09       0.09       0.07
       0.09       0.01       0.05       0.08       0.04       0.04       0.09       0.08       0.07
       0.16       0.06       0.05       0.04       0.07       0.06       0.14       0.10       0.15
       0.12       0.04       0.07       0.07       0.06       0.16       0.18       0.09       0.14
       0.03       0.02       0.07       0.08       0.07       0.08       0.09       0.14       0.18
       0.01       0.04       0.05       0.05       0.03       0.05       0.07       0.22       0.33
       0.04       0.03       0.03       0.06       0.06       0.07       0.07       0.20       0.24
       0.07       0.16       0.13       0.15       0.10       0.07       0.08       0.17       0.25
       0.23       0.30       0.28       0.28       0.16       0.10       0.09       0.12       0.16
       0.36       0.44       0.41       0.18       0.07       0.01       0.01       0.04       0.06
     86400    9   13
       0.32       0.12       0.09       0.26       0.42       0.51       0.81       0.73       0.63
       0.04       0.00       0.01       0.17       0.14       0.34       0.62       0.56       0.64
       0.00       0.00       0.00       0.05       0.04       0.25       0.47       0.48       0.61
       0.07       0.08       0.01       0.05       0.05       0.17       0.32       0.35       0.52
       0.23       0.14       0.07       0.18       0.10       0.07       0.09       0.21       0.26
       0.16       0.08       0.10       0.22       0.13       0.08       0.19       0.35       0.14
       0.17       0.11       0.13       0.17       0.15       0.18       0.27       0.34       0.17
       0.08       0.07       0.14       0.10       0.09       0.15       0.20       0.17       0.10
       0.05       0.11       0.17       0.04       0.02       0.02       0.05       0.07       0.05
       0.12       0.21       0.19       0.07       0.02       0.01       0.06       0.09       0.10
       0.19       0.25       0.21       0.07       0.04       0.07       0.06       0.12       0.13
       0.26       0.29       0.20       0.15       0.15       0.16       0.10       0.12       0.17
       0.27       0.26       0.21       0.13       0.18       0.07       0.07       0.11       0.17
    172800    9   13
       0.94       0.83       0.62       0.61       0.60       0.66       0.76       0.60       0.35
       0.58       0.30       0.43       0.84       0.64       0.59       0.75       1.06       0.70
       0.60       0.26       0.20       0.53       0.49       0.48       0.60       1.01       0.97
       0.28       0.39       0.41       0.45       0.44       0.45       0.64       0.96       0.71
       0.44       0.33       0.30       0.52       0.44       0.43       0.62       0.87       0.78
       0.32       0.29       0.26       0.32       0.36       0.40       0.64       0.60       0.76
       0.34       0.39       0.37       0.28       0.29       0.41       0.54       0.47       0.46
       0.27       0.28       0.33       0.28       0.29       0.26       0.30       0.44       0.51
       0.23       0.19       0.19       0.11       0.13       0.29       0.27       0.34       0.44
       0.05       0.06       0.04       0.07       0.14       0.35       0.30       0.28       0.36
       0.06       0.06       0.07       0.11       0.14       0.20       0.30       0.49       0.49
       0.06       0.10       0.15       0.12       0.11       0.13       0.16       0.25       0.24
       0.17       0.17       0.19       0.19       0.17       0.18       0.16       0.18       0.18
    259200    9   13
       0.36       0.07       0.07       0.32       0.48       0.38       0.49       0.55       0.88
       0.32       0.09       0.20       0.14       0.34       0.30       0.46       1.06       1.02
       0.33       0.18       0.18       0.08       0.21       0.25       0.50       1.24       1.26
       0.41       0.40       0.27       0.05       0.38       0.45       0.56       1.56       2.48
       0.73       0.56       0.50       0.15       0.59       0.69       0.52       0.97       0.92
       1.46       1.10       0.78       0.59       0.71       0.82       0.49       0.53       1.55
       0.87       1.04       0.76       0.52       0.84       2.86       1.01       1.59       1.34
       0.91       0.83       0.81       1.21       1.20       2.90       2.67       2.42       1.40
       1.01       0.68       1.06       1.24       0.89       0.93       1.03       2.32       1.30
       0.52       0.45       0.82       0.70       0.49       0.69       1.08       1.06       0.44
       0.29       0.27       0.51       0.44       0.39       0.52       1.03       0.96       0.32
       0.31       0.38       0.47       0.31       0.34       0.42       0.52       0.58       0.49
       0.42       0.51       0.47       0.31       0.28       0.32       0.36       0.35       1.13
    345600    9   13
       0.29       0.50       0.38       0.36       0.44       0.40       0.44       0.57       0.56
       0.38       0.37       0.40       0.30       0.24       0.18       0.21       0.38       0.70
       0.40       0.31       0.35       0.25       0.21       0.10       0.09       0.35       0.45
       0.30       0.22       0.17       0.02       0.12       0.13       0.17       0.25       0.22
       0.24       0.21       0.08       0.06       0.17       0.27       0.26       0.21       0.26
       0.30       0.23       0.20       0.29       0.49       0.47       0.59       0.43       0.33
       0.31       0.27       0.34       0.61       3.01       1.53       1.49       1.00       0.78
       0.37       0.40       0.48       1.43       3.10       1.25       1.45       0.94       0.82
       1.02       0.61       0.81       1.24       0.90       0.75       0.93       0.90       0.81
       1.32       0.80       0.81       0.95       1.44       0.69       0.44       0.49       0.96
       1.65       0.92       0.88       0.44       0.40       0.37       0.34       0.27       0.38
       1.21       0.63       0.31       0.38       0.43       0.23       0.26       0.23       0.17
       0.91       0.54       0.30       0.34       0.43       0.14       0.34       0.44       0.53
    432000    9   13
       0.26       0.36       0.33       0.37       0.51       0.52       0.51       0.40       0.29
       0.32       0.27       0.44       0.32       0.51       0.60       0.44       0.42       0.43
       0.20       0.20       0.28       0.18       0.37       0.39       0.35       0.36       0.66
       0.18       0.18       0.22       0.05       0.30       0.38       0.23       0.40       0.52
       0.15       0.15       0.07       0.05       0.33       0.48       0.33       0.35       0.39
       0.21       0.22       0.11       0.16       0.37       0.43       0.33       0.47       0.60
       0.30       0.32       0.27       0.25       0.44       0.43       0.44       0.49       0.73
       0.33       0.41       0.36       0.33       0.36       0.45       0.56       0.62       0.67
       0.32       0.33       0.41       0.49       0.47       0.38       0.48       0.81       0.63
       0.43       0.38       0.37       0.41       0.40       0.35       0.37       0.30       0.28
       0.49       0.39       0.32       0.21       0.29       0.29       0.26       0.21       0.19
       0.48       0.35       0.36       0.28       0.27       0.20       0.17       0.16       0.23
       0.56       0.32       0.39       0.45       0.23       0.16       0.16       0.14       0.18
    518400    9   13
       0.08       0.34       0.38       0.35       0.41       0.43       0.38       0.40       0.43
       0.15       0.34       0.29       0.18       0.35       0.51       0.43       0.32       0.37
       0.09       0.17       0.22       0.13       0.26       0.36       0.23       0.32       0.35
       0.08       0.06       0.17       0.11       0.31       0.35       0.23       0.28       0.28
       0.08       0.08       0.12       0.07       0.18       0.37       0.27       0.27       0.31
       0.07       0.12       0.14       0.08       0.20       0.33       0.26       0.34       0.39
       0.11       0.14       0.15       0.08       0.26       0.28       0.21       0.28       0.42
       0.25       0.13       0.09       0.13       0.28       0.27       0.29       0.23       0.34
       0.58       0.40       0.29       0.26       0.25       0.27       0.21       0.14       0.16
       0.53       0.44       0.27       0.16       0.12       0.08       0.13       0.10       0.07
       0.53       0.30       0.19       0.12       0.09       0.05       0.05       0.06       0.02
       0.51       0.30       0.21       0.18       0.16       0.10       0.05       0.02       0.02
       0.36       0.19       0.17       0.13       0.15       0.09       0.04       0.02       0.06
    604800    9   13
       0.00       0.00       0.00       0.01       0.02       0.01       0.02       0.02       0.12
       0.00       0.00       0.01       0.05       0.07       0.02       0.03       0.03       0.10
       0.00       0.00       0.05       0.10       0.09       0.06       0.03       0.06       0.07
       0.04       0.06       0.04       0.08       0.08       0.17       0.07       0.04       0.04
       0.13       0.05       0.04       0.06       0.02       0.14       0.18       0.08       0.07
       0.28       0.16       0.11       0.07       0.08       0.15       0.20       0.16       0.04
       0.28       0.24       0.14       0.06       0.09       0.19       0.22       0.20       0.12
       0.21       0.18       0.16       0.08       0.09       0.11       0.14       0.19       0.18
       0.14       0.08       0.13       0.20       0.17       0.09       0.08       0.08       0.08
       0.27       0.27       0.26       0.18       0.18       0.09       0.06       0.01       0.02
       0.24       0.24       0.19       0.08       0.11       0.07       0.04       0.01       0.01
       0.13       0.19       0.19       0.10       0.11       0.11       0.05       0.01       0.03
       0.12       0.16       0.16       0.11       0.09       0.09       0.06       0.04       0.09
    691200    9   13
       0.81       1.18       0.73       1.07       1.05       1.03       0.77       0.94       0.93
       0.32       0.48       0.80       0.99       0.96       0.97       0.96       0.90       0.90
       0.26       0.29       0.35       0.54       0.79       0.56       0.94       0.97       0.66
       0.22       0.20       0.13       0.10       0.16       0.26       0.44       0.44       0.42
       0.05       0.03       0.03       0.01       0.08       0.14       0.28       0.38       0.31
       0.06       0.09       0.10       0.12       0.13       0.13       0.19       0.34       0.29
       0.06       0.07       0.10       0.12       0.09       0.11       0.20       0.21       0.17
       0.03       0.04       0.05       0.03       0.06       0.11       0.16       0.16       0.23
       0.05       0.07       0.07       0.07       0.03       0.07       0.16       0.22       0.20
       0.13       0.20       0.23       0.13       0.08       0.09       0.17       0.20       0.18
       0.29       0.31       0.24       0.13       0.12       0.13       0.07       0.08       0.07
       0.31       0.33       0.27       0.22       0.17       0.17       0.09       0.05       0.11
       0.24       0.19       0.19       0.17       0.18       0.19       0.13       0.07       0.14
    777600    9   13
       0.53       0.49       0.26       0.26       0.18       0.15       0.10       0.11       0.25
       0.39       0.22       0.16       0.25       0.27       0.21       0.19       0.25       0.31
       0.25       0.16       0.10       0.27       0.20       0.27       0.39       0.39       0.38
       0.14       0.10       0.13       0.27       0.18       0.27       0.35       0.57       0.43
       0.17       0.08       0.16       0.24       0.22       0.23       0.25       0.51       0.50
       0.02       0.03       0.11       0.15       0.20       0.21       0.27       0.37       0.40
       0.04       0.08       0.10       0.12       0.16       0.18       0.22       0.21       0.23
       0.04       0.04       0.06       0.03       0.08       0.09       0.14       0.15       0.16
       0.06       0.05       0.04       0.05       0.04       0.06       0.09       0.12       0.10
       0.17       0.15       0.08       0.06       0.06       0.03       0.05       0.04       0.01
       0.14       0.10       0.08       0.07       0.08       0.05       0.05       0.05       0.06
       0.16       0.10       0.07       0.07       0.08       0.17       0.14       0.09       0.16
       0.08       0.04       0.08       0.05       0.12       0.26       0.21       0.10       0.16
    864000    9   13
       0.23       0.14       0.19       0.26       0.23       0.19       0.27       0.26       0.29
       0.18       0.11       0.14       0.24       0.21       0.17       0.23       0.27       0.26
       0.10       0.05       0.10       0.25       0.17       0.25       0.23       0.24       0.25
       0.05       0.03       0.07       0.34       0.29       0.27       0.26       0.29       0.38
       0.15       0.08       0.16       0.20       0.28       0.27       0.20       0.29       0.35
       0.14       0.15       0.12       0.16       0.29       0.33       0.26       0.27       0.24
       0.08       0.10       0.11       0.12       0.17       0.27       0.19       0.14       0.14
       0.04       0.04       0.07       0.05       0.14       0.15       0.15       0.11       0.07
       0.02       0.02       0.05       0.08       0.09       0.11       0.11       0.10       0.05
       0.22       0.20       0.12       0.05       0.13       0.09       0.09       0.08       0.05
       0.34       0.35       0.24       0.15       0.10       0.09       0.08       0.06       0.01
       0.30       0.34       0.30       0.24       0.20       0.18       0.13       0.04       0.01
       0.52       0.38       0.25       0.17       0.22       0.23       0.21       0.05       0.01
    950400    9   13
       0.20       0.15       0.20       0.45       0.35       0.25       0.34       0.45       0.53
       0.06       0.07       0.14       0.31       0.21       0.25       0.36       0.48       0.43
       0.00       0.00       0.07       0.20       0.11       0.22       0.42       0.39       0.36
       0.00       0.00       0.05       0.13       0.15       0.07       0.06       0.26       0.44
       0.02       0.02       0.03       0.08       0.17       0.17       0.06       0.29       0.41
       0.06       0.03       0.02       0.09       0.20       0.24       0.19       0.28       0.27
       0.06       0.05       0.13       0.13       0.18       0.21       0.22       0.22       0.19
       0.03       0.02       0.12       0.07       0.10       0.14       0.16       0.17       0.10
       0.01       0.01       0.02       0.07       0.06       0.05       0.14       0.14       0.11
       0.04       0.06       0.09       0.09       0.09       0.04       0.09       0.14       0.10
       0.04       0.06       0.10       0.08       0.10       0.05       0.05       0.06       0.07
       0.05       0.05       0.05       0.07       0.08       0.07       0.09       0.07       0.08
       0.06       0.06       0.04       0.02       0.02       0.02       0.07       0.08       0.06
   1036800    9   13
       0.04       0.01       0.02       0.11       0.09       0.14       0.26       0.41       0.49
       0.06       0.06       0.02       0.04       0.08       0.11       0.14       0.23       0.27
       0.09       0.11       0.07       0.05       0.11       0.12       0.10       0.19       0.25
       0.10       0.18       0.08       0.09       0.15       0.09       0.07       0.08       0.14
       0.09       0.14       0.05       0.10       0.15       0.10       0.07       0.05       0.05
       0.02       0.09       0.04       0.10       0.15       0.08       0.07       0.07       0.07
       0.01       0.09       0.02       0.12       0.17       0.06       0.06       0.11       0.14
       0.02       0.02       0.04       0.14       0.14       0.16       0.15       0.08       0.05
       0.07       0.19       0.14       0.11       0.07       0.07       0.08       0.07       0.04
       0.09       0.22       0.24       0.13       0.06       0.01       0.07       0.08       0.04
       0.01       0.07       0.18       0.16       0.06       0.04       0.06       0.04       0.01
       0.02       0.06       0.14       0.16       0.13       0.03       0.05       0.01       0.01
       0.02       0.05       0.11       0.13       0.12       0.03       0.07       0.01       0.01
   1123200    9   13
       2.12       2.26       1.22       1.50       1.53       1.22       1.27       1.17       1.30
       1.18       1.08       1.03       1.21       2.74       1.31       1.37       1.39       1.23
       0.99       1.21       1.31       1.01       1.25       1.28       1.08       1.24       1.06
       1.26       1.71       1.49       1.05       1.07       1.08       0.88       0.55       0.69
       1.24       1.32       1.05       0.74       0.83       0.98       0.56       0.48       0.70
       1.17       1.10       0.81       0.76       0.80       0.85       0.53       0.47       0.59
       0.78       0.80       0.50       0.61       0.72       0.77       0.52       0.37       0.41
       0.50       0.49       0.45       0.45       0.45       0.40       0.31       0.24       0.21
       0.27       0.28       0.35       0.33       0.21       0.16       0.26       0.26       0.15
       0.17       0.20       0.16       0.17       0.17       0.14       0.24       0.24       0.21
       0.12       0.15       0.17       0.24       0.19       0.13       0.12       0.17       0.20
       0.06       0.13       0.19       0.28       0.25       0.15       0.14       0.14       0.18
       0.02       0.03       0.06       0.17       0.20       0.18       0.13       0.06       0.07
   1209600    9   13
       0.32       0.18       0.18       0.27       0.16       0.19       0.30       0.34       0.26
       0.40       0.34       0.29       0.29       0.27       0.23       0.26       0.34       0.29
       0.20       0.38       0.69       0.45       0.28       0.28       0.19       0.21       0.27
       0.14       0.26       0.75       0.73       0.59       0.46       0.24       0.29       0.35
       0.41       0.38       0.57       0.51       0.29       0.43       0.40       0.45       0.37
       0.33       0.22       0.18       0.12       0.09       0.25       0.33       0.27       0.19
       0.16       0.09       0.09       0.06       0.06       0.21       0.28       0.17       0.14
       0.04       0.03       0.04       0.05       0.08       0.10       0.17       0.18       0.27
       0.02       0.06       0.04       0.04       0.05       0.07       0.11       0.10       0.15
       0.07       0.10       0.01       0.02       0.03       0.04       0.05       0.07       0.07
       0.04       0.06       0.03       0.01       0.04       0.04       0.03       0.03       0.03
       0.03       0.06       0.06       0.05       0.08       0.07       0.05       0.02       0.03
       0.01       0.07       0.13       0.14       0.07       0.13       0.14       0.05       0.08
   1296000    9   13
       0.44       0.27       0.18       0.30       0.36       0.24       0.19       0.25       0.26
       0.91       0.42       0.50       0.56       0.41       0.13       0.11       0.11       0.12
       0.81       0.80       0.92       1.01       0.60       0.22       0.17       0.14       0.12
       0.40       0.37       0.61       1.08       0.79       0.37       0.41       0.40       0.38
       0.34       0.19       0.20       0.63       0.65       0.33       0.54       0.54       0.40
       0.24       0.20       0.20       0.28       0.18       0.27       0.31       0.23       0.20
       0.23       0.11       0.10       0.07       0.03       0.14       0.18       0.22       0.17
       0.12       0.04       0.04       0.05       0.10       0.14       0.27       0.30       0.24
       0.02       0.04       0.04       0.14       0.17       0.18       0.17       0.19       0.14
       0.08       0.12       0.12       0.11       0.07       0.08       0.21       0.24       0.30
       0.17       0.19       0.06       0.04       0.07       0.14       0.12       0.15       0.20
       0.20       0.16       0.10       0.11       0.14       0.20       0.13       0.04       0.08
       0.19       0.19       0.30       0.34       0.36       0.44       0.27       0.12       0.10
