         0    9   13
       0.10       0.15       0.10       0.07       0.14       0.08       0.11       0.17       0.10
       0.06       0.13       0.05       0.05       0.07       0.13       0.12       0.09       0.13
       0.07       0.20       0.04       0.09       0.02       0.10       0.17       0.28       0.26
       0.02       0.05       0.12       0.09       0.11       0.12       0.15       0.27       0.29
       0.06       0.02       0.21       0.23       0.48       0.17       0.13       0.14       0.20
       0.05       0.05       0.19       0.30       0.49       0.40       0.30       0.20       0.19
       0.05       0.06       0.11       0.11       0.21       0.26       0.17       0.17       0.19
       0.07       0.03       0.04       0.03       0.04       0.07       0.11       0.15       0.19
       0.03       0.02       0.01       0.03       0.12       0.09       0.09       0.17       0.21
       0.06       0.03       0.04       0.17       0.26       0.16       0.12       0.13       0.19
       0.19       0.14       0.16       0.22       0.15       0.26       0.16       0.08       0.15
       0.24       0.22       0.14       0.11       0.17       0.20       0.14       0.05       0.18
       0.29       0.15       0.10       0.11       0.14       0.11       0.12       0.04       0.11
     86400    9   13
       0.00       0.00       0.03       0.03       0.02       0.04       0.05       0.04       0.04
       0.02       0.02       0.02       0.02       0.03       0.04       0.04       0.05       0.06
       0.01       0.01       0.03       0.03       0.02       0.04       0.05       0.05       0.06
       0.02       0.04       0.03       0.03       0.02       0.03       0.08       0.03       0.09
       0.04       0.10       0.06       0.05       0.04       0.01       0.06       0.06       0.07
       0.05       0.08       0.04       0.04       0.04       0.01       0.05       0.09       0.08
       0.03       0.04       0.02       0.07       0.04       0.04       0.04       0.09       0.09
       0.08       0.09       0.08       0.04       0.04       0.04       0.03       0.06       0.09
       0.19       0.05       0.02       0.00       0.00       0.04       0.06       0.06       0.07
       0.05       0.02       0.00       0.01       0.02       0.07       0.07       0.06       0.05
       0.01       0.02       0.02       0.02       0.02       0.04       0.08       0.06       0.03
       0.07       0.07       0.05       0.02       0.01       0.02       0.09       0.04       0.01
       0.30       0.38       0.24       0.08       0.04       0.07       0.05       0.04       0.04
    172800    9   13
       0.75       0.87       1.57       0.96       1.02       0.91       1.11       1.31       0.89
       0.46       0.36       0.82       0.86       0.73       0.66       0.74       0.85       0.75
       0.15       0.26       0.50       0.51       0.58       0.46       0.58       0.70       0.64
       0.02       0.05       0.22       0.64       0.59       0.51       0.49       0.54       0.59
       0.04       0.04       0.10       0.21       0.41       0.26       0.17       0.22       0.29
       0.06       0.06       0.07       0.07       0.07       0.10       0.12       0.31       0.18
       0.04       0.04       0.03       0.03       0.02       0.07       0.11       0.24       0.18
       0.04       0.03       0.04       0.01       0.00       0.07       0.11       0.11       0.11
       0.09       0.11       0.04       0.01       0.03       0.04       0.05       0.06       0.06
       0.05       0.06       0.03       0.02       0.02       0.02       0.05       0.05       0.07
       0.00       0.03       0.06       0.03       0.03       0.04       0.06       0.04       0.04
       0.02       0.09       0.17       0.11       0.08       0.07       0.04       0.04       0.05
       0.10       0.14       0.27       0.27       0.19       0.10       0.09       0.05       0.04
    259200    9   13
       0.24       0.87       1.09       0.69       0.88       1.00       1.11       0.93       0.65
       0.11       0.23       0.38       0.72       0.69       0.95       0.92       0.73       0.52
       0.07       0.10       0.29       0.75       0.61       0.32       0.58       0.44       0.21
       0.20       0.27       0.18       0.40       0.49       0.26       0.49       0.15       0.11
       0.29       0.27       0.21       0.19       0.28       0.36       0.31       0.14       0.17
       0.52       0.58       0.27       0.23       0.26       0.31       0.20       0.15       0.13
       0.55       0.68       0.47       0.26       0.19       0.16       0.15       0.11       0.12
       1.28       0.69       0.45       0.42       0.31       0.22       0.19       0.17       0.14
       0.63       0.70       0.60       0.47       0.38       0.27       0.25       0.19       0.17
       0.42       0.36       0.31       0.30       0.20       0.20       0.27       0.24       0.14
       0.15       0.23       0.34       0.31       0.28       0.27       0.23       0.16       0.08
       0.05       0.17       0.36       0.31       0.27       0.22       0.14       0.08       0.10
       0.01       0.09       0.35       0.34       0.28       0.27       0.23       0.10       0.10
    345600    9   13
       0.30       0.31       0.24       0.18       0.11       0.18       0.47       0.51       0.42
       0.31       0.34       0.32       0.39       0.22       0.20       0.42       0.55       0.36
       0.12       0.29       0.17       0.26       0.29       0.19       0.25       0.41       0.28
       0.08       0.21       0.14       0.08       0.13       0.11       0.18       0.43       0.39
       0.21       0.17       0.06       0.07       0.08       0.06       0.12       0.30       0.33
       0.20       0.14       0.03       0.10       0.13       0.08       0.14       0.23       0.22
       0.11       0.12       0.05       0.05       0.18       0.27       0.20       0.17       0.15
       0.04       0.04       0.05       0.07       0.04       0.11       0.16       0.13       0.11
       0.00       0.01       0.04       0.04       0.03       0.06       0.10       0.10       0.10
       0.02       0.01       0.02       0.01       0.02       0.04       0.05       0.03       0.04
       0.01       0.01       0.01       0.02       0.02       0.02       0.05       0.03       0.00
       0.04       0.01       0.00       0.01       0.02       0.02       0.04       0.02       0.03
       0.04       0.01       0.01       0.01       0.02       0.01       0.03       0.03       0.04
    432000    9   13
       0.21       0.13       0.18       0.22       0.11       0.10       0.11       0.17       0.18
       0.09       0.02       0.09       0.19       0.19       0.11       0.16       0.26       0.13
       0.05       0.06       0.06       0.05       0.05       0.12       0.19       0.23       0.13
       0.06       0.05       0.03       0.01       0.01       0.09       0.08       0.09       0.08
       0.01       0.01       0.01       0.01       0.01       0.02       0.07       0.06       0.07
       0.02       0.01       0.00       0.00       0.01       0.03       0.05       0.13       0.15
       0.03       0.06       0.02       0.00       0.00       0.02       0.04       0.09       0.11
       0.01       0.01       0.01       0.00       0.01       0.02       0.04       0.04       0.04
       0.00       0.00       0.00       0.00       0.00       0.02       0.03       0.01       0.01
       0.01       0.00       0.00       0.00       0.00       0.01       0.03       0.02       0.03
       0.01       0.01       0.00       0.00       0.00       0.01       0.02       0.02       0.03
       0.01       0.02       0.00       0.00       0.00       0.01       0.01       0.02       0.01
       0.01       0.01       0.01       0.00       0.01       0.00       0.00       0.00       0.02
    518400    9   13
       0.40       0.29       0.36       0.64       0.56       0.53       0.57       0.58       0.57
       0.19       0.19       0.35       0.51       0.69       0.66       0.68       0.62       0.52
       0.31       0.35       0.29       0.30       0.56       0.31       0.61       0.75       0.64
       0.20       0.22       0.26       0.17       0.18       0.17       0.31       0.55       0.63
       0.07       0.04       0.02       0.08       0.16       0.11       0.09       0.18       0.33
       0.03       0.04       0.01       0.06       0.10       0.11       0.04       0.14       0.31
       0.02       0.02       0.02       0.03       0.04       0.05       0.06       0.23       0.17
       0.02       0.01       0.00       0.01       0.01       0.02       0.06       0.15       0.11
       0.00       0.01       0.01       0.00       0.02       0.02       0.02       0.10       0.10
       0.01       0.00       0.02       0.04       0.05       0.02       0.10       0.12       0.14
       0.01       0.01       0.02       0.05       0.03       0.04       0.03       0.05       0.09
       0.01       0.00       0.01       0.02       0.03       0.03       0.01       0.00       0.06
       0.00       0.00       0.00       0.00       0.01       0.01       0.03       0.00       0.01
    604800    9   13
       0.17       0.11       0.16       0.30       0.27       0.34       0.52       0.50       0.51
       0.14       0.06       0.09       0.15       0.09       0.23       0.41       0.41       0.33
       0.07       0.03       0.07       0.18       0.07       0.12       0.22       0.21       0.25
       0.04       0.04       0.07       0.15       0.13       0.17       0.24       0.20       0.17
       0.05       0.05       0.04       0.07       0.15       0.20       0.17       0.21       0.22
       0.03       0.03       0.03       0.06       0.11       0.21       0.22       0.18       0.20
       0.04       0.04       0.04       0.07       0.13       0.14       0.20       0.26       0.31
       0.04       0.01       0.03       0.04       0.09       0.15       0.31       0.36       0.31
       0.03       0.02       0.04       0.12       0.14       0.20       0.26       0.32       0.22
       0.08       0.09       0.13       0.15       0.19       0.23       0.24       0.24       0.15
       0.14       0.12       0.12       0.30       0.26       0.16       0.20       0.10       0.08
       0.20       0.19       0.11       0.15       0.11       0.11       0.11       0.05       0.04
       0.29       0.17       0.11       0.09       0.09       0.10       0.10       0.11       0.11
    691200    9   13
       0.23       0.06       0.17       0.33       0.17       0.19       0.33       0.30       0.23
       0.29       0.11       0.13       0.23       0.11       0.25       0.41       0.32       0.27
       0.14       0.17       0.20       0.30       0.06       0.14       0.17       0.21       0.19
       0.07       0.13       0.26       0.40       0.38       0.20       0.48       0.40       0.22
       0.09       0.12       0.24       0.59       0.70       0.54       0.65       0.64       0.64
       0.18       0.20       0.28       0.71       0.68       0.68       0.77       0.83       0.87
       0.12       0.27       0.56       0.67       0.91       1.00       0.91       0.88       0.84
       0.11       0.30       0.77       0.83       1.17       1.10       1.66       1.19       1.44
       0.24       0.28       0.39       0.80       1.42       1.22       1.41       1.48       1.51
       0.51       0.59       0.47       1.09       1.33       1.26       1.16       1.43       1.25
       0.33       0.31       0.47       0.84       1.07       0.72       0.69       0.75       0.96
       0.17       0.57       0.64       0.67       0.80       0.51       0.31       0.32       0.52
       0.42       0.60       0.56       0.47       0.55       0.51       0.26       0.30       0.22
    777600    9   13
       0.70       0.80       0.81       0.95       1.02       1.00       0.92       0.32       0.31
       0.62       0.81       0.84       1.41       1.25       1.10       0.92       0.49       0.48
       0.69       0.86       0.86       0.93       0.84       0.84       0.61       0.49       0.24
       0.44       0.60       0.80       0.92       0.74       0.62       0.20       0.15       0.09
       0.25       0.63       0.72       0.56       0.41       0.54       0.15       0.10       0.13
       0.20       0.19       0.30       0.44       0.19       0.19       0.12       0.16       0.32
       0.05       0.11       0.31       0.34       0.19       0.15       0.37       0.43       0.58
       0.04       0.18       0.28       0.34       0.50       0.47       0.86       0.83       0.62
       0.06       0.12       0.18       0.43       0.70       1.22       1.41       0.67       0.42
       0.15       0.34       0.46       0.72       1.11       1.26       1.16       0.57       0.38
       0.25       0.34       0.48       0.89       1.07       0.76       0.54       0.41       0.34
       0.28       0.78       1.04       0.67       0.80       0.47       0.34       0.30       0.29
       0.51       0.78       0.70       0.60       0.69       0.51       0.39       0.35       0.23
    864000    9   13
       0.40       0.31       0.38       0.64       0.87       0.94       0.96       0.74       0.53
       0.23       0.28       0.36       0.83       0.80       0.92       1.00       1.31       0.85
       0.27       0.30       0.65       0.89       0.83       0.74       0.98       0.93       0.75
       0.38       0.32       0.47       0.87       0.91       0.74       0.65       0.54       0.48
       0.44       0.29       0.51       0.78       0.54       0.41       0.31       0.18       0.18
       0.35       0.61       0.68       0.57       0.18       0.14       0.14       0.16       0.17
       0.31       0.68       0.65       0.26       0.17       0.20       0.20       0.17       0.19
       0.43       0.62       0.51       0.44       0.26       0.26       0.39       0.31       0.17
       0.31       0.41       0.36       0.27       0.23       0.24       0.42       0.27       0.19
       0.24       0.24       0.31       0.50       0.56       0.37       0.34       0.30       0.27
       0.25       0.26       0.62       0.84       0.74       0.47       0.41       0.44       0.41
       0.38       0.63       0.75       0.56       0.44       0.38       0.42       0.50       0.52
       0.48       0.78       0.70       0.54       0.46       0.62       0.56       0.44       0.39
    950400    9   13
       0.28       0.28       0.12       0.11       0.14       0.14       0.15       0.30       0.22
       0.22       0.13       0.14       0.10       0.11       0.07       0.09       0.11       0.11
       0.17       0.07       0.06       0.04       0.05       0.04       0.06       0.14       0.06
       0.08       0.05       0.07       0.05       0.06       0.06       0.09       0.08       0.04
       0.09       0.10       0.11       0.01       0.01       0.01       0.06       0.03       0.02
       0.08       0.08       0.08       0.00       0.02       0.01       0.04       0.03       0.02
       0.09       0.06       0.04       0.01       0.08       0.06       0.06       0.06       0.05
       0.05       0.02       0.04       0.08       0.06       0.13       0.14       0.09       0.06
       0.05       0.07       0.16       0.22       0.08       0.15       0.17       0.09       0.05
       0.15       0.28       0.40       0.37       0.11       0.09       0.12       0.04       0.04
       0.29       0.51       0.48       0.29       0.03       0.17       0.10       0.08       0.13
       0.39       0.50       0.28       0.09       0.03       0.06       0.09       0.17       0.20
       0.35       0.27       0.15       0.05       0.03       0.07       0.10       0.20       0.26
   1036800    9   13
       0.01       0.14       0.06       0.01       0.03       0.02       0.02       0.04       0.05
       0.03       0.14       0.07       0.04       0.04       0.04       0.03       0.01       0.06
       0.06       0.17       0.07       0.03       0.03       0.02       0.02       0.01       0.04
       0.05       0.12       0.03       0.01       0.01       0.03       0.03       0.03       0.03
       0.11       0.09       0.01       0.02       0.03       0.01       0.04       0.00       0.00
       0.16       0.13       0.04       0.01       0.00       0.00       0.02       0.00       0.00
       0.07       0.04       0.01       0.00       0.00       0.01       0.01       0.01       0.02
       0.01       0.00       0.02       0.03       0.02       0.06       0.06       0.10       0.14
       0.00       0.01       0.03       0.04       0.04       0.09       0.17       0.14       0.22
       0.01       0.01       0.03       0.11       0.17       0.17       0.20       0.13       0.17
       0.01       0.02       0.04       0.09       0.11       0.10       0.18       0.11       0.09
       0.01       0.00       0.00       0.01       0.01       0.06       0.09       0.07       0.05
       0.01       0.00       0.00       0.00       0.06       0.08       0.01       0.01       0.02
   1123200    9   13
       0.01       0.17       0.11       0.02       0.09       0.09       0.08       0.09       0.07
       0.01       0.07       0.04       0.02       0.05       0.04       0.04       0.06       0.06
       0.01       0.10       0.08       0.01       0.04       0.01       0.07       0.08       0.10
       0.00       0.04       0.06       0.01       0.03       0.01       0.02       0.07       0.14
       0.00       0.01       0.00       0.00       0.05       0.00       0.00       0.04       0.08
       0.00       0.01       0.00       0.00       0.01       0.00       0.00       0.03       0.04
       0.01       0.00       0.00       0.00       0.00       0.00       0.00       0.00       0.00
       0.00       0.00       0.00       0.00       0.00       0.00       0.00       0.00       0.00
       0.00       0.00       0.00       0.00       0.00       0.00       0.00       0.00       0.00
       0.00       0.00       0.00       0.00       0.00       0.02       0.03       0.02       0.01
       0.00       0.00       0.00       0.00       0.00       0.01       0.01       0.02       0.01
       0.00       0.00       0.00       0.01       0.00       0.01       0.01       0.00       0.00
       0.00       0.00       0.01       0.02       0.02       0.07       0.02       0.00       0.00
   1209600    9   13
       0.07       0.30       0.31       0.12       0.23       0.33       0.38       0.19       0.17
       0.10       0.31       0.36       0.35       0.43       0.33       0.53       0.54       0.26
       0.18       0.64       0.74       0.70       0.76       0.42       0.61       0.67       0.49
       0.22       0.55       0.80       0.63       0.73       0.60       0.64       0.92       0.63
       0.37       0.62       0.94       0.77       0.97       0.80       0.51       0.86       0.62
       0.28       0.62       0.84       0.89       0.92       0.78       0.51       0.57       0.40
       0.16       0.25       0.21       0.51       0.90       0.67       0.37       0.41       0.39
       0.12       0.21       0.13       0.44       0.51       0.50       0.39       0.32       0.27
       0.04       0.17       0.16       0.32       0.26       0.17       0.26       0.31       0.21
       0.01       0.17       0.08       0.05       0.04       0.04       0.09       0.18       0.11
       0.02       0.13       0.06       0.00       0.00       0.01       0.01       0.02       0.03
       0.05       0.03       0.02       0.00       0.00       0.00       0.00       0.01       0.00
       0.11       0.08       0.02       0.00       0.00       0.02       0.04       0.05       0.00
   1296000    9   13
       0.09       0.05       0.08       0.11       0.11       0.14       0.14       0.16       0.16
       0.06       0.05       0.04       0.05       0.11       0.10       0.17       0.21       0.17
       0.06       0.08       0.03       0.04       0.11       0.13       0.14       0.30       0.22
       0.04       0.06       0.02       0.03       0.12       0.20       0.20       0.32       0.33
       0.04       0.03       0.02       0.03       0.09       0.17       0.14       0.18       0.27
       0.04       0.07       0.04       0.03       0.06       0.10       0.10       0.12       0.21
       0.07       0.10       0.04       0.06       0.06       0.07       0.12       0.12       0.17
       0.04       0.06       0.03       0.08       0.10       0.11       0.12       0.11       0.09
       0.00       0.03       0.03       0.06       0.10       0.09       0.08       0.06       0.05
       0.00       0.00       0.01       0.01       0.03       0.04       0.04       0.03       0.01
       0.01       0.01       0.00       0.00       0.03       0.04       0.02       0.02       0.01
       0.05       0.01       0.00       0.00       0.01       0.01       0.01       0.01       0.03
       0.00       0.00       0.00       0.00       0.00       0.00       0.00       0.01       0.01
