         0    9   13
       0.32       0.39       0.35       0.26       0.31       0.32       0.38       0.45       0.56
       0.18       0.23       0.25       0.27       0.22       0.26       0.32       0.56       0.62
       0.18       0.28       0.29       0.30       0.33       0.19       0.25       0.36       0.52
       0.25       0.56       0.41       0.39       0.29       0.21       0.33       0.50       0.47
       0.31       0.38       0.35       0.43       0.36       0.17       0.23       0.36       0.36
       0.31       0.36       0.23       0.19       0.26       0.17       0.27       0.36       0.22
       0.31       0.72       0.91       1.32       0.78       0.23       0.40       0.39       0.35
       0.23       0.42       0.59       1.03       1.04       0.43       0.43       0.32       0.30
       0.19       0.37       0.34       0.32       0.61       0.76       0.45       0.22       0.16
       0.15       0.22       0.38       0.40       0.32       0.39       0.38       0.29       0.12
       0.03       0.11       0.34       0.27       0.19       0.18       0.16       0.14       0.08
       0.01       0.02       0.14       0.26       0.16       0.14       0.11       0.07       0.06
       0.00       0.00       0.04       0.22       0.17       0.10       0.08       0.08       0.06
     86400    9   13
       0.02       0.07       0.05       0.08       0.10       0.12       0.10       0.17       0.14
       0.02       0.06       0.10       0.17       0.10       0.06       0.08       0.16       0.20
       0.00       0.01       0.08       0.22       0.12       0.06       0.16       0.13       0.31
       0.01       0.01       0.09       0.19       0.17       0.07       0.24       0.19       0.42
       0.01       0.01       0.09       0.10       0.11       0.03       0.11       0.28       0.48
       0.02       0.02       0.02       0.01       0.02       0.03       0.04       0.08       0.19
       0.03       0.03       0.01       0.01       0.06       0.05       0.03       0.01       0.05
       0.03       0.01       0.01       0.01       0.04       0.04       0.02       0.02       0.01
       0.02       0.02       0.01       0.02       0.01       0.01       0.01       0.02       0.02
       0.04       0.01       0.00       0.01       0.02       0.01       0.01       0.02       0.04
       0.14       0.03       0.01       0.02       0.01       0.01       0.01       0.02       0.02
       0.02       0.00       0.01       0.02       0.01       0.01       0.01       0.00       0.02
       0.00       0.00       0.01       0.01       0.01       0.01       0.00       0.01       0.00
    172800    9   13
       0.11       0.20       0.13       0.15       0.24       0.30       0.17       0.45       0.24
       0.06       0.22       0.31       0.43       0.62       0.66       0.36       0.30       0.30
       0.03       0.19       0.33       0.48       0.74       0.99       0.59       0.35       0.45
       0.09       0.13       0.35       0.19       0.37       0.48       0.31       0.40       0.47
       0.03       0.02       0.11       0.09       0.19       0.25       0.14       0.23       0.50
       0.02       0.02       0.02       0.01       0.03       0.11       0.08       0.07       0.16
       0.03       0.03       0.01       0.01       0.02       0.06       0.06       0.05       0.08
       0.02       0.01       0.01       0.00       0.03       0.06       0.04       0.04       0.04
       0.01       0.01       0.01       0.01       0.01       0.02       0.02       0.01       0.04
       0.03       0.01       0.00       0.02       0.03       0.02       0.01       0.04       0.04
       0.01       0.01       0.01       0.08       0.10       0.13       0.10       0.04       0.03
       0.03       0.01       0.01       0.06       0.13       0.15       0.12       0.04       0.09
       0.02       0.01       0.01       0.06       0.13       0.02       0.05       0.05       0.09
    259200    9   13
       0.11       0.20       0.34       0.38       0.60       0.63       0.25       0.21       0.17
       0.05       0.27       0.48       0.48       0.85       1.33       0.41       0.22       0.26
       0.01       0.27       0.45       0.43       0.55       0.47       0.43       0.50       0.67
       0.11       0.12       0.41       0.44       0.57       0.31       0.31       0.59       0.63
       0.13       0.27       0.63       0.56       0.48       0.22       0.30       0.44       0.63
       0.34       0.18       0.25       0.27       0.30       0.17       0.19       0.30       0.57
       0.30       0.12       0.08       0.08       0.17       0.11       0.11       0.24       0.45
       0.02       0.01       0.04       0.10       0.11       0.08       0.09       0.18       0.26
       0.02       0.01       0.01       0.03       0.04       0.04       0.05       0.17       0.17
       0.03       0.01       0.01       0.00       0.01       0.03       0.04       0.17       0.21
       0.01       0.01       0.01       0.01       0.04       0.04       0.05       0.10       0.19
       0.02       0.11       0.08       0.03       0.05       0.02       0.10       0.15       0.16
       0.03       0.04       0.07       0.07       0.05       0.06       0.07       0.12       0.10
    345600    9   13
       0.45       1.15       2.02       0.31       0.48       1.09       1.14       0.55       0.47
       0.35       0.57       0.54       0.44       0.51       0.58       0.76       0.56       0.56
       0.25       0.28       0.55       0.49       0.51       0.55       0.70       0.91       0.85
       0.29       0.16       0.43       0.56       0.68       0.89       0.92       0.87       0.53
       1.03       0.53       0.54       0.47       0.63       0.94       0.93       0.41       0.39
       1.23       0.70       0.66       0.37       1.13       0.86       0.66       0.43       0.39
       1.12       0.49       0.75       0.32       0.71       0.53       0.73       0.40       0.39
       0.32       0.35       1.17       0.39       0.59       0.59       0.76       0.46       0.21
       0.23       0.23       0.67       1.70       0.98       0.69       0.96       0.62       0.21
       0.15       0.28       0.38       0.58       0.55       0.53       0.77       0.93       0.24
       0.28       1.25       1.07       0.24       0.37       0.62       0.81       1.09       0.57
       0.39       1.69       1.05       0.22       0.31       0.43       0.58       0.60       0.68
       0.28       0.48       0.38       0.26       0.45       0.45       0.55       0.55       0.52
    432000    9   13
       0.17       0.13       0.13       0.10       0.08       0.05       0.03       0.04       0.03
       0.30       0.30       0.29       0.23       0.16       0.09       0.03       0.03       0.06
       0.33       0.23       0.18       0.17       0.21       0.05       0.04       0.05       0.06
       0.13       0.03       0.02       0.05       0.04       0.01       0.03       0.03       0.02
       0.21       0.02       0.00       0.02       0.02       0.01       0.02       0.01       0.00
       1.09       0.13       0.02       0.01       0.01       0.01       0.01       0.01       0.00
       0.72       0.21       0.03       0.00       0.01       0.02       0.01       0.01       0.00
       0.57       0.29       0.03       0.01       0.01       0.01       0.01       0.01       0.00
       0.36       0.17       0.03       0.02       0.01       0.02       0.01       0.00       0.00
       0.18       0.17       0.10       0.01       0.01       0.01       0.01       0.01       0.00
       0.20       0.32       0.27       0.04       0.01       0.01       0.01       0.02       0.01
       0.07       0.19       0.18       0.09       0.01       0.00       0.00       0.01       0.00
       0.05       0.09       0.18       0.09       0.04       0.00       0.00       0.00       0.00
    518400    9   13
       0.20       0.53       0.43       0.16       0.13       0.09       0.15       0.17       0.29
       0.11       0.18       0.21       0.17       0.17       0.09       0.10       0.17       0.36
       0.06       0.04       0.10       0.09       0.16       0.06       0.04       0.11       0.19
       0.11       0.03       0.02       0.02       0.03       0.03       0.03       0.06       0.07
       0.17       0.05       0.02       0.02       0.02       0.03       0.03       0.05       0.08
       0.35       0.22       0.03       0.03       0.02       0.04       0.08       0.09       0.26
       0.57       0.39       0.17       0.07       0.04       0.06       0.17       0.11       0.21
       0.62       0.35       0.30       0.20       0.07       0.08       0.24       0.20       0.15
       0.58       0.26       0.34       0.55       0.12       0.08       0.19       0.22       0.18
       0.37       0.46       0.60       0.51       0.11       0.07       0.11       0.13       0.13
       0.41       0.35       0.48       0.27       0.18       0.17       0.06       0.06       0.08
       0.46       0.25       0.39       0.30       0.17       0.26       0.14       0.10       0.07
       0.27       0.23       0.37       0.31       0.17       0.22       0.23       0.13       0.08
    604800    9   13
       0.54       0.53       0.36       0.29       0.44       0.51       0.29       0.27       0.33
       0.49       0.44       0.33       0.26       0.57       0.59       0.32       0.28       0.24
       0.49       0.48       0.24       0.19       0.35       0.23       0.23       0.26       0.22
       0.88       0.56       0.39       0.38       0.29       0.23       0.32       0.30       0.30
       0.32       0.53       0.52       0.47       0.24       0.31       0.40       0.31       0.44
       0.34       0.53       0.67       0.66       0.25       0.37       0.52       0.39       0.39
       0.35       0.70       0.73       0.63       0.26       0.50       0.61       0.48       0.40
       0.32       0.37       0.32       0.30       0.37       0.75       0.65       0.52       0.49
       0.33       0.22       0.18       0.21       0.32       0.58       0.47       0.60       0.60
       0.75       0.28       0.21       0.20       0.22       0.43       0.37       0.44       0.43
       0.50       0.29       0.37       0.23       0.16       0.29       0.28       0.23       0.21
       0.31       0.23       0.35       0.26       0.18       0.26       0.16       0.16       0.31
       0.27       0.24       0.32       0.27       0.17       0.21       0.11       0.10       0.23
    691200    9   13
       0.51       0.39       0.46       0.64       0.39       0.36       0.50       0.49       0.37
       0.39       0.23       0.36       0.45       0.31       0.25       0.55       0.51       0.50
       0.23       0.19       0.25       0.49       0.27       0.47       0.68       0.48       0.27
       0.29       0.17       0.18       0.39       0.30       0.57       0.64       0.33       0.33
       0.27       0.25       0.19       0.43       0.27       0.62       0.48       0.27       0.20
       0.62       0.36       0.27       0.44       0.22       0.39       0.40       0.23       0.16
       0.83       0.44       0.30       0.24       0.11       0.30       0.32       0.21       0.18
       0.90       0.35       0.32       0.19       0.17       0.30       0.26       0.20       0.17
       0.60       0.37       0.34       0.18       0.21       0.27       0.25       0.18       0.15
       0.97       0.46       0.23       0.20       0.20       0.18       0.16       0.16       0.09
       0.55       0.35       0.27       0.37       0.30       0.16       0.12       0.10       0.12
       0.43       0.32       0.43       0.58       0.32       0.22       0.13       0.13       0.14
       0.32       0.24       0.35       0.26       0.13       0.20       0.20       0.21       0.17
    777600    9   13
       0.23       0.12       0.13       0.13       0.10       0.16       0.20       0.21       0.42
       0.30       0.09       0.11       0.10       0.06       0.17       0.16       0.19       0.38
       0.76       0.28       0.15       0.09       0.10       0.08       0.12       0.15       0.21
       0.96       0.42       0.16       0.09       0.04       0.04       0.12       0.15       0.08
       0.19       0.18       0.15       0.17       0.08       0.11       0.15       0.13       0.11
       0.17       0.16       0.21       0.28       0.21       0.17       0.17       0.19       0.17
       0.18       0.26       1.01       0.80       0.25       0.28       0.33       0.36       0.23
       0.23       0.35       1.17       0.88       0.33       0.40       0.51       0.36       0.24
       0.32       0.31       0.35       0.30       0.33       0.41       0.46       0.35       0.21
       0.60       0.54       0.55       0.24       0.16       0.24       0.32       0.20       0.21
       0.47       0.43       0.43       0.12       0.11       0.13       0.14       0.20       0.22
       0.31       0.31       0.29       0.14       0.11       0.13       0.10       0.10       0.20
       0.08       0.05       0.11       0.08       0.10       0.17       0.08       0.09       0.15
    864000    9   13
       0.56       0.84       1.17       0.60       0.55       0.85       0.96       0.73       0.58
       0.36       0.54       1.15       0.85       0.78       1.07       1.13       0.90       0.90
       0.28       0.13       0.57       0.83       1.10       1.03       0.97       1.19       0.94
       0.28       0.16       0.29       0.17       0.57       1.02       0.92       1.15       0.97
       0.22       0.19       0.59       0.83       0.65       0.94       1.20       0.78       0.55
       0.19       0.19       0.29       0.93       1.17       0.99       1.08       0.86       0.52
       0.07       0.21       0.59       0.39       1.38       1.30       1.44       0.92       0.63
       0.03       0.05       0.42       0.25       0.32       1.23       1.07       1.26       0.66
       0.06       0.01       0.02       0.05       0.14       0.32       0.96       1.25       0.91
       0.06       0.02       0.06       0.05       0.12       0.30       0.71       1.19       1.72
       0.01       0.03       0.12       0.09       0.12       0.24       0.31       0.67       1.81
       0.00       0.02       0.12       0.12       0.10       0.09       0.18       0.60       1.28
       0.00       0.03       0.09       0.12       0.11       0.15       0.17       0.27       0.50
    950400    9   13
       0.05       0.07       0.24       0.33       0.14       0.20       0.17       0.22       0.18
       0.08       0.11       0.43       0.22       0.11       0.16       0.29       0.56       0.70
       0.04       0.14       0.38       0.18       0.16       0.14       0.32       0.82       0.94
       0.09       0.33       0.55       0.19       0.16       0.25       0.22       0.33       0.68
       0.21       0.44       0.94       0.70       0.55       0.39       0.17       0.12       0.20
       0.23       0.53       0.78       1.37       1.17       0.27       0.11       0.27       0.39
       0.14       0.17       0.21       1.38       1.66       0.67       0.32       0.37       0.47
       0.31       0.27       0.39       0.47       0.60       0.75       0.74       0.67       0.65
       0.40       0.39       0.67       0.71       0.58       0.69       0.92       1.25       0.87
       0.75       0.64       1.29       1.46       1.28       0.69       0.71       0.94       0.79
       0.59       0.75       0.84       0.71       0.87       1.08       0.66       0.40       0.37
       0.32       0.59       0.74       0.58       0.49       1.01       0.73       0.72       0.52
       0.22       0.35       0.44       0.49       0.50       0.90       0.63       0.60       0.52
   1036800    9   13
       0.45       0.34       0.08       0.09       0.12       0.17       0.18       0.11       0.08
       0.13       0.18       0.14       0.16       0.28       0.24       0.19       0.17       0.17
       0.05       0.19       0.20       0.20       0.23       0.16       0.15       0.23       0.12
       0.08       0.30       0.30       0.15       0.06       0.04       0.06       0.12       0.16
       0.15       0.22       0.14       0.08       0.04       0.03       0.06       0.07       0.08
       0.20       0.21       0.12       0.11       0.05       0.03       0.03       0.09       0.12
       0.17       0.15       0.08       0.15       0.11       0.07       0.12       0.08       0.06
       0.12       0.02       0.02       0.03       0.04       0.08       0.19       0.10       0.04
       0.13       0.04       0.02       0.01       0.04       0.08       0.15       0.12       0.07
       0.16       0.11       0.08       0.03       0.03       0.09       0.12       0.08       0.09
       0.29       0.18       0.24       0.32       0.26       0.17       0.17       0.12       0.08
       0.78       0.43       0.34       0.48       0.62       0.37       0.17       0.33       0.25
       1.57       2.47       0.65       0.23       0.43       0.34       0.17       0.20       0.23
   1123200    9   13
       0.11       0.17       0.23       0.18       0.15       0.17       0.18       0.44       0.76
       0.36       0.49       0.51       0.37       0.28       0.18       0.19       0.25       1.02
       0.92       1.06       0.71       0.56       0.39       0.27       0.65       0.91       1.27
       0.38       0.80       1.05       1.31       1.03       0.60       0.64       0.74       0.84
       0.27       0.30       0.43       0.83       0.68       0.36       0.37       0.37       0.20
       0.64       0.31       0.12       0.11       0.23       0.14       0.14       0.13       0.14
       0.54       0.76       0.22       0.10       0.04       0.07       0.09       0.06       0.09
       0.43       0.74       0.44       0.17       0.06       0.10       0.10       0.05       0.10
       0.17       0.28       0.49       0.20       0.11       0.08       0.11       0.06       0.10
       0.05       0.14       0.34       0.19       0.12       0.14       0.23       0.14       0.09
       0.14       0.17       0.29       0.22       0.24       0.29       0.69       0.31       0.07
       0.17       0.15       0.29       0.22       0.29       0.58       0.68       0.41       0.23
       0.15       0.17       0.35       0.32       0.32       0.90       0.37       0.58       0.92
   1209600    9   13
       0.08       0.11       0.09       0.10       0.04       0.08       0.11       0.17       0.21
       0.11       0.09       0.11       0.17       0.18       0.26       0.30       0.30       0.35
       0.35       0.07       0.16       0.39       0.79       0.88       0.80       0.59       0.45
       0.89       0.30       0.18       0.36       0.81       1.02       1.26       1.15       0.84
       0.50       0.38       0.36       0.51       1.18       0.91       1.20       1.26       0.99
       1.00       0.89       0.91       1.08       1.38       0.84       0.91       1.44       1.07
       0.83       0.87       1.19       1.40       1.66       1.06       0.86       0.92       0.56
       0.78       1.35       1.40       1.51       1.47       0.78       0.81       0.72       0.65
       0.88       0.95       0.90       1.58       1.53       0.90       0.92       0.48       0.58
       0.72       0.61       0.74       0.58       0.65       0.75       0.56       0.45       0.59
       0.52       0.43       0.44       0.27       0.33       1.08       0.81       0.66       0.57
       0.20       0.27       0.39       0.38       0.62       1.01       0.73       0.60       0.60
       0.16       0.11       0.22       0.32       0.43       0.82       0.46       0.42       0.52
   1296000    9   13
       0.21       0.14       0.15       0.19       0.40       0.32       0.37       0.32       0.21
       0.16       0.12       0.16       0.18       0.62       0.54       0.21       0.21       0.29
       0.22       0.11       0.18       0.46       1.10       1.28       0.19       0.39       0.56
       0.23       0.15       0.18       0.32       0.69       0.89       0.21       0.35       0.18
       0.13       0.16       0.09       0.08       0.23       0.62       0.20       0.33       0.16
       0.14       0.21       0.16       0.07       0.78       0.28       0.21       0.23       0.12
       0.30       0.23       0.18       0.15       0.26       0.17       0.21       0.18       0.12
       0.32       0.31       0.20       0.25       0.20       0.18       0.20       0.19       0.17
       0.26       0.17       0.21       0.20       0.21       0.17       0.21       0.23       0.25
       0.29       0.22       0.19       0.14       0.11       0.16       0.18       0.22       0.24
       0.37       0.30       0.19       0.15       0.18       0.22       0.26       0.30       0.29
       0.26       0.19       0.22       0.23       0.37       0.55       0.44       0.42       0.54
       0.25       0.24       0.26       0.36       0.62       0.90       0.58       0.50       0.50
