         0    9   13
       0.30       0.11       0.17       0.15       0.11       0.23       0.31       0.27       0.23
       0.32       0.20       0.17       0.17       0.10       0.37       0.36       0.27       0.23
       0.23       0.21       0.17       0.19       0.06       0.23       0.24       0.14       0.20
       0.26       0.17       0.16       0.22       0.09       0.13       0.22       0.15       0.22
       0.30       0.20       0.11       0.16       0.12       0.14       0.20       0.17       0.24
       0.23       0.19       0.12       0.18       0.13       0.16       0.18       0.21       0.38
       0.21       0.20       0.17       0.19       0.11       0.13       0.17       0.22       0.34
       0.14       0.22       0.17       0.17       0.18       0.18       0.19       0.25       0.40
       0.13       0.16       0.17       0.21       0.27       0.21       0.25       0.42       0.49
       0.17       0.22       0.23       0.19       0.17       0.30       0.37       0.45       0.62
       0.22       0.30       0.30       0.16       0.15       0.26       0.30       0.44       0.48
       0.16       0.25       0.34       0.23       0.24       0.26       0.14       0.23       0.43
       0.09       0.15       0.24       0.27       0.20       0.33       0.17       0.09       0.12
     86400    9   13
       0.15       0.08       0.04       0.04       0.04       0.04       0.05       0.06       0.06
       0.15       0.09       0.06       0.06       0.03       0.06       0.07       0.08       0.08
       0.20       0.14       0.07       0.06       0.02       0.04       0.06       0.06       0.04
       0.09       0.12       0.07       0.03       0.01       0.02       0.04       0.03       0.02
       0.09       0.10       0.05       0.05       0.02       0.01       0.03       0.04       0.03
       0.09       0.11       0.07       0.11       0.02       0.01       0.05       0.05       0.04
       0.13       0.15       0.08       0.07       0.03       0.02       0.03       0.04       0.07
       0.14       0.13       0.14       0.07       0.05       0.05       0.06       0.09       0.12
       0.15       0.14       0.17       0.12       0.07       0.06       0.03       0.08       0.14
       0.22       0.17       0.09       0.04       0.03       0.06       0.08       0.07       0.11
       0.12       0.10       0.08       0.03       0.03       0.04       0.06       0.10       0.13
       0.02       0.05       0.11       0.05       0.01       0.01       0.01       0.05       0.11
       0.00       0.01       0.03       0.04       0.02       0.05       0.01       0.08       0.14
    172800    9   13
       0.02       0.01       0.02       0.04       0.09       0.11       0.12       0.11       0.09
       0.01       0.01       0.02       0.04       0.04       0.07       0.08       0.08       0.08
       0.01       0.01       0.02       0.03       0.01       0.04       0.09       0.08       0.08
       0.01       0.01       0.02       0.02       0.01       0.02       0.07       0.06       0.08
       0.03       0.02       0.02       0.02       0.01       0.01       0.03       0.04       0.08
       0.03       0.04       0.02       0.02       0.01       0.01       0.03       0.06       0.08
       0.03       0.05       0.03       0.03       0.03       0.01       0.02       0.05       0.08
       0.02       0.01       0.03       0.07       0.03       0.01       0.01       0.05       0.02
       0.02       0.03       0.10       0.14       0.05       0.04       0.03       0.03       0.03
       0.07       0.12       0.08       0.12       0.03       0.06       0.06       0.04       0.02
       0.04       0.11       0.17       0.11       0.05       0.06       0.02       0.03       0.01
       0.01       0.04       0.13       0.14       0.08       0.04       0.01       0.01       0.01
       0.00       0.00       0.08       0.13       0.05       0.02       0.06       0.04       0.00
    259200    9   13
       0.12       0.32       0.18       0.16       0.17       0.22       0.24       0.27       0.29
       0.09       0.22       0.22       0.25       0.17       0.18       0.23       0.32       0.30
       0.09       0.27       0.20       0.23       0.15       0.12       0.23       0.26       0.24
       0.09       0.21       0.18       0.25       0.09       0.07       0.19       0.17       0.17
       0.13       0.16       0.14       0.27       0.14       0.06       0.14       0.15       0.15
       0.10       0.19       0.16       0.13       0.13       0.09       0.14       0.17       0.14
       0.11       0.15       0.15       0.11       0.14       0.08       0.13       0.15       0.12
       0.06       0.06       0.15       0.16       0.14       0.10       0.11       0.10       0.11
       0.03       0.16       0.20       0.15       0.10       0.04       0.09       0.08       0.04
       0.03       0.09       0.15       0.11       0.05       0.06       0.01       0.04       0.02
       0.01       0.02       0.11       0.08       0.05       0.05       0.02       0.02       0.02
       0.00       0.01       0.10       0.11       0.09       0.05       0.02       0.01       0.01
       0.00       0.00       0.04       0.11       0.08       0.05       0.08       0.04       0.00
    345600    9   13
       0.17       0.16       0.18       0.16       0.16       0.17       0.30       0.43       0.49
       0.13       0.15       0.21       0.17       0.17       0.23       0.48       0.61       0.59
       0.09       0.19       0.31       0.18       0.13       0.27       0.59       0.38       0.60
       0.09       0.23       0.37       0.35       0.14       0.22       0.55       0.39       0.53
       0.11       0.15       0.23       0.27       0.12       0.08       0.37       0.27       0.45
       0.10       0.11       0.16       0.14       0.08       0.09       0.18       0.14       0.16
       0.09       0.06       0.03       0.08       0.08       0.07       0.09       0.08       0.10
       0.03       0.03       0.07       0.05       0.05       0.04       0.05       0.09       0.12
       0.01       0.02       0.02       0.01       0.01       0.04       0.06       0.07       0.06
       0.02       0.01       0.01       0.00       0.01       0.05       0.04       0.01       0.01
       0.01       0.01       0.01       0.01       0.01       0.01       0.01       0.02       0.04
       0.01       0.01       0.02       0.04       0.03       0.02       0.01       0.01       0.02
       0.00       0.00       0.01       0.02       0.04       0.14       0.09       0.03       0.02
    432000    9   13
       0.04       0.03       0.09       0.09       0.17       0.20       0.30       0.37       0.27
       0.02       0.03       0.09       0.11       0.15       0.23       0.36       0.43       0.33
       0.01       0.03       0.11       0.14       0.16       0.18       0.34       0.28       0.47
       0.03       0.08       0.10       0.15       0.18       0.24       0.33       0.26       0.40
       0.12       0.14       0.17       0.15       0.11       0.18       0.39       0.32       0.40
       0.06       0.10       0.14       0.08       0.06       0.17       0.43       0.35       0.26
       0.06       0.04       0.07       0.06       0.07       0.16       0.17       0.22       0.18
       0.12       0.08       0.07       0.03       0.04       0.04       0.04       0.06       0.11
       0.10       0.14       0.02       0.03       0.02       0.03       0.02       0.04       0.06
       0.02       0.02       0.02       0.01       0.01       0.04       0.02       0.01       0.02
       0.02       0.00       0.00       0.00       0.01       0.01       0.01       0.00       0.01
       0.01       0.00       0.00       0.00       0.01       0.00       0.00       0.01       0.00
       0.00       0.00       0.00       0.01       0.01       0.06       0.06       0.06       0.00
    518400    9   13
       0.30       0.18       0.22       0.54       0.77       0.67       0.77       0.73       0.70
       0.15       0.17       0.47       0.55       0.78       0.59       0.56       0.52       0.31
       0.17       0.37       0.61       0.51       0.45       0.33       0.30       0.27       0.18
       0.37       0.58       0.58       0.51       0.30       0.22       0.23       0.25       0.10
       0.60       0.58       0.63       0.67       0.37       0.55       0.39       0.39       0.21
       0.64       0.36       0.39       0.35       0.59       0.73       0.51       0.37       0.24
       0.17       0.23       0.31       0.45       0.80       0.57       0.37       0.18       0.19
       0.09       0.19       0.21       0.29       0.24       0.16       0.08       0.13       0.19
       0.05       0.14       0.13       0.08       0.08       0.12       0.07       0.16       0.26
       0.02       0.01       0.01       0.01       0.05       0.26       0.10       0.09       0.30
       0.00       0.00       0.00       0.03       0.09       0.24       0.14       0.10       0.19
       0.00       0.00       0.00       0.04       0.06       0.17       0.24       0.10       0.09
       0.00       0.00       0.01       0.05       0.05       0.13       0.32       0.24       0.11
    604800    9   13
       0.16       0.09       0.04       0.03       0.14       0.19       0.12       0.15       0.14
       0.13       0.08       0.04       0.04       0.27       0.14       0.12       0.12       0.15
       0.23       0.19       0.22       0.09       0.17       0.14       0.11       0.11       0.12
       0.44       0.40       0.30       0.05       0.16       0.17       0.15       0.16       0.14
       0.22       0.26       0.30       0.12       0.09       0.17       0.31       0.18       0.17
       0.06       0.11       0.39       0.35       0.16       0.21       0.27       0.32       0.21
       0.16       0.13       0.37       0.35       0.27       0.29       0.33       0.31       0.30
       0.14       0.11       0.13       0.19       0.15       0.22       0.32       0.31       0.26
       0.16       0.09       0.06       0.04       0.11       0.14       0.22       0.30       0.31
       0.19       0.13       0.05       0.03       0.09       0.15       0.18       0.19       0.27
       0.11       0.07       0.05       0.03       0.07       0.23       0.23       0.26       0.34
       0.02       0.06       0.06       0.04       0.08       0.17       0.22       0.31       0.40
       0.01       0.03       0.14       0.10       0.07       0.19       0.17       0.27       0.37
    691200    9   13
       0.33       0.11       0.10       0.13       0.16       0.09       0.18       0.34       0.20
       0.10       0.07       0.13       0.11       0.20       0.11       0.16       0.22       0.13
       0.09       0.05       0.12       0.09       0.11       0.14       0.06       0.06       0.09
       0.14       0.04       0.02       0.02       0.04       0.16       0.09       0.04       0.03
       0.04       0.01       0.00       0.00       0.01       0.09       0.15       0.07       0.04
       0.02       0.02       0.01       0.00       0.02       0.12       0.30       0.22       0.11
       0.03       0.03       0.02       0.01       0.03       0.12       0.16       0.17       0.15
       0.01       0.00       0.02       0.10       0.04       0.10       0.16       0.16       0.13
       0.01       0.01       0.02       0.08       0.05       0.06       0.19       0.22       0.19
       0.07       0.04       0.07       0.11       0.12       0.09       0.12       0.19       0.22
       0.17       0.21       0.26       0.18       0.23       0.18       0.18       0.17       0.33
       0.14       0.09       0.05       0.07       0.06       0.08       0.17       0.22       0.36
       0.03       0.09       0.12       0.20       0.11       0.11       0.18       0.23       0.27
    777600    9   13
       0.07       0.05       0.02       0.04       0.10       0.14       0.12       0.18       0.17
       0.07       0.13       0.13       0.18       0.11       0.13       0.14       0.16       0.21
       0.20       0.47       0.34       0.19       0.14       0.26       0.61       0.31       0.27
       0.14       0.13       0.19       0.27       0.36       0.17       0.39       0.22       0.17
       0.22       0.24       0.27       0.52       0.53       0.13       0.20       0.62       0.41
       0.15       0.25       0.20       0.52       0.57       0.13       0.13       0.44       0.81
       0.04       0.11       0.11       0.31       0.37       0.09       0.09       0.14       0.19
       0.04       0.09       0.13       0.05       0.05       0.03       0.05       0.06       0.05
       0.05       0.22       0.20       0.09       0.01       0.02       0.07       0.07       0.04
       0.03       0.05       0.04       0.05       0.04       0.02       0.02       0.03       0.05
       0.01       0.01       0.02       0.08       0.04       0.03       0.02       0.03       0.08
       0.02       0.00       0.01       0.03       0.04       0.04       0.06       0.02       0.04
       0.00       0.00       0.00       0.01       0.00       0.05       0.13       0.05       0.02
    864000    9   13
       0.02       0.05       0.04       0.07       0.05       0.04       0.06       0.09       0.10
       0.01       0.03       0.01       0.07       0.03       0.01       0.04       0.10       0.10
       0.02       0.05       0.02       0.05       0.03       0.03       0.09       0.12       0.13
       0.03       0.10       0.03       0.03       0.06       0.02       0.09       0.12       0.18
       0.05       0.07       0.04       0.03       0.09       0.01       0.04       0.10       0.12
       0.04       0.06       0.02       0.03       0.04       0.03       0.04       0.07       0.13
       0.03       0.04       0.02       0.01       0.01       0.01       0.02       0.04       0.04
       0.00       0.00       0.00       0.01       0.00       0.00       0.02       0.02       0.02
       0.02       0.01       0.00       0.00       0.00       0.00       0.02       0.03       0.02
       0.02       0.00       0.00       0.00       0.00       0.01       0.00       0.02       0.00
       0.00       0.00       0.00       0.00       0.00       0.00       0.00       0.01       0.01
       0.00       0.00       0.00       0.00       0.00       0.00       0.00       0.01       0.00
       0.00       0.00       0.00       0.00       0.00       0.00       0.00       0.00       0.00
    950400    9   13
       0.02       0.02       0.04       0.10       0.10       0.09       0.12       0.20       0.26
       0.03       0.05       0.05       0.15       0.12       0.12       0.15       0.18       0.22
       0.06       0.11       0.06       0.13       0.11       0.10       0.22       0.12       0.26
       0.02       0.11       0.10       0.09       0.08       0.09       0.13       0.10       0.15
       0.03       0.04       0.11       0.08       0.05       0.01       0.09       0.12       0.10
       0.06       0.05       0.05       0.04       0.04       0.02       0.08       0.11       0.07
       0.05       0.04       0.04       0.03       0.01       0.02       0.04       0.09       0.09
       0.02       0.00       0.00       0.00       0.02       0.06       0.05       0.04       0.06
       0.00       0.00       0.00       0.00       0.00       0.02       0.05       0.05       0.06
       0.00       0.00       0.00       0.00       0.00       0.04       0.07       0.06       0.08
       0.00       0.00       0.00       0.00       0.00       0.01       0.03       0.03       0.01
       0.00       0.01       0.02       0.02       0.01       0.02       0.01       0.02       0.00
       0.03       0.09       0.05       0.02       0.02       0.06       0.02       0.01       0.02
   1036800    9   13
       0.40       0.47       0.41       0.44       0.60       0.57       0.48       0.53       0.48
       0.47       0.57       0.66       0.72       0.72       0.62       0.57       0.62       0.61
       0.48       0.67       0.85       0.75       0.72       0.62       0.65       0.86       0.91
       0.38       0.60       0.74       0.70       0.67       0.75       0.88       0.89       0.91
       0.33       0.31       0.31       0.39       0.41       0.81       0.76       0.64       0.59
       0.18       0.23       0.17       0.11       0.15       0.39       0.57       0.51       0.51
       0.10       0.19       0.26       0.18       0.17       0.33       0.40       0.40       0.49
       0.09       0.40       0.31       0.20       0.24       0.32       0.28       0.33       0.62
       0.08       0.16       0.08       0.02       0.12       0.35       0.30       0.39       0.61
       0.09       0.04       0.03       0.05       0.10       0.27       0.27       0.47       0.39
       0.06       0.02       0.03       0.07       0.12       0.18       0.21       0.24       0.22
       0.02       0.03       0.07       0.06       0.08       0.10       0.13       0.12       0.09
       0.03       0.02       0.06       0.09       0.11       0.11       0.11       0.20       0.10
   1123200    9   13
       0.12       0.13       0.11       0.36       0.23       0.18       0.22       0.13       0.21
       0.13       0.17       0.13       0.23       0.19       0.13       0.13       0.11       0.15
       0.17       0.20       0.35       0.32       0.15       0.09       0.07       0.11       0.14
       0.23       0.35       0.57       0.63       0.34       0.04       0.07       0.16       0.15
       0.51       0.48       0.38       0.68       0.44       0.17       0.22       0.28       0.16
       0.42       0.38       0.47       0.89       0.95       0.48       0.52       0.32       0.18
       0.82       0.50       1.09       1.32       1.92       1.02       0.59       0.37       0.18
       0.60       0.62       1.35       1.57       1.69       1.71       0.90       0.56       0.36
       0.62       0.58       0.35       1.46       1.52       1.49       1.41       0.64       0.51
       0.48       0.43       0.71       1.32       1.33       1.05       1.16       0.98       0.61
       0.29       0.32       0.67       0.84       0.86       0.76       0.92       0.82       0.56
       0.19       0.22       0.42       0.48       0.44       0.59       0.66       0.61       0.58
       0.27       0.21       0.35       0.46       0.45       0.43       0.39       0.37       0.46
   1209600    9   13
       0.12       0.27       0.06       0.04       0.05       0.11       0.06       0.06       0.09
       0.04       0.26       0.06       0.13       0.14       0.09       0.03       0.03       0.12
       0.08       0.17       0.10       0.22       0.76       0.14       0.04       0.07       0.11
       0.07       0.14       0.07       0.09       0.67       0.31       0.10       0.09       0.09
       0.11       0.22       0.10       0.10       0.41       0.58       0.31       0.14       0.05
       0.20       0.27       0.21       0.78       0.67       0.53       0.66       0.63       0.17
       0.51       0.60       1.08       0.86       0.51       0.34       0.58       0.64       0.30
       0.51       0.66       1.10       0.91       0.94       0.60       0.40       0.25       0.19
       0.51       0.27       0.18       0.38       0.51       1.04       0.58       0.25       0.18
       0.57       0.10       0.17       0.18       0.27       0.45       0.53       0.30       0.17
       0.30       0.09       0.09       0.12       0.14       0.27       0.51       0.46       0.30
       0.27       0.16       0.11       0.09       0.08       0.15       0.37       0.40       0.44
       0.29       0.12       0.08       0.08       0.09       0.07       0.24       0.32       0.36
   1296000    9   13
       0.75       1.23       0.75       0.85       2.13       2.25       0.96       0.93       0.94
       0.68       1.20       0.61       0.41       2.36       2.45       0.95       0.67       0.83
       0.33       0.46       0.44       0.38       0.83       0.94       0.92       0.86       0.77
       0.28       0.40       0.36       0.18       0.58       0.74       0.88       0.96       0.61
       0.21       0.27       0.35       0.18       0.51       0.84       0.87       0.91       0.64
       0.19       0.31       0.42       0.12       0.25       0.48       0.60       0.93       0.93
       0.16       0.30       0.31       0.23       0.18       0.30       0.55       0.87       0.84
       0.23       0.34       0.14       0.43       0.27       0.43       0.45       0.65       0.70
       0.31       0.15       0.15       0.44       0.45       0.55       0.81       0.56       0.64
       0.13       0.07       0.19       0.38       0.35       0.30       0.53       0.52       0.48
       0.10       0.07       0.11       0.31       0.22       0.14       0.28       0.41       0.34
       0.11       0.03       0.04       0.11       0.08       0.03       0.09       0.30       0.48
       0.04       0.01       0.01       0.08       0.06       0.01       0.02       0.18       0.38
