         0    9   13
       0.11       0.01       0.09       0.17       0.16       0.17       0.22       0.30       0.35
       0.04       0.00       0.04       0.07       0.13       0.14       0.23       0.55       0.31
       0.03       0.02       0.03       0.04       0.11       0.22       0.31       0.46       0.31
       0.03       0.02       0.02       0.02       0.05       0.21       0.27       0.34       0.23
       0.02       0.02       0.02       0.01       0.04       0.17       0.51       0.39       0.42
       0.05       0.08       0.06       0.02       0.04       0.22       0.40       0.40       0.41
       0.11       0.10       0.09       0.07       0.16       0.27       0.45       0.45       0.37
       0.17       0.06       0.11       0.10       0.18       0.26       0.31       0.40       0.40
       0.19       0.23       0.12       0.12       0.14       0.13       0.20       0.30       0.33
       0.19       0.28       0.14       0.06       0.13       0.07       0.22       0.23       0.37
       0.23       0.32       0.20       0.02       0.09       0.10       0.17       0.22       0.41
       0.38       0.31       0.09       0.02       0.07       0.10       0.21       0.31       0.37
       0.36       0.37       0.16       0.03       0.03       0.07       0.17       0.30       0.28
     86400    9   13
       0.08       0.02       0.00       0.01       0.06       0.17       0.14       0.16       0.11
       0.06       0.02       0.01       0.04       0.19       0.19       0.30       0.24       0.15
       0.08       0.07       0.08       0.02       0.17       0.26       0.32       0.13       0.16
       0.08       0.11       0.21       0.02       0.07       0.44       0.27       0.09       0.12
       0.21       0.17       0.26       0.02       0.05       0.51       0.31       0.15       0.14
       0.35       0.35       0.27       0.09       0.07       0.49       0.32       0.22       0.22
       0.55       0.51       0.40       0.31       0.19       0.38       0.37       0.31       0.34
       0.60       0.51       0.51       0.56       0.59       0.34       0.36       0.47       0.41
       1.14       0.70       0.60       1.18       1.42       0.51       0.27       0.32       0.43
       0.78       0.59       0.49       0.72       0.66       0.47       0.28       0.29       0.34
       0.33       0.32       0.52       0.87       0.48       0.30       0.28       0.17       0.21
       0.38       0.46       0.41       0.56       0.34       0.29       0.31       0.17       0.23
       0.33       0.38       0.27       0.54       0.49       0.29       0.38       0.33       0.22
    172800    9   13
       0.14       0.07       0.08       0.28       0.11       0.06       0.10       0.20       0.12
       0.07       0.17       0.15       0.19       0.08       0.16       0.28       0.19       0.10
       0.08       0.27       0.17       0.17       0.12       0.32       0.43       0.10       0.10
       0.18       0.26       0.57       0.38       0.49       0.22       0.21       0.09       0.11
       0.22       0.21       0.45       0.52       0.49       0.38       0.25       0.13       0.14
       0.37       0.58       0.43       0.37       0.39       0.32       0.20       0.18       0.26
       0.97       0.76       0.50       0.28       0.51       0.41       0.26       0.24       0.27
       0.58       0.75       0.43       0.17       0.31       0.50       0.37       0.42       0.31
       0.62       0.58       0.21       0.12       0.17       0.50       0.44       0.46       0.39
       0.48       0.47       0.26       0.31       0.43       0.53       0.27       0.31       0.37
       0.84       0.59       0.36       0.31       0.40       0.41       0.23       0.15       0.29
       0.96       0.57       0.49       0.41       0.36       0.29       0.24       0.11       0.18
       0.48       0.49       0.40       0.46       0.46       0.24       0.27       0.18       0.11
    259200    9   13
       0.15       0.01       0.04       0.18       0.32       0.14       0.11       0.12       0.10
       0.08       0.00       0.00       0.01       0.02       0.03       0.04       0.06       0.05
       0.00       0.00       0.00       0.00       0.00       0.01       0.01       0.02       0.04
       0.01       0.00       0.00       0.01       0.00       0.01       0.02       0.05       0.05
       0.01       0.00       0.00       0.01       0.01       0.04       0.07       0.09       0.08
       0.04       0.02       0.01       0.01       0.04       0.07       0.09       0.09       0.11
       0.12       0.04       0.02       0.02       0.03       0.09       0.11       0.13       0.09
       0.06       0.03       0.03       0.03       0.04       0.15       0.14       0.13       0.06
       0.13       0.05       0.04       0.05       0.03       0.15       0.11       0.11       0.11
       0.11       0.11       0.15       0.11       0.14       0.25       0.13       0.15       0.14
       0.09       0.14       0.20       0.09       0.15       0.19       0.18       0.15       0.17
       0.02       0.13       0.14       0.09       0.03       0.10       0.31       0.22       0.17
       0.08       0.21       0.25       0.12       0.10       0.19       0.31       0.27       0.19
    345600    9   13
       0.28       0.17       0.11       0.17       0.35       0.33       0.19       0.15       0.14
       0.23       0.07       0.05       0.23       0.27       0.12       0.09       0.11       0.12
       0.01       0.01       0.02       0.14       0.11       0.04       0.07       0.08       0.09
       0.01       0.01       0.01       0.14       0.14       0.02       0.03       0.05       0.09
       0.01       0.01       0.01       0.26       0.33       0.02       0.03       0.07       0.13
       0.04       0.03       0.01       0.11       0.33       0.04       0.04       0.09       0.20
       0.09       0.06       0.09       0.17       0.17       0.07       0.07       0.11       0.13
       0.03       0.04       0.05       0.14       0.15       0.10       0.08       0.13       0.11
       0.04       0.04       0.07       0.10       0.10       0.05       0.05       0.07       0.11
       0.06       0.11       0.21       0.22       0.11       0.08       0.07       0.09       0.10
       0.03       0.13       0.32       0.35       0.17       0.11       0.10       0.22       0.23
       0.06       0.23       0.35       0.33       0.30       0.22       0.09       0.15       0.13
       0.17       0.29       0.38       0.35       0.46       0.39       0.19       0.06       0.03
    432000    9   13
       0.29       0.28       0.32       0.37       0.49       0.94       0.96       0.93       1.37
       0.27       0.31       0.48       0.78       0.80       0.76       1.00       0.93       1.35
       0.20       0.47       0.79       0.88       0.84       0.74       0.50       0.70       0.58
       0.20       0.32       0.54       0.27       0.39       0.61       0.30       0.33       0.29
       0.48       0.39       0.31       0.17       0.27       0.27       0.25       0.27       0.17
       0.57       0.39       0.19       0.15       0.31       0.11       0.14       0.17       0.17
       0.24       0.22       0.20       0.14       0.26       0.15       0.15       0.15       0.11
       0.20       0.28       0.18       0.19       0.21       0.20       0.17       0.14       0.04
       0.17       0.22       0.18       0.13       0.12       0.17       0.11       0.07       0.03
       0.05       0.06       0.11       0.05       0.03       0.08       0.10       0.05       0.05
       0.05       0.10       0.12       0.04       0.10       0.04       0.10       0.04       0.05
       0.19       0.15       0.10       0.03       0.05       0.02       0.11       0.07       0.01
       0.36       0.11       0.02       0.02       0.01       0.02       0.04       0.03       0.03
    518400    9   13
       0.21       0.47       0.20       0.22       0.35       0.34       0.54       0.75       0.84
       0.25       0.27       0.37       0.64       0.97       0.67       1.50       1.29       1.18
       0.09       0.07       0.22       0.80       1.25       0.96       0.82       1.07       0.64
       0.09       0.21       0.45       0.35       0.51       0.62       0.59       0.48       0.16
       0.15       0.17       0.33       0.13       0.04       0.33       0.43       0.16       0.07
       0.07       0.07       0.03       0.02       0.01       0.08       0.21       0.17       0.08
       0.15       0.12       0.01       0.00       0.00       0.06       0.10       0.12       0.07
       0.12       0.02       0.02       0.01       0.07       0.10       0.11       0.09       0.05
       0.03       0.13       0.16       0.16       0.24       0.17       0.11       0.07       0.04
       0.09       0.14       0.27       0.23       0.20       0.22       0.19       0.10       0.08
       0.03       0.06       0.17       0.25       0.23       0.27       0.25       0.22       0.21
       0.20       0.08       0.14       0.20       0.24       0.33       0.26       0.21       0.22
       0.37       0.16       0.20       0.22       0.16       0.31       0.27       0.23       0.19
    604800    9   13
       0.08       0.13       0.05       0.02       0.04       0.17       0.05       0.05       0.09
       0.19       0.27       0.48       0.08       0.09       0.15       0.04       0.06       0.18
       0.01       0.08       0.23       0.17       0.11       0.07       0.02       0.05       0.12
       0.00       0.03       0.15       0.20       0.21       0.08       0.03       0.12       0.08
       0.02       0.03       0.08       0.05       0.03       0.13       0.11       0.14       0.05
       0.01       0.02       0.07       0.00       0.02       0.20       0.15       0.09       0.02
       0.05       0.03       0.03       0.00       0.01       0.14       0.14       0.08       0.05
       0.06       0.01       0.00       0.01       0.02       0.06       0.08       0.04       0.03
       0.01       0.00       0.00       0.00       0.03       0.03       0.03       0.00       0.00
       0.01       0.00       0.00       0.00       0.01       0.01       0.01       0.01       0.00
       0.00       0.00       0.00       0.00       0.00       0.00       0.00       0.00       0.00
       0.01       0.02       0.01       0.00       0.00       0.00       0.00       0.00       0.00
       0.00       0.01       0.01       0.00       0.00       0.00       0.00       0.06       0.14
    691200    9   13
       0.07       0.01       0.08       0.21       0.19       0.28       0.28       0.31       0.33
       0.01       0.01       0.14       0.16       0.24       0.24       0.32       0.34       0.33
       0.01       0.02       0.13       0.19       0.24       0.23       0.26       0.22       0.23
       0.09       0.17       0.18       0.19       0.16       0.29       0.29       0.18       0.23
       0.25       0.23       0.24       0.21       0.17       0.21       0.28       0.18       0.23
       0.22       0.27       0.31       0.19       0.26       0.16       0.20       0.17       0.18
       0.34       0.23       0.30       0.11       0.15       0.15       0.11       0.11       0.09
       0.23       0.11       0.08       0.19       0.18       0.11       0.12       0.11       0.05
       0.06       0.13       0.16       0.25       0.07       0.10       0.07       0.08       0.06
       0.23       0.09       0.02       0.11       0.09       0.21       0.02       0.02       0.04
       0.02       0.03       0.03       0.11       0.13       0.17       0.11       0.02       0.07
       0.01       0.06       0.13       0.08       0.09       0.11       0.12       0.01       0.07
       0.02       0.13       0.25       0.29       0.15       0.14       0.18       0.13       0.08
    777600    9   13
       0.25       0.11       0.06       0.09       0.18       0.32       0.30       0.39       0.41
       0.03       0.01       0.16       0.21       0.23       0.29       0.32       0.49       0.54
       0.01       0.05       0.22       0.24       0.31       0.36       0.31       0.43       0.59
       0.04       0.14       0.22       0.22       0.28       0.43       0.39       0.49       0.63
       0.19       0.10       0.19       0.32       0.12       0.24       0.37       0.30       0.68
       0.10       0.15       0.18       0.32       0.10       0.30       0.23       0.19       0.35
       0.07       0.10       0.11       0.17       0.05       0.12       0.23       0.16       0.12
       0.07       0.06       0.14       0.47       0.20       0.06       0.11       0.11       0.13
       0.03       0.12       0.30       0.26       0.09       0.07       0.05       0.07       0.09
       0.12       0.14       0.11       0.05       0.02       0.11       0.00       0.00       0.01
       0.01       0.02       0.02       0.02       0.03       0.06       0.02       0.01       0.01
       0.00       0.01       0.01       0.01       0.01       0.05       0.01       0.01       0.01
       0.07       0.14       0.13       0.08       0.05       0.01       0.00       0.03       0.00
    864000    9   13
       0.12       0.16       0.15       0.22       0.37       0.54       0.52       0.38       0.34
       0.15       0.26       0.29       0.37       0.34       0.61       0.73       0.46       0.33
       0.13       0.22       0.31       0.27       0.36       0.87       0.82       0.59       0.60
       0.17       0.24       0.35       0.22       0.31       0.70       0.50       0.45       0.65
       0.28       0.21       0.24       0.21       0.12       0.31       0.56       0.44       0.53
       0.09       0.12       0.13       0.14       0.09       0.16       0.31       0.24       0.34
       0.03       0.03       0.02       0.06       0.08       0.14       0.13       0.14       0.16
       0.06       0.02       0.02       0.00       0.03       0.04       0.08       0.11       0.09
       0.04       0.03       0.01       0.00       0.00       0.04       0.08       0.07       0.04
       0.01       0.01       0.00       0.00       0.01       0.08       0.01       0.02       0.02
       0.00       0.00       0.00       0.00       0.01       0.06       0.03       0.01       0.00
       0.00       0.02       0.01       0.00       0.00       0.00       0.02       0.02       0.01
       0.02       0.06       0.04       0.01       0.01       0.03       0.03       0.11       0.03
    950400    9   13
       0.27       0.25       0.11       0.25       0.44       0.54       0.49       0.34       0.25
       0.16       0.26       0.36       0.41       0.34       0.32       0.38       0.26       0.33
       0.21       0.22       0.33       0.35       0.33       0.51       0.34       0.29       0.34
       0.13       0.24       0.32       0.34       0.21       0.47       0.34       0.27       0.41
       0.23       0.38       0.35       0.34       0.13       0.30       0.33       0.32       0.54
       0.24       0.25       0.23       0.26       0.10       0.19       0.30       0.28       0.25
       0.13       0.25       0.14       0.08       0.10       0.20       0.16       0.15       0.13
       0.15       0.12       0.18       0.17       0.12       0.09       0.05       0.07       0.14
       0.06       0.04       0.13       0.12       0.04       0.11       0.08       0.07       0.17
       0.01       0.01       0.02       0.02       0.02       0.07       0.02       0.10       0.17
       0.00       0.00       0.00       0.03       0.06       0.14       0.06       0.17       0.15
       0.00       0.01       0.03       0.04       0.03       0.05       0.09       0.21       0.24
       0.04       0.11       0.13       0.11       0.06       0.10       0.16       0.15       0.09
   1036800    9   13
       0.37       0.44       0.22       0.22       0.37       0.25       0.26       0.33       0.41
       0.29       0.31       0.31       0.41       0.47       0.41       0.31       0.37       0.45
       0.29       0.44       0.42       0.51       0.51       0.43       0.43       0.52       0.70
       0.19       0.14       0.18       0.32       0.51       0.50       0.52       0.57       0.69
       0.43       0.16       0.14       0.37       0.31       0.30       0.49       0.44       0.45
       0.51       0.31       0.14       0.26       0.13       0.14       0.21       0.28       0.29
       0.52       0.50       0.21       0.20       0.04       0.19       0.16       0.09       0.20
       0.23       0.19       0.12       0.13       0.09       0.11       0.13       0.15       0.27
       0.05       0.10       0.09       0.04       0.08       0.14       0.11       0.20       0.47
       0.04       0.01       0.01       0.02       0.05       0.20       0.15       0.15       0.21
       0.02       0.01       0.01       0.01       0.02       0.17       0.16       0.08       0.07
       0.01       0.05       0.10       0.09       0.01       0.07       0.16       0.14       0.04
       0.14       0.14       0.15       0.13       0.06       0.18       0.21       0.26       0.11
   1123200    9   13
       0.31       0.14       0.12       0.12       0.23       0.22       0.22       0.25       0.33
       0.16       0.10       0.10       0.16       0.23       0.22       0.31       0.36       0.33
       0.07       0.10       0.06       0.10       0.22       0.27       0.37       0.41       0.31
       0.16       0.26       0.20       0.16       0.28       0.30       0.44       0.49       0.47
       0.13       0.17       0.38       0.37       0.47       0.39       0.48       0.52       0.46
       0.22       0.19       0.44       0.51       0.43       0.31       0.76       0.93       0.63
       0.33       0.31       0.25       0.61       0.44       0.34       0.62       0.51       0.23
       0.30       0.47       0.33       0.42       0.49       0.54       0.36       0.34       0.30
       0.49       0.40       0.47       0.50       0.66       0.45       0.60       0.45       0.40
       0.15       0.21       0.22       0.30       0.28       0.18       0.32       0.44       0.46
       0.02       0.04       0.08       0.17       0.13       0.14       0.13       0.26       0.26
       0.01       0.10       0.24       0.16       0.11       0.09       0.02       0.03       0.13
       0.21       0.30       0.22       0.17       0.11       0.06       0.03       0.06       0.09
   1209600    9   13
       0.11       0.13       0.06       0.10       0.13       0.19       0.52       0.58       0.47
       0.14       0.19       0.11       0.08       0.14       0.26       0.49       0.41       0.36
       0.27       0.18       0.09       0.22       0.34       0.40       0.44       0.22       0.31
       0.28       0.26       0.20       0.28       0.35       0.31       0.20       0.26       0.32
       0.28       0.40       0.40       0.35       0.17       0.10       0.16       0.37       0.50
       0.25       0.20       0.21       0.22       0.16       0.25       0.34       0.36       0.45
       0.25       0.48       0.52       0.23       0.16       0.30       0.39       0.35       0.43
       0.37       0.36       0.24       0.21       0.21       0.23       0.40       0.32       0.33
       0.28       0.25       0.27       0.26       0.17       0.33       0.49       0.51       0.46
       0.25       0.30       0.27       0.28       0.25       0.37       0.39       0.50       0.53
       0.05       0.12       0.20       0.30       0.26       0.30       0.25       0.44       0.39
       0.11       0.22       0.26       0.38       0.31       0.29       0.23       0.31       0.38
       0.31       0.33       0.32       0.33       0.51       0.37       0.25       0.27       0.27
   1296000    9   13
       0.20       0.14       0.14       0.21       0.26       0.43       0.35       0.20       0.14
       0.33       0.27       0.10       0.16       0.24       0.39       0.37       0.12       0.15
       0.22       0.31       0.17       0.16       0.22       0.36       0.32       0.22       0.13
       0.20       0.16       0.18       0.26       0.31       0.32       0.40       0.42       0.16
       0.16       0.03       0.20       0.21       0.16       0.27       0.72       0.54       0.23
       0.12       0.11       0.21       0.14       0.13       0.31       0.48       0.48       0.22
       0.21       0.20       0.27       0.25       0.26       0.35       0.34       0.35       0.21
       0.26       0.22       0.23       0.17       0.22       0.30       0.38       0.29       0.25
       0.20       0.22       0.14       0.09       0.06       0.14       0.29       0.23       0.21
       0.19       0.34       0.22       0.06       0.03       0.08       0.18       0.18       0.16
       0.26       0.25       0.16       0.07       0.06       0.09       0.11       0.16       0.20
       0.29       0.24       0.13       0.10       0.14       0.22       0.14       0.18       0.22
       0.23       0.14       0.12       0.14       0.21       0.24       0.19       0.16       0.29
