         0    9   13
       0.08       0.21       0.07       0.08       0.15       0.17       0.18       0.15       0.17
       0.27       0.37       0.29       0.31       0.27       0.19       0.08       0.13       0.18
       0.23       0.49       0.35       0.33       0.20       0.18       0.04       0.06       0.18
       0.38       0.49       0.41       0.35       0.19       0.18       0.03       0.25       0.31
       0.44       0.58       0.49       0.27       0.30       0.24       0.19       0.44       0.47
       0.27       0.52       0.38       0.26       0.36       0.26       0.27       0.38       0.35
       0.23       0.22       0.15       0.15       0.31       0.33       0.28       0.34       0.28
       0.06       0.04       0.08       0.23       0.42       0.40       0.23       0.38       0.42
       0.04       0.10       0.09       0.19       0.49       0.46       0.26       0.36       0.46
       0.07       0.08       0.07       0.25       0.44       0.35       0.24       0.26       0.68
       0.16       0.07       0.09       0.34       0.35       0.36       0.26       0.19       0.25
       0.06       0.04       0.08       0.33       0.29       0.23       0.23       0.13       0.11
       0.01       0.02       0.11       0.17       0.14       0.04       0.15       0.11       0.14
     86400    9   13
       0.81       0.38       0.26       0.35       0.29       0.16       0.15       0.12       0.16
       0.38       0.33       0.25       0.38       0.20       0.09       0.13       0.25       0.26
       0.38       0.31       0.11       0.26       0.28       0.24       0.26       0.27       0.44
       0.53       0.34       0.11       0.14       0.27       0.38       0.44       0.35       0.42
       0.82       0.50       0.34       0.37       0.39       0.44       0.52       0.36       0.49
       0.63       0.72       0.55       0.44       0.57       0.48       0.52       0.44       0.46
       0.53       0.52       0.49       0.29       0.47       0.43       0.51       0.59       0.51
       0.06       0.18       0.09       0.08       0.29       0.38       0.49       0.44       0.58
       0.03       0.07       0.01       0.05       0.18       0.24       0.34       0.39       0.52
       0.08       0.02       0.00       0.05       0.23       0.13       0.19       0.27       0.29
       0.26       0.11       0.03       0.09       0.19       0.22       0.21       0.15       0.10
       0.05       0.06       0.08       0.16       0.18       0.12       0.05       0.09       0.04
       0.01       0.04       0.09       0.23       0.12       0.01       0.13       0.16       0.07
    172800    9   13
       0.37       0.25       0.65       0.73       0.52       0.70       1.13       0.62       0.53
       0.22       0.21       0.70       0.51       0.57       0.76       0.62       0.49       0.89
       0.23       0.10       0.43       0.34       0.49       0.69       0.42       0.26       0.59
       0.21       0.08       0.24       0.23       0.20       0.58       0.34       0.24       0.23
       0.38       0.19       0.28       0.14       0.27       0.57       0.52       0.51       0.42
       0.25       0.29       0.46       0.23       0.21       0.52       0.50       0.44       0.48
       0.29       0.35       0.51       0.47       0.19       0.24       0.38       0.38       0.43
       0.40       0.27       0.46       0.49       0.42       0.32       0.34       0.42       0.48
       0.36       0.40       0.34       0.27       0.39       0.33       0.32       0.42       0.63
       0.26       0.21       0.03       0.15       0.32       0.37       0.42       0.48       0.68
       0.27       0.19       0.37       0.42       0.39       0.40       0.37       0.38       0.45
       0.25       0.30       0.52       0.55       0.39       0.42       0.51       0.27       0.24
       0.26       0.27       0.58       0.85       0.51       0.59       0.50       0.44       0.20
    259200    9   13
       0.34       0.25       0.38       0.46       0.35       0.40       0.52       0.37       0.30
       0.19       0.23       0.31       0.44       0.07       0.31       0.36       0.41       0.30
       0.23       0.11       0.21       0.07       0.04       0.29       0.21       0.21       0.59
       0.20       0.06       0.18       0.05       0.02       0.23       0.06       0.04       0.22
       0.27       0.14       0.19       0.11       0.10       0.27       0.06       0.03       0.02
       0.32       0.11       0.18       0.09       0.22       0.36       0.22       0.16       0.06
       0.27       0.10       0.26       0.14       0.17       0.20       0.18       0.18       0.17
       0.18       0.11       0.29       0.04       0.02       0.06       0.15       0.29       0.30
       0.13       0.13       0.04       0.02       0.02       0.09       0.26       0.42       0.27
       0.07       0.06       0.01       0.03       0.07       0.07       0.20       0.36       0.30
       0.19       0.19       0.11       0.15       0.06       0.07       0.18       0.38       0.48
       0.29       0.34       0.29       0.29       0.05       0.02       0.08       0.15       0.23
       0.33       0.22       0.26       0.31       0.26       0.11       0.17       0.20       0.19
    345600    9   13
       0.17       0.07       0.17       0.30       0.39       0.39       0.26       0.38       0.26
       0.18       0.09       0.27       0.33       0.20       0.43       0.40       0.41       0.31
       0.15       0.11       0.28       0.43       0.16       0.64       0.69       0.40       0.38
       0.16       0.06       0.06       0.18       0.03       0.45       0.52       0.57       0.65
       0.24       0.03       0.00       0.07       0.01       0.09       0.45       0.79       0.54
       0.09       0.01       0.01       0.00       0.02       0.03       0.37       0.75       0.69
       0.15       0.06       0.04       0.01       0.01       0.02       0.13       0.26       0.25
       0.26       0.26       0.18       0.14       0.08       0.07       0.13       0.15       0.24
       0.16       0.27       0.29       0.22       0.12       0.09       0.18       0.29       0.44
       0.10       0.25       0.34       0.22       0.13       0.18       0.19       0.30       0.34
       0.33       0.35       0.36       0.27       0.21       0.19       0.08       0.17       0.29
       0.36       0.31       0.30       0.31       0.18       0.20       0.10       0.10       0.23
       0.42       0.28       0.33       0.27       0.28       0.32       0.23       0.13       0.14
    432000    9   13
       0.17       0.24       0.26       0.26       0.36       0.39       0.76       0.94       0.94
       0.10       0.15       0.29       0.20       0.16       0.33       0.76       0.59       0.49
       0.02       0.07       0.19       0.06       0.14       0.48       0.48       0.39       0.25
       0.07       0.06       0.20       0.07       0.11       0.44       0.29       0.18       0.14
       0.09       0.06       0.20       0.08       0.01       0.29       0.17       0.09       0.19
       0.24       0.12       0.21       0.10       0.08       0.15       0.08       0.14       0.22
       0.23       0.12       0.25       0.20       0.12       0.12       0.15       0.29       0.39
       0.08       0.10       0.26       0.16       0.14       0.15       0.25       0.31       0.41
       0.12       0.12       0.15       0.13       0.10       0.14       0.27       0.42       0.49
       0.24       0.23       0.18       0.18       0.22       0.27       0.29       0.43       0.44
       0.29       0.40       0.35       0.32       0.35       0.37       0.43       0.61       0.50
       0.25       0.34       0.38       0.33       0.34       0.49       1.06       0.92       2.84
       0.19       0.29       0.44       0.39       0.39       0.49       0.62       1.64       1.50
    518400    9   13
       0.83       0.66       0.41       0.45       0.63       0.45       0.43       0.84       0.93
       0.50       0.34       0.37       0.32       0.50       0.53       0.44       0.54       0.70
       0.28       0.20       0.38       0.17       0.36       0.36       0.38       0.42       0.28
       0.35       0.51       0.73       0.39       0.39       0.64       0.56       0.39       0.22
       0.40       0.38       0.58       0.48       0.32       1.63       1.04       0.77       0.42
       0.32       0.39       0.53       0.49       0.36       1.76       1.70       0.79       0.72
       0.36       0.52       0.53       0.47       0.49       0.79       0.82       0.61       0.65
       0.25       0.33       0.38       0.41       0.52       0.61       0.73       0.58       0.49
       0.17       0.22       0.29       0.35       0.50       0.57       0.81       0.91       0.53
       0.31       0.38       0.36       0.32       0.38       0.69       1.02       1.08       1.03
       0.34       0.44       0.44       0.32       0.39       0.54       1.09       1.26       1.13
       0.45       0.56       0.52       0.43       0.55       0.57       0.82       1.05       1.14
       0.35       0.27       0.34       0.31       0.36       0.43       0.45       0.69       0.62
    604800    9   13
       1.06       0.57       0.32       0.37       0.45       0.97       0.91       0.70       0.56
       0.75       0.77       0.43       0.42       0.59       0.90       0.81       0.90       0.45
       0.43       0.43       0.39       0.54       0.90       0.83       0.46       0.91       0.48
       0.37       0.26       0.21       0.31       0.94       1.20       0.54       0.90       0.73
       0.16       0.20       0.08       0.14       0.73       1.79       0.83       0.86       1.54
       0.09       0.14       0.14       0.18       0.78       1.90       0.80       0.78       1.07
       0.15       0.23       0.20       0.24       0.62       0.85       0.68       0.73       0.82
       0.33       0.24       0.28       0.38       0.43       0.57       0.64       0.71       1.40
       0.48       0.36       0.32       0.45       0.47       0.49       0.93       0.90       0.98
       0.24       0.36       0.48       0.39       0.32       0.69       1.22       1.06       0.95
       0.23       0.20       0.39       0.63       0.38       0.67       1.47       1.03       1.10
       0.51       0.21       0.19       0.36       0.51       1.04       1.06       0.90       1.19
       0.45       0.24       0.19       0.35       0.45       0.36       1.24       0.69       0.90
    691200    9   13
       0.26       0.24       0.09       0.15       0.24       0.38       0.42       0.24       0.27
       0.65       0.50       0.17       0.20       0.27       0.31       0.21       0.14       0.25
       0.50       0.64       0.35       0.35       0.27       0.29       0.29       0.28       0.27
       1.12       0.55       0.29       0.44       0.34       0.41       0.36       0.52       0.53
       0.73       0.60       0.20       0.17       0.32       0.38       0.46       0.44       0.41
       0.83       0.52       0.49       0.55       0.38       0.39       0.40       0.44       0.43
       1.05       0.80       0.50       0.76       0.82       0.91       0.74       0.65       0.82
       0.75       0.81       0.68       0.69       1.21       2.90       2.67       1.50       1.08
       0.55       0.50       0.81       1.03       1.02       1.00       1.42       2.32       1.30
       0.58       0.46       0.81       1.32       1.44       1.27       1.22       1.21       1.84
       0.54       0.45       0.40       1.00       2.73       2.56       2.29       2.27       3.73
       0.48       0.34       0.27       0.95       2.20       1.93       1.92       2.31       1.41
       0.49       0.27       0.20       0.35       0.62       2.18       1.51       1.64       1.95
    777600    9   13
       0.44       0.69       0.61       0.45       0.33       0.27       0.38       0.46       0.37
       0.49       0.56       0.41       0.49       0.56       0.39       0.44       0.55       0.44
       0.40       0.38       0.33       0.35       0.55       0.35       0.44       0.87       0.63
       0.33       0.23       0.21       0.14       0.44       0.35       0.34       0.55       0.45
       0.24       0.14       0.16       0.18       0.23       0.31       0.32       0.32       0.28
       0.29       0.23       0.17       0.20       0.19       0.18       0.26       0.28       0.29
       0.48       0.46       0.17       0.17       0.17       0.23       0.31       0.29       0.27
       0.52       0.56       0.56       0.50       0.38       0.40       0.42       0.30       0.27
       1.02       1.08       1.11       1.54       1.44       0.97       0.48       0.34       0.25
       1.32       1.21       1.25       1.09       1.44       1.23       1.06       0.52       0.32
       1.38       2.13       2.52       0.58       0.99       1.19       1.09       1.26       1.13
       1.21       1.59       1.93       1.21       0.80       0.56       0.62       1.06       2.84
       0.91       1.65       0.58       0.49       0.97       0.98       0.62       0.52       1.95
    864000    9   13
       0.93       0.83       0.29       0.35       0.35       0.40       0.30       0.21       0.17
       1.27       0.79       0.26       0.20       0.33       0.37       0.28       0.27       0.25
       0.91       0.64       0.26       0.24       0.27       0.22       0.26       0.29       0.17
       0.43       0.27       0.06       0.14       0.33       0.17       0.21       0.20       0.14
       0.38       0.20       0.05       0.16       0.23       0.33       0.25       0.15       0.10
       0.33       0.22       0.10       0.19       0.09       0.24       0.28       0.18       0.10
       0.66       0.40       0.18       0.17       0.12       0.21       0.25       0.20       0.14
       0.74       0.74       0.40       0.34       0.33       0.39       0.38       0.31       0.23
       1.43       2.69       1.57       0.52       0.53       0.51       0.50       0.44       0.33
       1.10       2.49       2.96       3.25       1.26       1.14       0.52       0.44       0.40
       0.40       2.13       2.52       2.75       1.57       1.60       1.03       0.61       0.36
       0.92       1.59       1.93       2.15       2.20       2.11       1.92       1.67       1.14
       1.32       1.65       1.82       1.57       1.65       2.18       2.41       1.64       1.50
    950400    9   13
       0.01       0.00       0.01       0.01       0.03       0.04       0.10       0.14       0.23
       0.24       0.17       0.09       0.04       0.05       0.07       0.11       0.19       0.14
       0.29       0.21       0.26       0.17       0.14       0.03       0.07       0.27       0.16
       0.29       0.17       0.16       0.14       0.17       0.02       0.12       0.31       0.22
       0.20       0.16       0.13       0.19       0.25       0.12       0.14       0.23       0.27
       0.21       0.15       0.16       0.26       0.29       0.24       0.22       0.22       0.18
       0.33       0.24       0.15       0.39       0.44       0.31       0.26       0.22       0.27
       0.49       0.32       0.25       0.41       0.57       0.54       0.34       0.23       0.26
       0.45       0.40       0.30       0.42       0.48       0.52       0.43       0.31       0.24
       0.29       0.28       0.35       0.39       0.40       0.51       0.45       0.44       0.35
       0.24       0.29       0.35       0.36       0.44       0.67       0.51       0.61       0.58
       0.11       0.21       0.36       0.31       0.42       0.49       0.62       0.84       1.14
       0.42       0.27       0.49       0.46       0.33       0.44       0.53       0.58       0.90
   1036800    9   13
       0.02       0.04       0.27       0.11       0.24       0.23       0.23       0.34       0.32
       0.03       0.10       0.44       0.15       0.21       0.26       0.21       0.29       0.25
       0.00       0.07       0.35       0.52       0.27       0.17       0.21       0.28       0.27
       0.03       0.07       0.18       0.35       0.41       0.35       0.23       0.26       0.35
       0.20       0.11       0.18       0.24       0.85       0.65       0.37       0.38       0.50
       0.27       0.31       0.11       0.04       0.42       0.52       0.58       0.66       0.57
       0.35       0.49       0.39       0.28       0.72       0.77       0.66       0.68       0.61
       0.33       0.50       0.50       0.50       0.71       0.74       0.63       0.58       0.48
       0.17       0.51       0.55       0.48       0.59       0.52       0.44       0.42       0.39
       0.55       0.55       0.46       0.47       0.52       0.40       0.32       0.27       0.25
       0.16       0.27       0.56       0.61       1.03       0.70       0.43       0.15       0.11
       0.05       0.10       0.36       0.76       0.77       0.57       0.49       0.27       0.13
       0.01       0.04       0.17       0.47       0.62       0.64       1.00       0.44       0.25
   1123200    9   13
       0.14       0.18       0.41       0.36       0.28       0.26       0.18       0.21       0.29
       0.08       0.11       0.42       0.37       0.33       0.22       0.35       0.32       0.18
       0.04       0.09       0.45       0.54       0.52       0.41       0.50       0.41       0.18
       0.13       0.13       0.50       0.34       0.45       0.58       0.38       0.19       0.32
       0.14       0.13       0.28       0.25       0.58       0.76       0.81       0.52       0.54
       0.19       0.21       0.22       0.08       0.36       0.90       0.84       0.78       0.74
       0.34       0.35       0.27       0.09       0.36       0.66       0.53       0.34       0.58
       0.29       0.32       0.34       0.34       0.39       0.43       0.37       0.54       0.62
       0.19       0.33       0.41       0.40       0.34       0.33       0.30       0.54       0.68
       0.27       0.24       0.27       0.27       0.23       0.22       0.18       0.28       0.35
       0.17       0.26       0.28       0.26       0.21       0.14       0.21       0.31       0.20
       0.16       0.21       0.27       0.29       0.23       0.25       0.17       0.30       0.27
       0.12       0.11       0.21       0.26       0.13       0.21       0.17       0.29       0.25
   1209600    9   13
       0.17       0.21       0.28       0.41       0.45       0.47       0.33       0.35       0.34
       0.10       0.13       0.35       0.32       0.35       0.34       0.41       0.42       0.17
       0.12       0.14       0.27       0.43       0.40       0.25       0.42       0.48       0.16
       0.17       0.28       0.40       0.44       0.52       0.34       0.49       0.60       0.58
       0.22       0.35       0.38       0.21       0.32       0.48       0.52       0.66       0.81
       0.34       0.56       0.50       0.29       0.32       0.76       0.77       0.79       0.75
       0.35       0.59       0.53       0.51       0.56       0.69       0.57       0.67       0.72
       0.25       0.41       0.50       0.54       0.55       0.61       0.63       0.78       0.82
       0.18       0.24       0.29       0.39       0.40       0.46       0.39       0.56       0.63
       0.06       0.06       0.15       0.32       0.35       0.34       0.27       0.44       0.65
       0.03       0.13       0.32       0.34       0.44       0.40       0.36       0.44       0.50
       0.05       0.05       0.21       0.29       0.34       0.37       0.47       0.30       0.59
       0.10       0.05       0.21       0.34       0.28       0.23       0.37       0.41       0.31
   1296000    9   13
       0.22       0.14       0.35       0.59       0.71       0.93       1.13       1.30       1.31
       0.29       0.16       0.52       0.68       0.83       0.83       1.37       1.46       1.45
       0.33       0.30       0.49       0.53       0.53       0.90       1.04       1.48       1.50
       0.42       0.43       0.46       0.49       0.43       0.77       0.57       1.09       1.52
       0.38       0.59       0.73       0.61       0.47       0.48       0.54       1.00       0.98
       0.45       0.51       0.78       0.67       0.38       0.33       0.75       1.30       0.83
       0.29       0.37       0.53       0.54       0.36       0.35       0.66       0.80       0.85
       0.20       0.29       0.57       0.56       0.50       0.41       0.60       0.62       0.72
       0.16       0.24       0.35       0.30       0.29       0.38       0.49       0.48       0.56
       0.12       0.21       0.29       0.27       0.31       0.40       0.52       0.47       0.65
       0.19       0.20       0.24       0.25       0.34       0.39       0.49       0.44       0.31
       0.17       0.17       0.25       0.31       0.43       0.47       0.34       0.30       0.27
       0.26       0.15       0.18       0.42       0.97       1.12       0.67       0.54       0.52
