         0    9   13
       0.25       0.51       0.65       0.45       0.30       0.39       0.48       0.47       0.55
       0.28       0.47       0.71       0.33       0.34       0.42       0.50       0.50       0.60
       0.23       0.52       0.76       0.27       0.48       0.38       0.41       0.46       0.65
       0.14       0.25       0.45       0.24       0.65       0.51       0.36       0.45       0.45
       0.35       0.33       0.29       0.19       0.27       0.56       0.46       0.27       0.28
       0.49       0.80       0.52       0.32       0.34       0.55       0.54       0.30       0.24
       0.70       0.78       0.67       0.44       0.49       0.45       0.44       0.38       0.33
       0.47       0.53       0.53       0.58       0.49       0.43       0.42       0.29       0.35
       0.82       0.56       0.57       0.69       0.75       0.51       0.35       0.17       0.38
       0.58       0.46       0.95       0.68       0.63       0.49       0.45       0.24       0.49
       0.54       0.38       0.97       0.98       0.52       0.50       0.37       0.20       0.34
       0.37       0.34       1.56       1.66       0.99       0.41       0.31       0.24       0.25
       0.21       0.56       1.66       1.57       1.39       0.35       0.18       0.21       0.22
     86400    9   13
       0.35       0.55       0.44       0.51       0.82       0.97       2.59       2.52       2.45
       1.18       2.40       1.04       0.99       0.90       2.69       2.67       2.43       1.45
       1.01       1.42       1.08       1.18       1.25       1.48       1.01       0.66       0.92
       0.46       0.64       1.29       1.63       1.53       0.53       0.58       0.91       0.76
       0.24       0.38       0.65       1.63       1.04       0.33       0.42       0.66       0.70
       0.14       0.23       0.35       0.45       0.25       0.20       0.29       0.42       0.63
       0.12       0.32       0.52       0.82       0.45       0.19       0.20       0.23       0.56
       0.30       0.45       0.20       0.29       0.21       0.17       0.22       0.38       1.08
       0.51       0.35       0.23       0.26       0.19       0.13       0.29       0.35       0.44
       0.25       0.27       0.24       0.19       0.19       0.19       0.27       0.33       0.40
       0.16       0.27       0.23       0.15       0.18       0.20       0.22       0.17       0.24
       0.20       0.24       0.19       0.43       0.80       0.57       0.82       0.33       0.11
       0.15       0.07       0.14       0.56       1.26       1.28       1.00       0.35       0.10
    172800    9   13
       0.23       0.31       0.20       0.28       0.24       0.29       0.22       0.18       0.31
       0.33       0.43       0.35       0.19       0.14       0.27       0.14       0.14       0.28
       0.25       0.31       0.22       0.14       0.11       0.06       0.07       0.42       0.48
       0.21       0.12       0.23       0.14       0.08       0.03       0.15       0.52       0.69
       0.22       0.09       0.16       0.09       0.05       0.07       0.23       0.39       0.72
       0.22       0.09       0.12       0.07       0.06       0.23       0.32       0.43       0.57
       0.29       0.25       0.14       0.06       0.03       0.22       0.40       0.58       0.82
       0.25       0.34       0.18       0.12       0.16       0.29       0.42       0.55       0.71
       0.25       0.34       0.23       0.13       0.28       0.36       0.33       0.30       0.57
       0.35       0.28       0.14       0.11       0.22       0.15       0.27       0.21       0.34
       0.33       0.25       0.17       0.18       0.27       0.24       0.30       0.27       0.19
       0.27       0.20       0.18       0.16       0.27       0.32       0.27       0.29       0.23
       0.21       0.15       0.21       0.24       0.27       0.31       0.20       0.26       0.25
    259200    9   13
       0.07       0.09       0.07       0.02       0.10       0.20       0.24       0.17       0.11
       0.14       0.13       0.11       0.05       0.07       0.17       0.14       0.07       0.03
       0.07       0.07       0.11       0.05       0.20       0.25       0.07       0.04       0.14
       0.17       0.09       0.10       0.02       0.16       0.35       0.06       0.06       0.11
       0.04       0.16       0.18       0.06       0.10       0.27       0.12       0.08       0.07
       0.04       0.15       0.18       0.08       0.26       0.27       0.19       0.24       0.25
       0.11       0.15       0.18       0.07       0.32       0.21       0.22       0.33       0.30
       0.03       0.06       0.20       0.27       0.42       0.30       0.28       0.29       0.24
       0.01       0.07       0.16       0.32       0.59       0.32       0.21       0.25       0.27
       0.00       0.01       0.16       0.27       0.31       0.22       0.26       0.27       0.17
       0.01       0.03       0.20       0.21       0.17       0.04       0.11       0.15       0.17
       0.03       0.02       0.14       0.17       0.13       0.01       0.03       0.12       0.09
       0.05       0.01       0.02       0.09       0.12       0.01       0.07       0.13       0.06
    345600    9   13
       0.02       0.00       0.03       0.17       0.34       0.23       0.12       0.02       0.03
       0.03       0.00       0.02       0.28       0.39       0.12       0.07       0.07       0.14
       0.00       0.05       0.04       0.32       0.17       0.15       0.08       0.07       0.12
       0.01       0.14       0.14       0.25       0.14       0.21       0.07       0.15       0.11
       0.24       0.28       0.23       0.19       0.14       0.26       0.06       0.27       0.25
       0.31       0.30       0.16       0.18       0.09       0.17       0.09       0.29       0.35
       0.16       0.16       0.07       0.12       0.11       0.34       0.28       0.22       0.27
       0.04       0.02       0.01       0.09       0.16       0.28       0.32       0.19       0.14
       0.01       0.02       0.02       0.02       0.11       0.20       0.17       0.03       0.07
       0.02       0.00       0.01       0.01       0.07       0.19       0.11       0.05       0.11
       0.00       0.01       0.04       0.04       0.12       0.17       0.16       0.12       0.07
       0.01       0.02       0.04       0.07       0.12       0.13       0.20       0.16       0.11
       0.05       0.01       0.01       0.01       0.02       0.09       0.08       0.11       0.10
    432000    9   13
       0.74       0.87       0.61       0.51       0.48       0.42       0.42       0.48       0.50
       1.02       1.05       0.56       0.36       0.41       0.58       0.48       0.58       0.53
       1.14       0.86       0.74       0.48       0.66       0.83       0.87       0.48       0.43
       1.11       0.89       0.67       0.65       0.81       1.08       0.82       0.43       0.33
       0.73       0.62       0.61       0.49       0.73       0.98       0.52       0.39       0.48
       0.81       0.72       0.67       0.80       0.93       0.84       0.51       0.45       0.50
       1.12       0.59       0.69       0.82       1.46       0.77       0.44       0.43       0.49
       0.91       0.65       0.86       1.11       0.95       0.49       0.53       0.45       0.42
       2.13       0.89       1.06       1.54       1.44       0.51       0.49       0.48       0.57
       1.32       1.08       1.11       1.35       1.35       0.52       0.44       0.70       1.03
       1.65       1.12       0.97       1.37       0.73       0.67       0.49       0.52       1.01
       0.80       0.70       0.44       0.35       0.38       0.46       0.42       0.42       0.63
       0.36       0.34       0.18       0.14       0.20       0.21       0.28       0.35       0.46
    518400    9   13
       0.29       0.69       0.65       0.49       0.65       0.59       0.54       0.56       0.74
       0.29       0.39       0.60       0.34       0.57       0.59       0.47       0.61       0.71
       0.18       0.11       0.33       0.16       0.48       0.48       0.41       0.87       0.54
       0.04       0.10       0.22       0.13       0.41       0.41       0.43       0.61       0.37
       0.06       0.09       0.15       0.10       0.14       0.29       0.28       0.29       0.45
       0.06       0.11       0.17       0.14       0.13       0.22       0.29       0.35       0.43
       0.09       0.11       0.16       0.12       0.18       0.22       0.33       0.39       0.50
       0.17       0.12       0.08       0.09       0.12       0.19       0.35       0.38       0.49
       0.33       0.21       0.14       0.19       0.25       0.26       0.29       0.37       0.52
       1.30       0.28       0.22       0.23       0.21       0.21       0.24       0.26       0.31
       0.88       0.38       0.24       0.20       0.16       0.20       0.18       0.21       0.24
       0.92       0.64       0.21       0.18       0.18       0.22       0.20       0.21       0.23
       0.34       0.23       0.19       0.14       0.19       0.19       0.19       0.19       0.21
    604800    9   13
       0.00       0.00       0.05       0.14       0.20       0.24       0.24       0.24       0.28
       0.00       0.01       0.02       0.00       0.02       0.14       0.04       0.11       0.18
       0.00       0.00       0.03       0.00       0.04       0.17       0.02       0.01       0.05
       0.00       0.00       0.01       0.00       0.02       0.06       0.02       0.02       0.00
       0.00       0.00       0.01       0.00       0.02       0.08       0.04       0.03       0.04
       0.00       0.01       0.01       0.00       0.01       0.11       0.09       0.05       0.07
       0.03       0.03       0.01       0.00       0.01       0.06       0.14       0.14       0.18
       0.07       0.07       0.03       0.01       0.01       0.07       0.19       0.24       0.23
       0.02       0.01       0.01       0.04       0.07       0.12       0.11       0.14       0.18
       0.05       0.04       0.05       0.11       0.18       0.16       0.14       0.10       0.12
       0.27       0.22       0.12       0.10       0.10       0.12       0.17       0.16       0.09
       0.29       0.30       0.18       0.04       0.07       0.09       0.07       0.13       0.08
       0.22       0.22       0.21       0.08       0.14       0.13       0.04       0.10       0.10
    691200    9   13
       0.07       0.01       0.14       0.11       0.07       0.07       0.18       0.18       0.12
       0.12       0.01       0.10       0.07       0.02       0.07       0.18       0.13       0.10
       0.02       0.00       0.05       0.01       0.01       0.15       0.21       0.13       0.10
       0.01       0.00       0.04       0.01       0.02       0.16       0.23       0.15       0.09
       0.02       0.00       0.06       0.02       0.00       0.17       0.19       0.26       0.17
       0.01       0.02       0.09       0.08       0.00       0.18       0.25       0.27       0.19
       0.03       0.02       0.01       0.07       0.06       0.18       0.17       0.25       0.25
       0.02       0.01       0.01       0.00       0.01       0.06       0.13       0.18       0.23
       0.01       0.02       0.01       0.05       0.05       0.13       0.14       0.15       0.15
       0.02       0.01       0.04       0.08       0.19       0.13       0.19       0.14       0.11
       0.01       0.02       0.07       0.13       0.19       0.16       0.21       0.12       0.06
       0.02       0.05       0.08       0.07       0.17       0.18       0.19       0.12       0.04
       0.03       0.04       0.03       0.05       0.17       0.16       0.08       0.16       0.09
    777600    9   13
       0.75       0.50       0.31       0.19       0.20       0.21       0.15       0.25       0.27
       0.33       0.14       0.23       0.20       0.12       0.12       0.17       0.18       0.24
       0.29       0.22       0.24       0.14       0.08       0.16       0.24       0.18       0.16
       0.21       0.25       0.17       0.17       0.15       0.13       0.11       0.09       0.07
       0.20       0.14       0.17       0.15       0.08       0.08       0.09       0.08       0.04
       0.24       0.15       0.17       0.23       0.07       0.10       0.06       0.07       0.09
       0.33       0.17       0.14       0.17       0.09       0.13       0.09       0.07       0.07
       0.20       0.09       0.10       0.10       0.11       0.13       0.15       0.07       0.06
       0.13       0.08       0.05       0.03       0.07       0.13       0.11       0.04       0.04
       0.06       0.04       0.01       0.02       0.07       0.09       0.06       0.05       0.07
       0.03       0.03       0.02       0.04       0.08       0.09       0.10       0.06       0.04
       0.07       0.03       0.01       0.01       0.04       0.09       0.05       0.07       0.03
       0.03       0.01       0.01       0.01       0.06       0.07       0.03       0.06       0.05
    864000    9   13
       0.37       0.35       0.33       0.41       0.49       0.45       0.40       0.55       0.53
       0.28       0.27       0.26       0.32       0.26       0.27       0.28       0.51       0.44
       0.40       0.29       0.22       0.27       0.25       0.26       0.31       0.33       0.45
       0.33       0.26       0.19       0.23       0.18       0.17       0.27       0.27       0.29
       0.44       0.33       0.20       0.21       0.12       0.15       0.19       0.28       0.28
       0.23       0.20       0.18       0.15       0.12       0.17       0.22       0.34       0.26
       0.16       0.16       0.12       0.13       0.23       0.22       0.28       0.23       0.26
       0.08       0.08       0.09       0.14       0.22       0.19       0.27       0.20       0.08
       0.05       0.03       0.01       0.02       0.12       0.12       0.08       0.08       0.10
       0.06       0.01       0.00       0.00       0.03       0.07       0.08       0.10       0.13
       0.01       0.01       0.00       0.00       0.00       0.01       0.10       0.14       0.13
       0.01       0.00       0.01       0.02       0.03       0.03       0.07       0.12       0.14
       0.04       0.04       0.03       0.06       0.07       0.07       0.11       0.16       0.14
    950400    9   13
       0.01       0.01       0.05       0.22       0.31       0.30       0.35       0.26       0.21
       0.02       0.03       0.13       0.12       0.21       0.30       0.28       0.25       0.20
       0.04       0.16       0.20       0.17       0.08       0.21       0.32       0.31       0.40
       0.08       0.10       0.11       0.08       0.07       0.09       0.24       0.19       0.33
       0.21       0.03       0.03       0.06       0.04       0.07       0.30       0.28       0.20
       0.16       0.02       0.06       0.02       0.01       0.11       0.30       0.19       0.04
       0.05       0.05       0.04       0.02       0.05       0.14       0.23       0.17       0.07
       0.04       0.06       0.10       0.10       0.25       0.25       0.20       0.17       0.12
       0.06       0.19       0.11       0.10       0.28       0.33       0.19       0.13       0.17
       0.05       0.07       0.07       0.09       0.29       0.30       0.16       0.17       0.24
       0.02       0.07       0.10       0.21       0.28       0.30       0.28       0.16       0.18
       0.07       0.11       0.07       0.17       0.23       0.18       0.19       0.14       0.13
       0.12       0.11       0.08       0.14       0.17       0.09       0.18       0.19       0.15
   1036800    9   13
       0.04       0.05       0.02       0.13       0.19       0.24       0.29       0.35       0.39
       0.01       0.14       0.05       0.08       0.14       0.18       0.24       0.40       0.59
       0.01       0.11       0.13       0.12       0.22       0.23       0.19       0.33       0.51
       0.00       0.02       0.08       0.14       0.30       0.43       0.22       0.28       0.52
       0.01       0.02       0.04       0.06       0.19       0.33       0.31       0.29       0.33
       0.04       0.02       0.03       0.07       0.17       0.33       0.36       0.41       0.34
       0.06       0.04       0.03       0.02       0.14       0.18       0.17       0.25       0.33
       0.04       0.03       0.07       0.01       0.08       0.10       0.12       0.09       0.12
       0.05       0.11       0.07       0.06       0.04       0.04       0.05       0.04       0.03
       0.05       0.09       0.06       0.05       0.11       0.02       0.02       0.01       0.01
       0.08       0.10       0.11       0.15       0.14       0.04       0.05       0.01       0.03
       0.08       0.06       0.09       0.09       0.12       0.10       0.11       0.02       0.01
       0.03       0.01       0.03       0.05       0.11       0.06       0.10       0.02       0.01
   1123200    9   13
       0.20       0.04       0.12       0.39       0.28       0.24       0.25       0.29       0.28
       0.05       0.15       0.20       0.24       0.14       0.20       0.24       0.14       0.35
       0.04       0.12       0.14       0.20       0.30       0.35       0.53       0.31       0.39
       0.01       0.14       0.30       0.30       0.56       0.63       0.60       0.56       0.64
       0.01       0.11       0.40       0.27       0.34       0.51       0.25       0.09       0.14
       0.01       0.02       0.19       0.06       0.16       0.31       0.05       0.01       0.06
       0.04       0.10       0.11       0.09       0.12       0.12       0.10       0.03       0.03
       0.05       0.09       0.11       0.10       0.12       0.10       0.12       0.07       0.03
       0.06       0.06       0.11       0.10       0.13       0.03       0.08       0.07       0.04
       0.08       0.17       0.06       0.08       0.17       0.02       0.02       0.05       0.06
       0.07       0.09       0.07       0.06       0.06       0.06       0.06       0.03       0.05
       0.03       0.03       0.04       0.07       0.10       0.11       0.10       0.02       0.03
       0.02       0.02       0.03       0.07       0.11       0.06       0.06       0.03       0.03
   1209600    9   13
       0.04       0.03       0.02       0.12       0.13       0.08       0.19       0.29       0.26
       0.01       0.00       0.02       0.14       0.14       0.16       0.26       0.25       0.24
       0.01       0.00       0.02       0.10       0.25       0.52       0.60       0.37       0.43
       0.02       0.05       0.03       0.06       0.14       0.40       0.68       0.52       0.39
       0.03       0.03       0.06       0.10       0.23       0.30       0.28       0.37       0.34
       0.02       0.02       0.09       0.09       0.29       0.48       0.45       0.41       0.61
       0.08       0.12       0.09       0.13       0.23       0.33       0.51       0.33       0.35
       0.11       0.11       0.08       0.03       0.09       0.09       0.14       0.19       0.24
       0.09       0.06       0.08       0.09       0.04       0.02       0.07       0.16       0.24
       0.07       0.14       0.15       0.12       0.14       0.02       0.02       0.09       0.19
       0.13       0.10       0.08       0.11       0.06       0.06       0.07       0.06       0.16
       0.25       0.18       0.07       0.06       0.11       0.12       0.15       0.07       0.12
       0.21       0.39       0.14       0.14       0.19       0.09       0.17       0.11       0.07
   1296000    9   13
       0.39       0.04       0.04       0.07       0.03       0.05       0.11       0.21       0.21
       0.09       0.01       0.03       0.13       0.04       0.17       0.19       0.30       0.31
       0.06       0.02       0.02       0.11       0.08       0.21       0.21       0.19       0.38
       0.07       0.06       0.10       0.10       0.27       0.19       0.17       0.23       0.41
       0.05       0.02       0.12       0.23       0.29       0.07       0.27       0.47       0.60
       0.02       0.03       0.21       0.16       0.37       0.08       0.32       0.48       0.52
       0.05       0.05       0.25       0.14       0.24       0.14       0.20       0.30       0.33
       0.05       0.03       0.14       0.06       0.17       0.15       0.19       0.33       0.33
       0.01       0.01       0.02       0.01       0.24       0.31       0.08       0.34       0.31
       0.04       0.01       0.03       0.09       0.28       0.30       0.13       0.19       0.19
       0.02       0.01       0.02       0.14       0.32       0.28       0.28       0.21       0.11
       0.02       0.02       0.07       0.10       0.23       0.31       0.30       0.16       0.06
       0.03       0.02       0.05       0.09       0.31       0.30       0.17       0.20       0.07
