         0    9   13
       0.16       0.22       0.71       0.73       0.72       0.76       0.67       0.58       0.22
       0.30       0.26       0.48       0.39       0.64       0.61       0.62       0.42       0.28
       0.21       0.30       0.64       0.52       0.82       0.80       0.68       0.46       0.34
       0.39       0.51       0.77       0.80       0.95       0.91       0.90       0.93       0.90
       0.46       0.69       0.64       0.64       0.79       1.05       1.53       1.54       1.37
       0.74       0.75       0.73       0.68       0.77       0.93       1.09       1.12       1.04
       0.64       0.71       0.75       0.83       1.19       1.13       1.02       1.16       1.63
       0.98       0.68       0.74       0.76       1.34       1.43       1.38       1.32       1.67
       0.82       0.58       0.73       0.75       0.96       0.94       0.75       1.00       1.32
       0.67       0.41       0.41       0.74       1.11       0.87       0.85       0.77       0.68
       0.48       0.80       0.49       0.66       0.72       0.85       0.63       0.57       0.64
       0.31       0.44       0.56       0.38       0.52       0.52       0.60       0.28       0.29
       0.35       0.39       0.45       0.62       0.43       0.17       0.27       0.22       0.13
     86400    9   13
       0.03       0.20       0.14       0.21       0.30       0.21       0.16       0.33       0.36
       0.08       0.20       0.30       0.22       0.32       0.26       0.15       0.34       0.44
       0.22       0.16       0.22       0.22       0.36       0.32       0.15       0.21       0.34
       0.19       0.22       0.18       0.10       0.30       0.31       0.26       0.28       0.20
       0.15       0.22       0.14       0.09       0.23       0.44       0.38       0.32       0.27
       0.09       0.18       0.14       0.19       0.29       0.31       0.30       0.37       0.49
       0.13       0.26       0.26       0.23       0.23       0.21       0.29       0.31       0.51
       0.18       0.36       0.29       0.29       0.22       0.24       0.36       0.34       0.45
       0.22       0.16       0.22       0.24       0.29       0.27       0.32       0.30       0.40
       0.25       0.22       0.22       0.28       0.37       0.30       0.32       0.34       0.49
       0.32       0.37       0.20       0.14       0.31       0.32       0.39       0.36       0.35
       0.34       0.41       0.24       0.11       0.29       0.33       0.30       0.31       0.25
       0.41       0.37       0.25       0.17       0.26       0.19       0.30       0.27       0.20
    172800    9   13
       0.02       0.09       0.14       0.19       0.13       0.33       0.33       0.33       0.29
       0.03       0.07       0.17       0.10       0.17       0.39       0.33       0.24       0.21
       0.03       0.05       0.14       0.03       0.15       0.33       0.21       0.15       0.20
       0.02       0.05       0.08       0.01       0.02       0.24       0.23       0.18       0.14
       0.01       0.04       0.08       0.00       0.05       0.19       0.34       0.29       0.20
       0.02       0.04       0.05       0.00       0.02       0.16       0.20       0.35       0.29
       0.01       0.03       0.03       0.03       0.03       0.12       0.20       0.34       0.30
       0.01       0.03       0.08       0.11       0.12       0.24       0.27       0.26       0.27
       0.10       0.16       0.19       0.20       0.23       0.33       0.31       0.26       0.25
       0.24       0.31       0.20       0.20       0.32       0.25       0.26       0.24       0.20
       0.34       0.47       0.34       0.30       0.24       0.21       0.32       0.27       0.31
       0.31       0.30       0.25       0.24       0.28       0.18       0.18       0.19       0.21
       0.57       0.26       0.08       0.13       0.34       0.17       0.09       0.20       0.14
    259200    9   13
       0.02       0.01       0.04       0.08       0.19       0.19       0.16       0.16       0.10
       0.00       0.00       0.01       0.09       0.01       0.05       0.06       0.11       0.08
       0.00       0.00       0.01       0.11       0.05       0.09       0.11       0.11       0.16
       0.01       0.03       0.03       0.11       0.06       0.13       0.13       0.06       0.17
       0.09       0.16       0.05       0.15       0.12       0.07       0.08       0.04       0.08
       0.01       0.04       0.02       0.02       0.01       0.02       0.05       0.02       0.09
       0.00       0.02       0.01       0.00       0.00       0.01       0.02       0.01       0.00
       0.01       0.00       0.00       0.00       0.00       0.01       0.01       0.00       0.01
       0.14       0.06       0.04       0.00       0.02       0.03       0.03       0.01       0.04
       0.30       0.10       0.01       0.00       0.02       0.03       0.05       0.07       0.14
       0.02       0.02       0.01       0.00       0.01       0.01       0.14       0.28       0.23
       0.03       0.04       0.01       0.00       0.00       0.03       0.17       0.24       0.28
       0.13       0.06       0.07       0.03       0.02       0.11       0.13       0.09       0.21
    345600    9   13
       0.06       0.13       0.06       0.10       0.11       0.16       0.25       0.25       0.42
       0.01       0.01       0.03       0.09       0.03       0.05       0.14       0.29       0.41
       0.00       0.01       0.00       0.11       0.05       0.04       0.21       0.19       0.44
       0.00       0.01       0.00       0.07       0.10       0.12       0.36       0.18       0.57
       0.02       0.03       0.00       0.02       0.02       0.04       0.09       0.11       0.51
       0.05       0.03       0.00       0.03       0.00       0.02       0.06       0.08       0.20
       0.03       0.02       0.00       0.01       0.01       0.01       0.09       0.13       0.09
       0.01       0.00       0.00       0.00       0.04       0.04       0.07       0.08       0.02
       0.00       0.00       0.00       0.01       0.04       0.07       0.03       0.00       0.01
       0.00       0.00       0.00       0.00       0.00       0.01       0.01       0.01       0.01
       0.00       0.00       0.00       0.00       0.00       0.00       0.00       0.01       0.00
       0.00       0.00       0.00       0.00       0.00       0.00       0.00       0.01       0.01
       0.00       0.00       0.01       0.00       0.00       0.00       0.00       0.00       0.00
    432000    9   13
       0.37       0.31       0.15       0.06       0.11       0.12       0.14       0.17       0.28
       0.04       0.09       0.03       0.02       0.03       0.05       0.12       0.17       0.31
       0.00       0.01       0.00       0.04       0.08       0.05       0.14       0.31       0.38
       0.01       0.01       0.01       0.02       0.10       0.05       0.11       0.29       0.52
       0.01       0.05       0.03       0.03       0.08       0.03       0.08       0.10       0.33
       0.01       0.03       0.05       0.04       0.04       0.01       0.05       0.08       0.18
       0.04       0.04       0.01       0.03       0.01       0.01       0.06       0.13       0.08
       0.05       0.05       0.01       0.02       0.01       0.02       0.05       0.08       0.04
       0.01       0.01       0.00       0.00       0.01       0.01       0.01       0.03       0.05
       0.01       0.01       0.01       0.01       0.01       0.05       0.04       0.06       0.06
       0.00       0.01       0.02       0.03       0.03       0.02       0.03       0.05       0.04
       0.00       0.00       0.01       0.01       0.00       0.00       0.00       0.05       0.07
       0.00       0.00       0.01       0.00       0.00       0.00       0.02       0.01       0.04
    518400    9   13
       0.20       0.33       0.24       0.30       0.31       0.25       0.30       0.37       0.29
       0.30       0.44       0.29       0.27       0.30       0.27       0.23       0.34       0.35
       0.21       0.27       0.41       0.35       0.39       0.33       0.33       0.31       0.83
       0.21       0.34       0.31       0.32       0.62       0.32       0.39       0.37       0.69
       0.15       0.22       0.15       0.10       0.13       0.13       0.19       0.34       0.45
       0.17       0.21       0.16       0.08       0.04       0.08       0.17       0.30       0.43
       0.11       0.07       0.07       0.06       0.08       0.24       0.16       0.14       0.22
       0.01       0.00       0.01       0.03       0.04       0.21       0.11       0.06       0.09
       0.07       0.02       0.01       0.01       0.07       0.07       0.10       0.08       0.07
       0.29       0.10       0.02       0.00       0.05       0.09       0.16       0.10       0.05
       0.05       0.01       0.00       0.01       0.04       0.04       0.07       0.03       0.06
       0.01       0.00       0.01       0.01       0.00       0.00       0.02       0.02       0.02
       0.00       0.00       0.00       0.01       0.01       0.02       0.12       0.08       0.02
    604800    9   13
       0.22       0.16       0.09       0.21       0.51       0.52       0.71       0.75       1.02
       0.05       0.13       0.17       0.21       0.30       0.45       0.71       0.82       0.83
       0.08       0.12       0.18       0.35       0.58       0.84       0.86       0.87       0.72
       0.19       0.15       0.25       0.22       0.56       1.01       0.90       0.61       0.79
       0.13       0.16       0.28       0.18       0.56       0.93       0.89       0.45       0.93
       0.10       0.15       0.15       0.12       0.31       0.83       0.88       0.44       0.62
       0.31       0.41       0.38       0.29       0.22       0.75       0.90       0.56       0.45
       0.31       0.40       0.35       0.34       0.40       0.72       0.70       0.87       0.89
       0.39       0.39       0.59       0.48       0.55       0.65       0.68       1.00       1.38
       0.80       0.67       0.72       0.64       0.72       0.66       0.64       1.32       1.36
       0.35       0.51       0.83       0.66       0.76       0.84       0.92       1.25       1.39
       0.26       0.21       0.71       0.68       0.74       0.88       0.85       0.66       0.64
       0.08       0.12       0.33       0.40       0.53       0.71       0.89       0.83       0.67
    691200    9   13
       0.32       0.47       0.69       0.73       0.63       0.63       0.66       0.70       0.79
       0.32       0.41       0.60       0.63       0.76       0.80       0.85       0.83       0.83
       0.61       0.54       0.56       0.68       0.82       0.84       0.52       0.78       0.92
       0.38       0.59       0.51       0.56       0.59       0.48       0.61       0.74       0.64
       0.37       0.43       0.42       0.26       0.47       0.49       0.57       0.47       0.48
       0.45       0.32       0.39       0.38       0.47       0.34       0.32       0.27       0.32
       0.58       0.71       0.75       0.75       0.62       0.36       0.36       0.32       0.35
       0.73       0.94       0.91       0.79       0.84       0.59       0.52       0.44       0.54
       0.78       0.88       0.74       0.75       1.25       0.94       0.70       0.42       0.38
       0.98       0.44       0.74       0.76       0.85       0.76       0.82       0.67       0.54
       0.58       0.38       0.35       0.44       0.64       0.83       0.80       0.86       0.50
       0.81       0.45       0.27       0.25       0.53       0.75       0.76       0.37       0.22
       0.57       0.74       0.47       0.55       0.73       0.64       0.89       0.34       0.30
    777600    9   13
       0.73       0.85       0.70       0.56       0.48       0.52       0.63       0.54       0.55
       0.56       0.64       0.36       0.41       0.37       0.35       0.47       0.50       0.54
       0.21       0.13       0.10       0.12       0.24       0.21       0.22       0.39       0.47
       0.19       0.09       0.04       0.01       0.12       0.14       0.31       0.39       0.29
       0.24       0.28       0.16       0.12       0.21       0.15       0.24       0.32       0.21
       0.30       0.49       0.16       0.50       0.29       0.19       0.30       0.36       0.39
       0.30       0.46       0.30       0.43       0.13       0.25       0.49       0.49       0.59
       0.55       0.56       0.45       0.28       0.22       0.38       0.62       0.53       0.48
       0.81       0.88       0.73       0.70       0.34       0.55       0.72       0.62       0.35
       0.93       0.90       1.15       0.76       0.61       0.70       0.69       0.53       0.36
       0.43       0.66       0.95       0.72       0.69       0.66       0.60       0.82       0.58
       0.40       0.54       0.68       0.60       0.68       0.77       0.52       0.63       0.59
       0.17       0.22       0.32       0.41       0.37       0.56       0.95       0.71       0.55
    864000    9   13
       0.33       0.37       0.22       0.28       0.26       0.22       0.35       0.43       0.30
       0.37       0.47       0.32       0.38       0.33       0.18       0.23       0.40       0.38
       0.28       0.48       0.24       0.42       0.36       0.10       0.14       0.35       0.40
       0.30       0.23       0.09       0.05       0.13       0.09       0.11       0.29       0.30
       0.18       0.11       0.02       0.02       0.11       0.13       0.18       0.25       0.31
       0.17       0.08       0.02       0.07       0.04       0.08       0.23       0.25       0.45
       0.36       0.16       0.04       0.03       0.01       0.14       0.43       0.52       0.81
       0.54       0.15       0.07       0.04       0.12       0.34       0.66       0.75       0.77
       0.55       0.51       0.36       0.12       0.18       0.50       0.63       0.54       0.26
       0.71       0.77       0.83       0.21       0.13       0.49       0.43       0.36       0.33
       0.57       0.66       0.70       0.22       0.22       0.46       0.30       0.50       0.57
       0.67       0.60       0.53       0.27       0.21       0.33       0.28       0.43       0.55
       0.57       0.53       0.46       0.32       0.12       0.32       0.28       0.22       0.33
    950400    9   13
       0.00       0.00       0.02       0.09       0.13       0.14       0.14       0.18       0.29
       0.01       0.07       0.22       0.20       0.19       0.17       0.08       0.12       0.19
       0.05       0.03       0.15       0.17       0.19       0.08       0.05       0.11       0.23
       0.12       0.06       0.13       0.05       0.19       0.11       0.11       0.18       0.23
       0.21       0.22       0.10       0.15       0.11       0.25       0.20       0.21       0.13
       0.23       0.30       0.08       0.10       0.16       0.22       0.34       0.30       0.21
       0.27       0.57       0.38       0.23       0.27       0.27       0.43       0.43       0.37
       0.31       0.30       0.30       0.24       0.40       0.33       0.52       0.45       0.36
       0.22       0.26       0.36       0.46       0.48       0.31       0.40       0.45       0.35
       0.29       0.31       0.32       0.64       0.33       0.37       0.33       0.44       0.34
       0.20       0.21       0.32       0.32       0.24       0.48       0.32       0.44       0.40
       0.34       0.25       0.23       0.17       0.19       0.31       0.32       0.38       0.46
       0.25       0.55       0.59       0.33       0.13       0.36       0.37       0.29       0.37
   1036800    9   13
       0.00       0.00       0.03       0.06       0.05       0.11       0.09       0.16       0.16
       0.02       0.01       0.03       0.10       0.10       0.12       0.08       0.13       0.14
       0.05       0.02       0.05       0.12       0.12       0.21       0.11       0.09       0.22
       0.05       0.04       0.05       0.05       0.11       0.35       0.12       0.18       0.33
       0.05       0.06       0.15       0.03       0.08       0.31       0.18       0.22       0.14
       0.12       0.14       0.21       0.06       0.12       0.30       0.23       0.22       0.18
       0.20       0.19       0.33       0.25       0.26       0.41       0.27       0.19       0.19
       0.13       0.26       0.45       0.40       0.44       0.41       0.45       0.43       0.28
       0.18       0.22       0.20       0.42       0.69       0.43       0.32       0.37       0.37
       0.13       0.12       0.22       0.72       0.85       0.49       0.36       0.33       0.34
       0.22       0.11       0.27       0.70       0.74       0.65       0.66       0.35       0.34
       0.27       0.12       0.14       0.43       0.53       0.45       0.65       0.43       0.55
       0.37       0.08       0.10       0.32       0.82       0.36       0.43       0.71       0.59
   1123200    9   13
       0.36       0.30       0.28       0.35       0.48       0.54       0.48       0.45       0.32
       0.29       0.24       0.36       0.38       0.51       0.41       0.49       0.52       0.39
       0.22       0.22       0.39       0.43       0.38       0.39       0.71       0.70       0.60
       0.30       0.25       0.41       0.37       0.37       0.61       0.73       0.59       0.76
       0.37       0.40       0.41       0.26       0.36       0.59       0.51       0.84       0.87
       0.51       0.49       0.45       0.38       0.41       0.57       0.72       0.89       0.83
       0.65       0.67       0.58       0.29       0.64       0.88       0.71       0.56       0.55
       0.67       0.73       0.59       0.53       0.68       0.72       0.62       0.42       0.44
       0.51       0.73       0.44       0.57       0.55       0.49       0.50       0.58       0.60
       0.19       0.32       0.41       0.68       0.80       0.40       0.39       0.55       0.64
       0.14       0.22       0.51       0.70       0.71       0.41       0.62       0.52       0.60
       0.22       0.25       0.33       0.43       0.53       0.32       0.52       0.43       0.50
       0.17       0.25       0.31       0.26       0.32       0.21       0.26       0.33       0.44
   1209600    9   13
       0.20       0.51       0.45       0.43       0.28       0.30       0.23       0.20       0.20
       0.73       0.51       0.54       0.39       0.37       0.41       0.25       0.18       0.20
       0.61       0.35       0.50       0.15       0.26       0.31       0.10       0.14       0.15
       0.43       0.47       0.41       0.13       0.22       0.36       0.19       0.21       0.17
       0.37       0.43       0.24       0.14       0.20       0.50       0.37       0.25       0.31
       0.55       0.29       0.26       0.13       0.12       0.30       0.40       0.35       0.32
       0.65       0.36       0.45       0.14       0.11       0.21       0.49       0.63       0.48
       0.25       0.19       0.27       0.13       0.13       0.19       0.49       0.64       0.46
       0.06       0.13       0.18       0.16       0.25       0.31       0.36       0.50       0.35
       0.09       0.14       0.17       0.07       0.18       0.23       0.30       0.33       0.25
       0.10       0.14       0.21       0.11       0.08       0.09       0.13       0.21       0.17
       0.32       0.19       0.16       0.13       0.08       0.05       0.12       0.15       0.11
       0.24       0.11       0.13       0.11       0.06       0.01       0.04       0.08       0.09
   1296000    9   13
       0.01       0.01       0.04       0.12       0.18       0.22       0.30       0.31       0.40
       0.00       0.00       0.01       0.01       0.07       0.10       0.15       0.16       0.26
       0.01       0.01       0.01       0.00       0.07       0.06       0.09       0.19       0.21
       0.00       0.00       0.00       0.00       0.02       0.03       0.03       0.14       0.15
       0.00       0.01       0.01       0.00       0.01       0.08       0.07       0.14       0.15
       0.01       0.01       0.00       0.00       0.02       0.08       0.10       0.11       0.11
       0.00       0.01       0.01       0.00       0.04       0.06       0.11       0.10       0.10
       0.01       0.01       0.01       0.00       0.03       0.05       0.07       0.09       0.10
       0.03       0.04       0.02       0.11       0.24       0.21       0.23       0.25       0.07
       0.03       0.01       0.07       0.22       0.32       0.31       0.27       0.28       0.08
       0.04       0.02       0.20       0.14       0.12       0.21       0.24       0.19       0.13
       0.02       0.08       0.21       0.20       0.19       0.21       0.20       0.21       0.22
       0.06       0.03       0.07       0.12       0.14       0.07       0.19       0.20       0.10
