         0    9   13
       0.22       0.31       0.22       0.26       0.28       0.37       0.37       0.34       0.42
       0.26       0.22       0.27       0.19       0.22       0.33       0.33       0.38       0.47
       0.21       0.20       0.22       0.23       0.36       0.26       0.26       0.44       0.35
       0.24       0.22       0.28       0.22       0.51       0.43       0.45       0.51       0.43
       0.30       0.37       0.38       0.37       0.40       0.51       0.48       0.38       0.45
       0.29       0.27       0.41       0.44       0.26       0.37       0.60       0.41       0.31
       0.40       0.21       0.34       0.48       0.48       0.50       0.43       0.30       0.26
       0.55       0.37       0.36       0.26       0.28       0.41       0.36       0.26       0.26
       0.33       0.32       0.28       0.21       0.15       0.21       0.30       0.24       0.25
       0.72       0.77       0.83       0.76       0.66       0.26       0.25       0.24       0.34
       0.58       0.82       1.10       1.13       1.47       0.66       0.22       0.22       0.30
       0.26       0.33       0.52       0.52       0.45       0.35       0.21       0.13       0.16
       0.24       0.27       0.27       0.24       0.15       0.32       0.22       0.11       0.10
     86400    9   13
       0.22       0.28       0.11       0.10       0.12       0.13       0.14       0.17       0.22
       0.24       0.22       0.16       0.14       0.24       0.21       0.18       0.19       0.23
       0.16       0.16       0.15       0.14       0.16       0.20       0.20       0.30       0.26
       0.11       0.10       0.11       0.13       0.08       0.26       0.28       0.31       0.27
       0.04       0.10       0.09       0.09       0.11       0.19       0.33       0.22       0.28
       0.01       0.02       0.02       0.01       0.03       0.10       0.16       0.21       0.20
       0.01       0.01       0.01       0.00       0.03       0.08       0.13       0.20       0.22
       0.00       0.00       0.00       0.00       0.03       0.14       0.16       0.21       0.20
       0.00       0.00       0.01       0.03       0.03       0.08       0.24       0.25       0.29
       0.01       0.06       0.11       0.07       0.08       0.07       0.22       0.26       0.35
       0.08       0.22       0.23       0.21       0.17       0.19       0.15       0.28       0.40
       0.31       0.25       0.44       0.22       0.18       0.31       0.23       0.25       0.38
       1.05       0.67       0.22       0.23       0.18       0.21       0.23       0.27       0.16
    172800    9   13
       0.09       0.14       0.04       0.10       0.21       0.25       0.22       0.22       0.21
       0.01       0.04       0.04       0.05       0.10       0.23       0.15       0.10       0.15
       0.00       0.00       0.01       0.04       0.04       0.08       0.08       0.09       0.12
       0.00       0.00       0.00       0.01       0.01       0.03       0.06       0.07       0.08
       0.01       0.00       0.00       0.00       0.01       0.05       0.05       0.08       0.10
       0.01       0.01       0.00       0.00       0.01       0.07       0.07       0.08       0.15
       0.04       0.02       0.01       0.01       0.02       0.05       0.09       0.12       0.10
       0.05       0.03       0.03       0.06       0.07       0.08       0.11       0.14       0.20
       0.23       0.17       0.22       0.22       0.26       0.19       0.15       0.15       0.22
       0.13       0.15       0.21       0.24       0.22       0.21       0.14       0.14       0.22
       0.25       0.10       0.10       0.21       0.17       0.10       0.12       0.22       0.21
       0.14       0.02       0.01       0.06       0.06       0.02       0.03       0.08       0.07
       0.16       0.17       0.05       0.01       0.01       0.01       0.02       0.08       0.12
    259200    9   13
       0.78       0.85       1.03       0.86       0.74       0.71       0.71       0.70       1.02
       0.56       0.37       0.65       0.78       0.95       0.80       0.59       0.82       0.85
       0.47       0.27       0.50       0.79       0.84       0.57       0.46       0.48       0.63
       0.23       0.22       0.18       0.30       0.37       0.50       0.52       0.46       0.38
       0.12       0.06       0.10       0.16       0.22       0.60       0.57       0.46       0.35
       0.02       0.08       0.06       0.03       0.08       0.30       0.45       0.45       0.43
       0.05       0.07       0.03       0.01       0.02       0.13       0.32       0.43       0.37
       0.10       0.07       0.05       0.04       0.07       0.17       0.45       0.50       0.42
       0.13       0.08       0.06       0.05       0.09       0.14       0.29       0.45       0.47
       0.16       0.09       0.07       0.02       0.04       0.14       0.15       0.29       0.34
       0.16       0.15       0.12       0.05       0.08       0.16       0.22       0.30       0.32
       0.22       0.27       0.30       0.22       0.17       0.22       0.24       0.25       0.33
       0.34       0.55       0.47       0.40       0.27       0.26       0.20       0.20       0.26
    345600    9   13
       0.11       0.19       0.10       0.13       0.16       0.37       0.30       0.18       0.22
       0.16       0.26       0.29       0.38       0.26       0.49       0.36       0.34       0.34
       0.16       0.27       0.39       0.23       0.19       0.32       0.35       0.33       0.44
       0.24       0.24       0.38       0.07       0.05       0.24       0.34       0.31       0.36
       0.24       0.17       0.25       0.08       0.05       0.23       0.27       0.22       0.37
       0.25       0.16       0.15       0.06       0.04       0.21       0.22       0.16       0.32
       0.16       0.14       0.13       0.03       0.03       0.24       0.41       0.17       0.23
       0.12       0.16       0.19       0.06       0.07       0.19       0.34       0.25       0.17
       0.11       0.13       0.21       0.22       0.15       0.25       0.31       0.21       0.16
       0.22       0.22       0.24       0.22       0.21       0.33       0.32       0.32       0.35
       0.05       0.14       0.20       0.21       0.24       0.37       0.28       0.37       0.37
       0.03       0.10       0.14       0.17       0.19       0.31       0.25       0.26       0.33
       0.04       0.04       0.10       0.13       0.11       0.09       0.09       0.11       0.33
    432000    9   13
       0.18       0.19       0.16       0.10       0.18       0.34       0.25       0.31       0.21
       0.12       0.13       0.09       0.13       0.27       0.41       0.29       0.36       0.33
       0.15       0.06       0.12       0.05       0.26       0.46       0.28       0.24       0.45
       0.10       0.09       0.16       0.03       0.08       0.47       0.38       0.27       0.20
       0.09       0.12       0.11       0.09       0.22       0.57       0.56       0.44       0.32
       0.15       0.18       0.21       0.13       0.35       0.37       0.40       0.45       0.49
       0.14       0.23       0.30       0.25       0.26       0.25       0.32       0.56       0.91
       0.11       0.30       0.24       0.21       0.21       0.21       0.26       0.64       1.00
       0.08       0.12       0.14       0.22       0.26       0.22       0.23       0.39       0.61
       0.11       0.26       0.30       0.30       0.22       0.32       0.32       0.31       0.46
       0.13       0.41       0.38       0.27       0.24       0.38       0.34       0.35       0.32
       0.27       0.37       0.31       0.26       0.22       0.22       0.16       0.15       0.27
       0.24       0.14       0.17       0.23       0.37       0.15       0.21       0.10       0.06
    518400    9   13
       0.02       0.14       0.21       0.08       0.11       0.25       0.25       0.24       0.32
       0.00       0.01       0.22       0.20       0.24       0.28       0.33       0.17       0.23
       0.00       0.02       0.14       0.11       0.24       0.31       0.21       0.21       0.31
       0.04       0.02       0.13       0.05       0.19       0.32       0.20       0.20       0.21
       0.00       0.00       0.04       0.03       0.11       0.37       0.28       0.22       0.17
       0.01       0.04       0.10       0.03       0.10       0.31       0.27       0.31       0.29
       0.01       0.07       0.16       0.08       0.08       0.17       0.30       0.38       0.59
       0.04       0.07       0.06       0.16       0.26       0.27       0.22       0.31       0.57
       0.04       0.10       0.14       0.14       0.30       0.27       0.30       0.32       0.45
       0.08       0.14       0.20       0.29       0.36       0.31       0.33       0.33       0.33
       0.16       0.29       0.32       0.44       0.32       0.33       0.41       0.35       0.32
       0.15       0.15       0.24       0.30       0.31       0.22       0.29       0.32       0.24
       0.12       0.06       0.15       0.21       0.22       0.08       0.23       0.27       0.14
    604800    9   13
       0.01       0.03       0.03       0.20       0.44       0.52       0.44       0.43       0.43
       0.01       0.01       0.04       0.08       0.25       0.24       0.31       0.36       0.39
       0.01       0.01       0.04       0.04       0.19       0.20       0.28       0.43       0.37
       0.05       0.03       0.04       0.02       0.16       0.42       0.39       0.49       0.63
       0.03       0.03       0.09       0.02       0.11       0.31       0.34       0.37       0.69
       0.03       0.07       0.13       0.04       0.17       0.29       0.27       0.21       0.21
       0.09       0.12       0.22       0.15       0.25       0.35       0.26       0.19       0.15
       0.07       0.20       0.27       0.24       0.26       0.32       0.30       0.31       0.26
       0.15       0.21       0.21       0.26       0.32       0.32       0.30       0.32       0.38
       0.13       0.30       0.31       0.44       0.65       0.41       0.28       0.30       0.36
       0.20       0.18       0.28       0.44       0.53       0.66       0.45       0.26       0.32
       0.32       0.25       0.31       0.35       0.53       0.29       0.33       0.27       0.22
       0.39       0.26       0.16       0.25       0.32       0.06       0.15       0.38       0.35
    691200    9   13
       0.21       0.21       0.39       0.59       0.61       0.60       0.65       0.67       0.54
       0.70       0.65       0.69       0.73       0.59       0.56       0.71       0.69       0.60
       0.40       0.71       0.78       1.13       1.25       1.30       0.95       0.77       0.58
       0.17       0.30       0.77       1.19       1.32       1.61       1.63       1.64       1.21
       0.17       0.29       0.64       0.79       0.92       1.24       1.53       1.54       1.58
       0.21       0.28       0.42       0.64       1.02       1.08       0.99       0.96       1.03
       0.27       0.24       0.26       0.29       0.40       0.56       0.92       0.92       0.69
       0.31       0.16       0.27       0.29       0.31       0.32       0.31       0.36       0.48
       0.09       0.21       0.22       0.28       0.18       0.21       0.31       0.47       0.66
       0.06       0.14       0.20       0.24       0.22       0.20       0.27       0.33       0.50
       0.04       0.06       0.14       0.21       0.19       0.14       0.11       0.21       0.22
       0.16       0.11       0.07       0.11       0.16       0.12       0.12       0.13       0.11
       0.22       0.11       0.06       0.10       0.14       0.21       0.23       0.13       0.06
    777600    9   13
       0.67       0.22       0.13       0.21       0.22       0.35       0.40       0.59       0.55
       0.21       0.17       0.23       0.30       0.34       0.32       0.35       0.40       0.37
       0.19       0.21       0.42       0.86       0.51       0.33       0.47       0.52       0.44
       0.17       0.13       0.18       0.70       0.68       0.35       0.50       0.47       0.41
       0.10       0.08       0.03       0.11       0.12       0.20       0.29       0.31       0.26
       0.15       0.16       0.10       0.08       0.01       0.09       0.17       0.30       0.26
       0.17       0.22       0.13       0.24       0.14       0.05       0.09       0.14       0.29
       0.12       0.11       0.22       0.25       0.18       0.08       0.10       0.11       0.13
       0.08       0.09       0.15       0.15       0.11       0.08       0.16       0.23       0.16
       0.13       0.12       0.19       0.21       0.16       0.14       0.16       0.27       0.38
       0.16       0.21       0.21       0.19       0.16       0.13       0.08       0.14       0.33
       0.10       0.15       0.16       0.13       0.13       0.11       0.03       0.08       0.24
       0.02       0.03       0.12       0.14       0.14       0.12       0.04       0.02       0.10
    864000    9   13
       0.58       0.54       0.73       0.86       0.74       0.95       0.92       0.75       0.92
       0.51       0.64       0.78       0.78       0.95       1.07       0.93       0.83       0.85
       0.25       0.43       0.64       0.79       0.86       0.89       0.71       0.62       0.72
       0.28       0.22       0.31       0.51       0.55       0.70       0.61       0.55       0.43
       0.20       0.17       0.21       0.20       0.26       0.60       0.60       0.52       0.37
       0.25       0.16       0.20       0.14       0.23       0.53       0.47       0.47       0.44
       0.25       0.22       0.30       0.22       0.29       0.50       0.45       0.43       0.51
       0.18       0.19       0.43       0.25       0.21       0.32       0.35       0.29       0.53
       0.27       0.29       0.22       0.22       0.27       0.34       0.38       0.47       0.66
       0.22       0.43       0.40       0.22       0.31       0.58       0.58       0.60       0.60
       0.08       0.22       0.43       0.31       0.40       0.66       0.80       0.84       0.71
       0.06       0.20       0.36       0.38       0.49       0.52       0.65       0.63       0.61
       0.15       0.30       0.53       0.64       0.60       0.71       0.63       0.68       0.55
    950400    9   13
       0.59       0.80       1.11       0.92       0.93       0.60       0.66       0.78       0.72
       0.32       0.46       0.57       0.52       0.61       0.52       0.49       0.52       0.59
       0.22       0.27       0.43       0.42       0.58       0.44       0.44       0.48       0.45
       0.14       0.22       0.33       0.32       0.51       0.60       0.56       0.75       0.63
       0.21       0.26       0.24       0.22       0.38       0.64       0.76       0.80       0.72
       0.17       0.22       0.21       0.19       0.33       0.41       0.54       0.55       0.63
       0.31       0.31       0.29       0.32       0.42       0.38       0.62       0.70       0.59
       0.41       0.48       0.32       0.54       0.68       0.59       0.69       0.75       0.60
       0.40       0.56       0.44       0.52       0.67       0.65       0.70       0.82       0.47
       0.42       0.61       0.52       0.65       0.79       0.65       0.69       0.72       0.53
       0.16       0.38       0.56       0.57       0.69       0.66       0.63       0.87       0.71
       0.36       0.32       0.56       0.53       0.67       0.66       0.65       0.63       0.70
       0.77       0.74       0.54       0.40       0.47       0.56       0.43       0.61       0.84
   1036800    9   13
       0.58       0.47       0.36       0.54       0.62       0.58       0.54       0.65       0.84
       0.34       0.51       0.43       0.43       0.61       0.55       0.57       0.57       0.69
       0.26       0.40       0.35       0.30       0.37       0.43       0.49       0.56       0.75
       0.43       0.33       0.18       0.13       0.20       0.32       0.45       0.61       0.49
       0.62       0.45       0.24       0.26       0.30       0.32       0.50       0.47       0.48
       0.60       0.57       0.19       0.18       0.14       0.21       0.41       0.52       0.64
       0.57       0.63       0.31       0.23       0.17       0.22       0.57       0.56       0.69
       0.55       0.51       0.53       0.35       0.26       0.46       0.69       0.69       0.60
       0.60       0.56       0.58       0.48       0.38       0.73       0.72       0.64       0.38
       0.71       0.68       0.63       0.60       0.38       0.78       0.74       0.50       0.34
       0.58       0.62       0.70       0.64       0.53       0.66       0.62       0.82       0.54
       0.68       0.68       0.71       0.60       0.68       0.66       0.62       0.89       0.63
       0.77       0.82       0.70       0.65       0.53       0.65       0.99       0.89       0.84
   1123200    9   13
       0.33       0.44       0.31       0.37       0.44       0.43       0.36       0.38       0.41
       0.32       0.37       0.32       0.40       0.40       0.41       0.40       0.45       0.45
       0.22       0.23       0.22       0.36       0.53       0.29       0.43       0.72       0.46
       0.19       0.22       0.22       0.13       0.27       0.22       0.38       0.49       0.38
       0.22       0.29       0.14       0.10       0.14       0.24       0.35       0.31       0.30
       0.23       0.18       0.02       0.09       0.16       0.22       0.32       0.27       0.25
       0.30       0.12       0.02       0.08       0.08       0.30       0.49       0.43       0.44
       0.30       0.05       0.06       0.07       0.26       0.54       0.62       0.50       0.41
       0.52       0.26       0.19       0.10       0.25       0.44       0.62       0.40       0.32
       0.80       0.47       0.47       0.20       0.16       0.40       0.48       0.44       0.35
       0.81       0.82       0.56       0.23       0.23       0.31       0.37       0.64       0.46
       0.68       0.61       0.44       0.22       0.23       0.29       0.30       0.63       0.63
       1.05       0.67       0.47       0.31       0.11       0.44       0.30       0.61       0.84
   1209600    9   13
       0.08       0.15       0.23       0.22       0.21       0.20       0.21       0.24       0.14
       0.16       0.27       0.32       0.33       0.34       0.19       0.22       0.24       0.15
       0.08       0.21       0.22       0.37       0.33       0.13       0.32       0.40       0.29
       0.17       0.21       0.17       0.19       0.17       0.22       0.39       0.48       0.43
       0.13       0.08       0.03       0.12       0.09       0.13       0.46       0.47       0.49
       0.16       0.09       0.02       0.06       0.08       0.15       0.41       0.32       0.32
       0.33       0.16       0.03       0.05       0.04       0.14       0.33       0.48       0.65
       0.58       0.30       0.16       0.09       0.12       0.32       0.55       0.69       0.92
       0.78       0.69       0.65       0.25       0.29       0.67       0.83       0.82       0.38
       0.80       0.79       1.12       0.68       0.30       0.70       0.97       0.72       0.46
       0.86       0.85       0.76       0.65       0.43       0.65       0.66       0.87       0.58
       0.42       0.56       0.59       0.58       0.59       0.66       0.62       0.91       0.64
       0.32       0.39       0.53       0.66       0.45       0.44       0.74       0.71       0.59
   1296000    9   13
       0.08       0.15       0.37       0.32       0.34       0.22       0.16       0.18       0.25
       0.12       0.22       0.39       0.25       0.35       0.32       0.18       0.21       0.24
       0.08       0.18       0.39       0.29       0.67       0.32       0.26       0.31       0.37
       0.11       0.14       0.30       0.22       0.37       0.40       0.39       0.42       0.37
       0.22       0.22       0.31       0.26       0.46       0.66       0.57       0.52       0.51
       0.29       0.48       0.54       0.45       0.74       0.65       0.89       0.93       0.86
       0.53       0.72       0.75       0.75       0.85       0.91       0.92       1.12       1.21
       0.55       0.90       0.91       0.94       1.00       1.03       0.95       1.01       1.02
       0.55       0.88       1.61       1.62       1.25       1.30       1.41       1.34       1.32
       0.71       1.24       1.52       1.81       1.41       1.01       1.13       1.32       1.36
       0.70       1.19       1.30       1.37       1.27       0.65       0.90       1.25       1.39
       0.87       0.98       1.11       1.37       0.97       0.33       0.37       0.89       0.93
       0.77       0.67       0.55       0.74       0.57       0.25       0.63       1.23       1.11
