         0    9   13
       0.00       0.00       0.00       0.02       0.04       0.06       0.11       0.18       0.30
       0.00       0.00       0.00       0.02       0.04       0.08       0.15       0.23       0.34
       0.00       0.00       0.00       0.00       0.01       0.04       0.10       0.15       0.09
       0.01       0.01       0.00       0.00       0.01       0.06       0.08       0.06       0.01
       0.09       0.07       0.01       0.01       0.03       0.07       0.07       0.01       0.00
       0.09       0.09       0.05       0.07       0.04       0.10       0.09       0.04       0.03
       0.06       0.08       0.09       0.11       0.14       0.15       0.17       0.17       0.13
       0.08       0.08       0.13       0.23       0.32       0.37       0.40       0.44       0.36
       0.06       0.16       0.25       0.40       0.65       0.66       0.57       0.53       0.48
       0.21       0.38       0.47       0.53       0.60       0.52       0.52       0.52       0.39
       0.39       0.50       0.45       0.38       0.45       0.52       0.50       0.40       0.29
       0.41       0.45       0.46       0.48       0.53       0.51       0.46       0.38       0.45
       0.32       0.46       0.59       0.61       0.54       0.66       0.66       0.66       0.61
     86400    9   13
       0.07       0.02       0.00       0.01       0.01       0.04       0.06       0.08       0.13
       0.10       0.01       0.00       0.00       0.00       0.01       0.03       0.06       0.12
       0.04       0.01       0.00       0.01       0.01       0.06       0.05       0.08       0.08
       0.11       0.06       0.02       0.06       0.05       0.09       0.22       0.23       0.07
       0.16       0.10       0.07       0.08       0.23       0.17       0.30       0.29       0.22
       0.14       0.11       0.15       0.05       0.25       0.24       0.25       0.27       0.23
       0.10       0.05       0.16       0.11       0.17       0.26       0.29       0.24       0.15
       0.08       0.08       0.11       0.14       0.13       0.15       0.15       0.13       0.08
       0.04       0.04       0.11       0.11       0.11       0.04       0.09       0.07       0.09
       0.12       0.14       0.17       0.12       0.29       0.31       0.28       0.22       0.20
       0.21       0.20       0.10       0.11       0.19       0.38       0.93       0.76       0.26
       0.26       0.24       0.14       0.11       0.19       0.30       0.82       0.97       0.65
       0.24       0.29       0.33       0.35       0.44       0.41       0.56       0.81       0.87
    172800    9   13
       0.53       0.54       0.14       0.06       0.13       0.17       0.09       0.09       0.13
       0.55       0.51       0.44       0.25       0.18       0.23       0.17       0.17       0.25
       0.27       0.46       0.32       0.24       0.29       0.17       0.29       0.36       0.34
       0.37       0.30       0.24       0.11       0.23       0.12       0.22       0.33       0.30
       0.36       0.31       0.13       0.11       0.26       0.11       0.16       0.30       0.27
       0.12       0.08       0.08       0.15       0.21       0.15       0.18       0.23       0.30
       0.09       0.07       0.04       0.08       0.04       0.10       0.21       0.28       0.31
       0.12       0.00       0.00       0.01       0.01       0.03       0.05       0.11       0.16
       0.14       0.01       0.00       0.01       0.04       0.07       0.05       0.04       0.08
       0.15       0.22       0.10       0.00       0.06       0.14       0.12       0.05       0.08
       0.09       0.37       0.31       0.01       0.00       0.01       0.09       0.08       0.08
       0.07       0.16       0.20       0.10       0.02       0.01       0.03       0.14       0.23
       0.11       0.21       0.43       0.24       0.14       0.16       0.15       0.24       0.39
    259200    9   13
       0.25       0.18       0.18       0.09       0.09       0.17       0.25       0.36       0.39
       0.23       0.23       0.18       0.08       0.11       0.18       0.20       0.24       0.24
       0.17       0.13       0.11       0.11       0.13       0.17       0.17       0.30       0.34
       0.29       0.17       0.02       0.02       0.06       0.12       0.20       0.28       0.29
       0.29       0.23       0.07       0.07       0.16       0.11       0.16       0.21       0.38
       0.36       0.33       0.17       0.51       0.49       0.22       0.17       0.30       0.38
       0.44       0.70       0.37       0.38       0.56       0.29       0.19       0.32       0.31
       0.34       0.48       0.54       0.53       0.64       0.68       0.22       0.34       0.44
       0.25       0.38       0.36       0.57       0.70       0.78       0.61       0.22       0.31
       0.43       0.49       0.43       0.56       0.64       0.73       0.67       0.18       0.20
       0.44       0.52       0.33       0.47       0.38       0.74       0.77       0.34       0.21
       0.36       0.49       0.34       0.43       0.54       0.72       0.94       0.80       0.54
       0.26       0.44       0.30       0.54       0.81       0.97       0.93       1.11       0.59
    345600    9   13
       0.64       0.50       0.14       0.31       0.16       0.17       0.16       0.11       0.11
       0.59       0.44       0.35       0.24       0.22       0.16       0.16       0.15       0.19
       0.69       0.55       0.99       0.54       0.16       0.22       0.24       0.18       0.16
       0.69       0.66       0.63       0.48       0.24       0.37       0.38       0.25       0.29
       0.81       0.71       0.50       0.33       0.27       0.30       0.42       0.29       0.31
       0.99       0.69       0.40       0.59       0.59       0.36       0.41       0.36       0.28
       0.62       0.70       0.43       0.44       0.40       0.36       0.34       0.38       0.31
       0.81       0.54       0.52       0.45       0.45       0.51       0.51       0.33       0.37
       0.87       0.72       0.73       0.67       0.57       0.71       0.63       0.34       0.20
       1.11       1.08       0.75       0.77       0.64       0.74       0.92       0.57       0.26
       1.24       1.13       0.98       0.79       0.72       0.78       0.97       0.82       0.59
       1.44       1.66       0.91       0.84       0.85       0.81       1.23       1.33       0.88
       0.83       0.92       1.07       0.95       0.81       0.92       0.93       1.13       1.05
    432000    9   13
       0.70       0.60       0.46       0.30       0.35       0.43       0.44       0.42       0.16
       0.59       0.59       0.52       0.39       0.20       0.30       0.39       0.44       0.39
       0.54       0.50       0.30       0.24       0.14       0.10       0.43       0.54       0.52
       0.43       0.16       0.07       0.10       0.13       0.07       0.33       0.39       0.48
       0.36       0.15       0.04       0.19       0.07       0.09       0.33       0.36       0.38
       0.43       0.21       0.11       0.36       0.09       0.21       0.48       0.54       0.49
       0.36       0.25       0.14       0.28       0.10       0.43       0.61       0.59       0.54
       0.23       0.34       0.71       0.53       0.44       0.63       0.75       0.80       0.73
       0.30       0.13       0.46       0.44       0.70       0.97       0.92       0.89       0.88
       0.28       0.30       0.58       0.83       1.04       0.99       1.23       1.29       1.06
       0.44       0.45       0.49       0.46       1.16       1.42       1.46       1.67       1.23
       0.37       0.34       0.18       0.15       0.64       0.76       1.26       1.41       1.34
       0.38       0.54       0.25       0.11       0.20       0.92       0.57       1.02       1.21
    518400    9   13
       0.23       0.05       0.02       0.05       0.07       0.07       0.07       0.06       0.05
       0.13       0.07       0.02       0.03       0.05       0.07       0.06       0.06       0.04
       0.06       0.04       0.02       0.04       0.04       0.05       0.08       0.07       0.05
       0.10       0.03       0.02       0.09       0.04       0.05       0.08       0.05       0.03
       0.08       0.03       0.01       0.02       0.01       0.03       0.10       0.03       0.01
       0.11       0.06       0.01       0.02       0.00       0.11       0.15       0.04       0.00
       0.08       0.10       0.02       0.04       0.03       0.12       0.08       0.03       0.00
       0.06       0.04       0.04       0.08       0.09       0.15       0.11       0.02       0.00
       0.01       0.04       0.21       0.09       0.07       0.15       0.14       0.02       0.00
       0.07       0.09       0.15       0.09       0.02       0.12       0.20       0.12       0.01
       0.33       0.39       0.26       0.17       0.14       0.11       0.23       0.18       0.11
       0.28       0.28       0.25       0.11       0.14       0.11       0.17       0.21       0.08
       0.24       0.26       0.30       0.12       0.12       0.18       0.16       0.13       0.05
    604800    9   13
       0.02       0.00       0.03       0.10       0.10       0.09       0.10       0.06       0.06
       0.01       0.03       0.10       0.07       0.06       0.05       0.09       0.08       0.07
       0.04       0.03       0.07       0.06       0.05       0.07       0.08       0.07       0.06
       0.05       0.02       0.06       0.02       0.05       0.09       0.07       0.03       0.03
       0.08       0.03       0.02       0.01       0.03       0.05       0.06       0.03       0.08
       0.01       0.03       0.02       0.04       0.06       0.06       0.06       0.11       0.15
       0.03       0.04       0.02       0.06       0.04       0.04       0.04       0.03       0.02
       0.01       0.00       0.01       0.04       0.11       0.08       0.03       0.01       0.00
       0.00       0.00       0.01       0.02       0.11       0.06       0.01       0.00       0.00
       0.00       0.00       0.00       0.01       0.02       0.01       0.01       0.00       0.01
       0.00       0.00       0.00       0.00       0.00       0.00       0.02       0.00       0.01
       0.00       0.00       0.00       0.00       0.00       0.01       0.00       0.01       0.02
       0.00       0.00       0.00       0.00       0.01       0.02       0.02       0.00       0.03
    691200    9   13
       0.03       0.09       0.33       0.12       0.30       0.23       0.28       0.29       0.26
       0.09       0.11       0.21       0.16       0.36       0.38       0.30       0.19       0.09
       0.10       0.10       0.18       0.24       0.29       0.45       0.25       0.11       0.08
       0.13       0.14       0.25       0.17       0.17       0.37       0.29       0.19       0.26
       0.08       0.13       0.29       0.30       0.14       0.30       0.36       0.37       0.38
       0.09       0.09       0.15       0.18       0.06       0.45       0.44       0.41       0.43
       0.06       0.07       0.06       0.11       0.03       0.21       0.25       0.14       0.20
       0.06       0.08       0.07       0.04       0.01       0.03       0.07       0.05       0.11
       0.15       0.13       0.09       0.02       0.02       0.14       0.08       0.11       0.07
       0.19       0.14       0.16       0.12       0.07       0.14       0.11       0.17       0.25
       0.11       0.13       0.21       0.16       0.22       0.20       0.07       0.11       0.28
       0.14       0.21       0.20       0.12       0.15       0.30       0.02       0.11       0.15
       0.17       0.18       0.24       0.22       0.12       0.35       0.11       0.09       0.14
    777600    9   13
       0.01       0.05       0.02       0.09       0.26       0.35       0.43       0.22       0.06
       0.01       0.02       0.02       0.03       0.11       0.24       0.30       0.23       0.08
       0.02       0.00       0.05       0.13       0.13       0.14       0.23       0.13       0.09
       0.12       0.04       0.05       0.11       0.07       0.12       0.16       0.05       0.04
       0.11       0.07       0.04       0.01       0.04       0.07       0.08       0.02       0.03
       0.22       0.13       0.07       0.06       0.02       0.00       0.01       0.01       0.03
       0.11       0.12       0.10       0.03       0.03       0.00       0.00       0.00       0.00
       0.15       0.01       0.08       0.12       0.04       0.04       0.01       0.01       0.03
       0.25       0.04       0.12       0.06       0.01       0.08       0.01       0.01       0.01
       0.21       0.13       0.06       0.02       0.00       0.00       0.00       0.01       0.01
       0.19       0.24       0.05       0.00       0.00       0.00       0.00       0.01       0.01
       0.13       0.18       0.04       0.01       0.01       0.00       0.00       0.01       0.01
       0.13       0.15       0.06       0.02       0.00       0.00       0.01       0.00       0.01
    864000    9   13
       0.00       0.00       0.00       0.00       0.03       0.07       0.05       0.08       0.07
       0.00       0.00       0.00       0.00       0.00       0.02       0.05       0.07       0.03
       0.00       0.00       0.00       0.00       0.00       0.01       0.01       0.04       0.03
       0.00       0.00       0.00       0.00       0.01       0.01       0.01       0.02       0.02
       0.00       0.00       0.00       0.00       0.01       0.00       0.01       0.02       0.01
       0.01       0.02       0.01       0.00       0.00       0.01       0.01       0.02       0.01
       0.05       0.05       0.02       0.00       0.00       0.01       0.01       0.03       0.02
       0.06       0.21       0.01       0.00       0.00       0.03       0.02       0.06       0.04
       0.11       0.45       0.07       0.02       0.02       0.05       0.00       0.06       0.05
       0.21       0.30       0.22       0.06       0.02       0.01       0.00       0.01       0.02
       0.09       0.45       0.49       0.04       0.02       0.03       0.00       0.00       0.02
       0.24       0.32       0.31       0.04       0.01       0.06       0.00       0.00       0.02
       0.37       0.25       0.35       0.11       0.04       0.02       0.00       0.00       0.01
    950400    9   13
       0.00       0.00       0.00       0.00       0.00       0.02       0.01       0.02       0.03
       0.00       0.00       0.00       0.00       0.00       0.03       0.01       0.04       0.06
       0.00       0.00       0.00       0.00       0.01       0.02       0.01       0.04       0.09
       0.00       0.00       0.00       0.00       0.00       0.01       0.02       0.06       0.03
       0.09       0.00       0.00       0.00       0.01       0.00       0.02       0.01       0.01
       0.36       0.11       0.01       0.00       0.01       0.01       0.02       0.02       0.01
       0.09       0.15       0.06       0.00       0.01       0.01       0.02       0.04       0.04
       0.02       0.06       0.03       0.01       0.02       0.07       0.05       0.07       0.05
       0.01       0.02       0.01       0.02       0.04       0.17       0.10       0.10       0.06
       0.15       0.24       0.11       0.05       0.03       0.05       0.09       0.06       0.05
       0.08       0.23       0.24       0.08       0.01       0.01       0.01       0.02       0.05
       0.02       0.19       0.20       0.04       0.01       0.01       0.05       0.01       0.01
       0.02       0.36       0.30       0.08       0.02       0.02       0.17       0.01       0.01
   1036800    9   13
       0.00       0.00       0.09       0.12       0.09       0.06       0.04       0.15       0.10
       0.00       0.08       0.23       0.13       0.09       0.06       0.02       0.06       0.08
       0.00       0.04       0.24       0.17       0.10       0.04       0.04       0.11       0.11
       0.01       0.10       0.24       0.17       0.10       0.02       0.07       0.18       0.13
       0.07       0.42       0.11       0.11       0.05       0.02       0.03       0.11       0.06
       0.31       0.36       0.02       0.00       0.05       0.06       0.02       0.12       0.09
       0.36       0.13       0.02       0.03       0.03       0.02       0.03       0.06       0.20
       0.34       0.12       0.04       0.09       0.00       0.05       0.06       0.06       0.24
       0.30       0.14       0.06       0.09       0.04       0.11       0.15       0.16       0.16
       0.05       0.07       0.13       0.04       0.08       0.10       0.25       0.20       0.10
       0.02       0.04       0.13       0.06       0.09       0.13       0.10       0.09       0.04
       0.24       0.18       0.26       0.12       0.12       0.11       0.10       0.03       0.06
       0.38       0.27       0.44       0.24       0.09       0.04       0.14       0.11       0.09
   1123200    9   13
       0.13       0.23       0.17       0.09       0.08       0.06       0.07       0.14       0.13
       0.06       0.03       0.07       0.03       0.01       0.03       0.06       0.08       0.08
       0.01       0.02       0.04       0.01       0.02       0.07       0.10       0.08       0.09
       0.01       0.05       0.06       0.05       0.09       0.13       0.05       0.15       0.13
       0.01       0.03       0.04       0.11       0.06       0.07       0.12       0.23       0.28
       0.01       0.02       0.09       0.11       0.09       0.07       0.14       0.30       0.30
       0.02       0.04       0.03       0.01       0.01       0.04       0.08       0.13       0.12
       0.02       0.01       0.01       0.01       0.00       0.01       0.01       0.02       0.04
       0.00       0.00       0.01       0.03       0.00       0.00       0.00       0.02       0.05
       0.01       0.00       0.00       0.01       0.00       0.00       0.01       0.03       0.10
       0.09       0.04       0.01       0.00       0.00       0.00       0.00       0.07       0.20
       0.01       0.01       0.01       0.00       0.00       0.00       0.00       0.10       0.21
       0.04       0.04       0.07       0.02       0.00       0.00       0.00       0.04       0.11
   1209600    9   13
       0.27       0.11       0.08       0.12       0.20       0.30       0.32       0.30       0.15
       0.13       0.08       0.16       0.06       0.11       0.14       0.28       0.44       0.31
       0.03       0.10       0.30       0.06       0.13       0.19       0.25       0.30       0.31
       0.03       0.05       0.18       0.03       0.19       0.24       0.16       0.25       0.30
       0.08       0.04       0.11       0.11       0.16       0.25       0.26       0.24       0.27
       0.09       0.07       0.15       0.13       0.11       0.33       0.26       0.22       0.30
       0.20       0.16       0.20       0.12       0.11       0.33       0.14       0.12       0.18
       0.12       0.13       0.13       0.11       0.11       0.13       0.05       0.12       0.11
       0.24       0.19       0.09       0.12       0.09       0.14       0.12       0.24       0.12
       0.29       0.31       0.21       0.18       0.16       0.14       0.09       0.19       0.18
       0.37       0.35       0.24       0.25       0.24       0.23       0.12       0.19       0.25
       0.18       0.30       0.20       0.30       0.33       0.43       0.24       0.37       0.25
       0.02       0.25       0.28       0.26       0.20       0.21       0.23       0.25       0.30
   1296000    9   13
       0.04       0.08       0.08       0.07       0.05       0.09       0.20       0.13       0.08
       0.05       0.10       0.32       0.15       0.05       0.05       0.13       0.09       0.04
       0.08       0.06       0.20       0.08       0.06       0.03       0.04       0.08       0.04
       0.08       0.04       0.06       0.04       0.03       0.04       0.03       0.08       0.13
       0.05       0.01       0.01       0.07       0.08       0.07       0.12       0.15       0.22
       0.03       0.02       0.05       0.00       0.01       0.07       0.10       0.02       0.09
       0.07       0.13       0.10       0.03       0.01       0.16       0.25       0.11       0.18
       0.03       0.09       0.10       0.04       0.03       0.19       0.12       0.07       0.07
       0.11       0.13       0.10       0.08       0.14       0.13       0.08       0.10       0.07
       0.36       0.09       0.07       0.02       0.07       0.11       0.04       0.12       0.10
       0.41       0.24       0.12       0.03       0.02       0.08       0.06       0.09       0.10
       0.25       0.31       0.26       0.12       0.06       0.10       0.12       0.24       0.22
       0.15       0.22       0.27       0.25       0.09       0.07       0.11       0.25       0.30
