         0    9   13
       0.11       0.09       0.38       0.69       0.61       0.43       0.39       0.37       0.25
       0.13       0.13       0.33       0.53       0.42       0.50       0.50       0.35       0.30
       0.88       0.23       0.19       0.36       0.30       0.32       0.43       0.33       0.41
       0.97       0.26       0.09       0.22       0.25       0.21       0.34       0.33       0.33
       0.81       0.41       0.05       0.11       0.17       0.18       0.25       0.35       0.33
       0.66       0.43       0.07       0.04       0.12       0.15       0.13       0.21       0.31
       0.30       0.16       0.08       0.07       0.06       0.09       0.12       0.12       0.13
       0.29       0.09       0.11       0.15       0.03       0.08       0.19       0.12       0.05
       0.17       0.15       0.44       0.42       0.04       0.09       0.40       0.12       0.05
       0.19       0.40       0.63       0.38       0.08       0.06       0.14       0.11       0.10
       0.57       0.35       0.13       0.23       0.10       0.06       0.09       0.16       0.22
       0.12       0.02       0.01       0.07       0.09       0.01       0.02       0.07       0.22
       0.00       0.01       0.01       0.04       0.06       0.02       0.05       0.08       0.12
     86400    9   13
       0.12       0.04       0.05       0.19       0.25       0.23       0.26       0.22       0.27
       0.01       0.00       0.03       0.27       0.30       0.23       0.22       0.31       0.30
       0.00       0.01       0.05       0.27       0.30       0.20       0.29       0.32       0.24
       0.00       0.01       0.04       0.19       0.19       0.11       0.26       0.22       0.28
       0.00       0.02       0.05       0.10       0.10       0.13       0.17       0.16       0.26
       0.01       0.02       0.04       0.06       0.08       0.10       0.17       0.19       0.19
       0.03       0.03       0.02       0.09       0.10       0.10       0.15       0.17       0.14
       0.03       0.01       0.02       0.06       0.06       0.04       0.08       0.12       0.14
       0.04       0.01       0.01       0.01       0.01       0.02       0.06       0.07       0.10
       0.06       0.07       0.03       0.00       0.00       0.01       0.05       0.05       0.07
       0.00       0.01       0.00       0.00       0.01       0.00       0.00       0.01       0.01
       0.01       0.00       0.00       0.00       0.00       0.00       0.00       0.00       0.00
       0.04       0.00       0.00       0.00       0.00       0.00       0.00       0.00       0.00
    172800    9   13
       0.07       0.00       0.03       0.10       0.08       0.10       0.08       0.08       0.08
       0.05       0.01       0.01       0.06       0.02       0.03       0.03       0.06       0.04
       0.01       0.00       0.00       0.00       0.00       0.02       0.04       0.07       0.02
       0.00       0.00       0.00       0.00       0.01       0.03       0.04       0.02       0.02
       0.00       0.00       0.00       0.00       0.01       0.04       0.03       0.02       0.00
       0.00       0.00       0.00       0.00       0.01       0.03       0.02       0.06       0.03
       0.00       0.01       0.00       0.00       0.00       0.02       0.02       0.04       0.04
       0.01       0.01       0.00       0.00       0.01       0.02       0.03       0.04       0.03
       0.02       0.00       0.00       0.01       0.01       0.00       0.01       0.00       0.01
       0.01       0.02       0.01       0.01       0.01       0.00       0.00       0.00       0.00
       0.00       0.03       0.06       0.02       0.01       0.00       0.00       0.00       0.00
       0.00       0.05       0.05       0.02       0.02       0.00       0.01       0.00       0.00
       0.00       0.00       0.00       0.01       0.01       0.00       0.00       0.00       0.00
    259200    9   13
       0.22       0.18       0.10       0.10       0.18       0.23       0.26       0.22       0.33
       0.12       0.05       0.01       0.02       0.09       0.04       0.07       0.20       0.33
       0.02       0.01       0.01       0.00       0.01       0.02       0.14       0.27       0.48
       0.00       0.01       0.00       0.00       0.00       0.02       0.15       0.17       0.35
       0.02       0.01       0.00       0.00       0.01       0.04       0.07       0.13       0.15
       0.03       0.02       0.01       0.02       0.02       0.02       0.07       0.09       0.05
       0.00       0.01       0.02       0.03       0.02       0.05       0.07       0.10       0.08
       0.05       0.01       0.03       0.03       0.02       0.03       0.04       0.06       0.08
       0.06       0.07       0.07       0.06       0.02       0.02       0.04       0.04       0.03
       0.04       0.07       0.08       0.10       0.03       0.02       0.04       0.02       0.02
       0.00       0.01       0.06       0.11       0.03       0.01       0.01       0.01       0.02
       0.00       0.01       0.05       0.09       0.05       0.05       0.03       0.00       0.00
       0.00       0.02       0.04       0.02       0.03       0.02       0.02       0.00       0.00
    345600    9   13
       0.07       0.01       0.04       0.08       0.10       0.11       0.10       0.20       0.21
       0.12       0.05       0.04       0.11       0.26       0.24       0.09       0.11       0.20
       0.45       0.20       0.08       0.04       0.11       0.20       0.11       0.13       0.23
       0.37       0.32       0.16       0.08       0.13       0.15       0.26       0.31       0.14
       0.37       0.31       0.39       0.59       0.30       0.15       0.37       0.47       0.26
       0.35       0.27       0.32       0.79       0.74       0.30       0.35       0.43       0.29
       0.25       0.32       0.41       0.73       0.84       0.39       0.43       0.41       0.35
       0.18       0.20       0.37       0.51       0.69       0.32       0.61       0.50       0.43
       0.00       0.07       0.17       0.18       0.14       0.12       0.27       0.42       0.43
       0.00       0.02       0.06       0.07       0.08       0.09       0.17       0.21       0.20
       0.01       0.06       0.09       0.11       0.11       0.19       0.14       0.11       0.19
       0.00       0.01       0.06       0.11       0.14       0.22       0.23       0.13       0.15
       0.06       0.22       0.37       0.35       0.41       0.32       0.20       0.13       0.14
    432000    9   13
       0.15       0.05       0.08       0.15       0.22       0.30       0.36       0.24       0.22
       0.16       0.17       0.18       0.24       0.25       0.24       0.33       0.26       0.28
       0.17       0.18       0.24       0.23       0.26       0.28       0.45       0.41       0.41
       0.15       0.18       0.20       0.31       0.28       0.28       0.51       0.33       0.46
       0.00       0.03       0.13       0.23       0.22       0.21       0.37       0.27       0.34
       0.00       0.01       0.01       0.04       0.08       0.14       0.22       0.36       0.46
       0.04       0.00       0.01       0.01       0.02       0.09       0.16       0.30       0.31
       0.03       0.01       0.02       0.06       0.11       0.10       0.11       0.14       0.22
       0.04       0.01       0.01       0.05       0.14       0.11       0.07       0.17       0.19
       0.03       0.06       0.08       0.11       0.09       0.05       0.05       0.12       0.22
       0.00       0.03       0.07       0.11       0.09       0.07       0.08       0.08       0.14
       0.00       0.01       0.05       0.13       0.19       0.22       0.21       0.12       0.21
       0.00       0.00       0.02       0.08       0.12       0.22       0.21       0.15       0.15
    518400    9   13
       0.02       0.07       0.04       0.09       0.28       0.52       0.54       0.70       1.05
       0.04       0.11       0.12       0.09       0.34       0.37       0.35       0.50       0.80
       0.04       0.07       0.15       0.14       0.27       0.39       0.43       0.49       0.86
       0.05       0.08       0.13       0.15       0.22       0.27       0.45       0.46       0.73
       0.02       0.10       0.08       0.20       0.13       0.07       0.20       0.17       0.36
       0.01       0.10       0.06       0.20       0.16       0.08       0.15       0.19       0.21
       0.06       0.12       0.03       0.19       0.11       0.08       0.18       0.30       0.23
       0.12       0.12       0.12       0.17       0.08       0.04       0.16       0.22       0.18
       0.10       0.12       0.13       0.08       0.03       0.03       0.06       0.11       0.13
       0.16       0.11       0.07       0.02       0.01       0.00       0.01       0.03       0.04
       0.09       0.03       0.03       0.07       0.02       0.00       0.02       0.02       0.01
       0.01       0.01       0.02       0.10       0.10       0.08       0.10       0.06       0.01
       0.00       0.04       0.15       0.12       0.10       0.06       0.09       0.16       0.12
    604800    9   13
       0.31       0.41       0.24       0.23       0.31       0.31       0.30       0.39       0.66
       0.51       0.30       0.22       0.30       0.29       0.36       0.39       0.52       0.65
       0.34       0.25       0.16       0.26       0.35       0.51       0.60       0.64       0.85
       0.30       0.40       0.23       0.26       0.51       0.55       0.72       0.77       0.79
       0.03       0.27       0.21       0.26       0.47       0.28       0.36       0.46       0.42
       0.01       0.08       0.14       0.14       0.16       0.09       0.16       0.45       0.39
       0.04       0.06       0.08       0.12       0.03       0.05       0.13       0.29       0.23
       0.01       0.01       0.03       0.04       0.06       0.03       0.06       0.09       0.13
       0.02       0.04       0.10       0.10       0.04       0.03       0.03       0.03       0.04
       0.07       0.17       0.16       0.11       0.05       0.00       0.01       0.01       0.01
       0.06       0.14       0.20       0.12       0.04       0.00       0.00       0.01       0.00
       0.03       0.11       0.13       0.11       0.09       0.09       0.07       0.00       0.01
       0.04       0.04       0.04       0.02       0.08       0.10       0.08       0.02       0.00
    691200    9   13
       0.08       0.13       0.08       0.06       0.11       0.14       0.26       0.39       0.37
       0.00       0.01       0.01       0.06       0.15       0.13       0.35       0.38       0.32
       0.00       0.01       0.04       0.14       0.21       0.13       0.26       0.36       0.26
       0.00       0.04       0.08       0.19       0.24       0.16       0.13       0.32       0.15
       0.00       0.04       0.10       0.13       0.21       0.18       0.18       0.37       0.15
       0.01       0.06       0.14       0.09       0.16       0.25       0.32       0.43       0.21
       0.03       0.13       0.22       0.19       0.21       0.22       0.29       0.32       0.32
       0.08       0.09       0.24       0.26       0.26       0.19       0.24       0.23       0.20
       0.06       0.07       0.17       0.32       0.24       0.22       0.23       0.13       0.11
       0.11       0.14       0.20       0.22       0.20       0.14       0.05       0.03       0.02
       0.20       0.08       0.13       0.08       0.12       0.09       0.03       0.01       0.01
       0.22       0.19       0.12       0.08       0.13       0.10       0.02       0.00       0.01
       0.19       0.10       0.08       0.05       0.06       0.06       0.05       0.03       0.02
    777600    9   13
       0.17       0.14       0.10       0.10       0.14       0.28       0.34       0.32       0.31
       0.16       0.18       0.16       0.09       0.17       0.26       0.32       0.28       0.26
       0.22       0.23       0.24       0.16       0.16       0.20       0.23       0.22       0.20
       0.37       0.27       0.27       0.19       0.21       0.20       0.20       0.30       0.27
       0.30       0.26       0.23       0.07       0.13       0.18       0.21       0.24       0.26
       0.18       0.16       0.15       0.04       0.12       0.19       0.22       0.21       0.21
       0.11       0.12       0.12       0.07       0.12       0.23       0.21       0.15       0.15
       0.05       0.06       0.17       0.17       0.22       0.22       0.16       0.13       0.15
       0.02       0.16       0.32       0.24       0.22       0.22       0.18       0.11       0.17
       0.09       0.37       0.31       0.28       0.28       0.14       0.11       0.08       0.07
       0.25       0.41       0.28       0.14       0.08       0.06       0.11       0.10       0.06
       0.14       0.17       0.09       0.06       0.09       0.13       0.14       0.12       0.10
       0.06       0.03       0.02       0.02       0.08       0.15       0.14       0.13       0.16
    864000    9   13
       0.44       0.54       0.70       0.59       0.51       0.58       0.66       0.58       0.45
       0.42       0.36       0.42       0.61       0.72       0.58       0.55       0.43       0.34
       0.33       0.52       0.40       0.61       0.68       0.41       0.32       0.30       0.24
       0.66       0.40       0.27       0.35       0.28       0.26       0.21       0.18       0.12
       0.37       0.24       0.16       0.13       0.17       0.22       0.28       0.25       0.16
       0.60       0.46       0.22       0.14       0.15       0.20       0.22       0.23       0.29
       0.53       0.33       0.16       0.08       0.06       0.11       0.20       0.21       0.20
       0.11       0.12       0.12       0.06       0.09       0.14       0.22       0.16       0.13
       0.13       0.15       0.19       0.14       0.13       0.21       0.25       0.19       0.09
       0.37       0.30       0.22       0.12       0.10       0.11       0.21       0.16       0.16
       0.06       0.06       0.05       0.06       0.08       0.10       0.11       0.13       0.11
       0.04       0.08       0.07       0.05       0.10       0.15       0.16       0.17       0.18
       0.05       0.04       0.07       0.04       0.08       0.14       0.26       0.22       0.29
    950400    9   13
       0.18       0.31       0.39       0.48       0.37       0.21       0.16       0.16       0.18
       0.24       0.30       0.33       0.38       0.43       0.27       0.18       0.18       0.17
       0.17       0.21       0.17       0.30       0.33       0.23       0.18       0.22       0.13
       0.12       0.10       0.09       0.22       0.27       0.32       0.30       0.16       0.09
       0.13       0.12       0.08       0.13       0.21       0.28       0.19       0.17       0.13
       0.13       0.12       0.06       0.05       0.15       0.21       0.17       0.21       0.20
       0.13       0.11       0.04       0.06       0.06       0.12       0.16       0.14       0.10
       0.12       0.09       0.06       0.08       0.11       0.11       0.12       0.11       0.08
       0.07       0.12       0.15       0.12       0.10       0.07       0.08       0.06       0.05
       0.16       0.26       0.20       0.12       0.09       0.05       0.07       0.05       0.07
       0.22       0.24       0.30       0.22       0.13       0.08       0.07       0.03       0.02
       0.30       0.19       0.34       0.43       0.26       0.17       0.12       0.05       0.06
       0.38       0.26       0.24       0.35       0.31       0.15       0.13       0.10       0.14
   1036800    9   13
       0.14       0.12       0.16       0.20       0.18       0.22       0.29       0.36       0.42
       0.13       0.19       0.27       0.23       0.26       0.27       0.36       0.48       0.54
       0.20       0.27       0.31       0.30       0.39       0.46       0.43       0.48       0.50
       0.72       0.73       0.68       0.80       0.95       0.89       0.71       0.90       1.09
       0.74       0.79       0.88       0.85       1.21       1.53       0.99       1.01       0.94
       1.13       0.75       0.90       1.56       1.19       1.10       0.95       0.93       1.00
       1.14       0.96       1.09       0.80       1.13       0.91       0.92       1.16       1.12
       0.95       0.78       0.91       0.95       1.34       1.06       0.92       1.01       1.02
       0.59       0.87       1.05       1.79       1.25       0.89       0.83       1.00       1.03
       0.37       0.58       0.93       1.14       0.97       0.89       0.97       1.02       0.68
       0.26       0.42       0.58       0.72       0.87       0.84       0.80       0.87       0.64
       0.13       0.23       0.48       0.63       0.74       0.88       0.89       0.48       0.55
       0.10       0.17       0.27       0.36       0.51       0.76       0.77       0.49       0.55
   1123200    9   13
       0.03       0.01       0.10       0.10       0.15       0.34       0.32       0.29       0.27
       0.15       0.03       0.12       0.08       0.10       0.26       0.22       0.22       0.28
       0.02       0.02       0.11       0.07       0.13       0.27       0.25       0.32       0.31
       0.00       0.03       0.15       0.11       0.07       0.26       0.32       0.25       0.21
       0.02       0.07       0.14       0.06       0.02       0.25       0.37       0.25       0.16
       0.03       0.17       0.22       0.06       0.02       0.22       0.32       0.30       0.21
       0.16       0.32       0.43       0.05       0.05       0.16       0.27       0.29       0.22
       0.21       0.26       0.45       0.13       0.08       0.17       0.32       0.29       0.24
       0.08       0.16       0.17       0.08       0.06       0.10       0.30       0.28       0.21
       0.10       0.12       0.08       0.12       0.22       0.20       0.25       0.22       0.11
       0.10       0.09       0.10       0.12       0.20       0.14       0.16       0.13       0.13
       0.06       0.08       0.06       0.12       0.10       0.07       0.07       0.05       0.12
       0.01       0.01       0.01       0.04       0.10       0.07       0.09       0.09       0.15
   1209600    9   13
       0.06       0.11       0.04       0.02       0.04       0.12       0.08       0.08       0.04
       0.06       0.22       0.12       0.07       0.09       0.10       0.08       0.06       0.08
       0.01       0.06       0.12       0.10       0.25       0.08       0.07       0.11       0.14
       0.01       0.03       0.11       0.03       0.20       0.10       0.06       0.13       0.13
       0.03       0.05       0.08       0.05       0.13       0.15       0.08       0.11       0.10
       0.07       0.08       0.07       0.05       0.12       0.10       0.14       0.14       0.12
       0.09       0.07       0.08       0.02       0.05       0.07       0.11       0.14       0.19
       0.05       0.05       0.05       0.06       0.07       0.09       0.15       0.26       0.27
       0.11       0.14       0.16       0.20       0.21       0.12       0.18       0.29       0.32
       0.14       0.16       0.28       0.20       0.19       0.16       0.26       0.31       0.23
       0.14       0.17       0.20       0.19       0.17       0.19       0.24       0.35       0.31
       0.16       0.11       0.17       0.22       0.17       0.12       0.26       0.35       0.35
       0.17       0.09       0.16       0.22       0.18       0.05       0.25       0.29       0.33
   1296000    9   13
       0.16       0.22       0.23       0.26       0.32       0.36       0.22       0.15       0.24
       0.16       0.19       0.29       0.30       0.32       0.38       0.26       0.22       0.24
       0.12       0.17       0.28       0.25       0.33       0.39       0.27       0.27       0.34
       0.09       0.13       0.27       0.18       0.22       0.38       0.33       0.27       0.28
       0.03       0.08       0.25       0.12       0.26       0.60       0.45       0.37       0.30
       0.05       0.08       0.24       0.09       0.32       0.73       0.42       0.43       0.42
       0.05       0.05       0.22       0.19       0.44       0.62       0.43       0.43       0.45
       0.02       0.06       0.26       0.24       0.43       0.41       0.48       0.43       0.37
       0.02       0.12       0.22       0.37       0.35       0.45       0.45       0.43       0.43
       0.06       0.12       0.18       0.30       0.37       0.46       0.46       0.44       0.55
       0.04       0.05       0.10       0.18       0.23       0.32       0.41       0.55       0.62
       0.01       0.01       0.07       0.17       0.19       0.18       0.29       0.42       0.59
       0.04       0.03       0.02       0.08       0.10       0.14       0.25       0.28       0.52
