         0    9   13
       0.21       0.51       0.45       0.45       0.44       0.26       0.33       0.30       0.42
       0.13       0.37       0.39       0.37       0.45       0.32       0.35       0.36       0.46
       0.15       0.29       0.45       0.46       0.42       0.45       0.46       0.23       0.60
       0.14       0.30       0.44       0.37       0.38       0.85       0.55       0.44       0.84
       0.29       0.17       0.39       0.34       0.33       0.75       0.61       0.83       0.99
       0.23       0.22       0.37       0.27       0.27       0.47       0.34       0.50       0.64
       0.21       0.12       0.19       0.20       0.37       0.40       0.23       0.31       0.52
       0.20       0.21       0.30       0.25       0.32       0.39       0.21       0.35       0.52
       0.10       0.35       0.21       0.08       0.21       0.33       0.25       0.33       0.74
       0.05       0.06       0.08       0.05       0.18       0.25       0.16       0.21       0.39
       0.01       0.00       0.02       0.04       0.06       0.10       0.12       0.10       0.21
       0.00       0.00       0.01       0.07       0.09       0.13       0.20       0.11       0.10
       0.00       0.00       0.01       0.05       0.09       0.21       0.23       0.25       0.13
     86400    9   13
       0.29       0.19       0.04       0.15       0.61       0.36       0.10       0.30       0.50
       0.27       0.20       0.27       0.39       0.55       0.38       0.16       0.36       0.39
       0.25       0.25       0.34       0.22       0.45       0.17       0.15       0.38       0.30
       0.26       0.28       0.35       0.29       0.38       0.20       0.17       0.58       0.32
       0.48       0.25       0.34       0.39       0.30       0.31       0.65       0.68       0.21
       0.22       0.20       0.26       0.14       0.31       0.57       0.67       0.56       0.23
       0.20       0.15       0.30       0.23       0.76       0.67       0.50       0.35       0.21
       0.10       0.12       0.34       0.28       0.44       0.52       0.39       0.28       0.23
       0.02       0.11       0.20       0.28       0.38       0.33       0.29       0.29       0.23
       0.02       0.02       0.13       0.37       0.40       0.17       0.15       0.28       0.25
       0.03       0.02       0.12       0.51       0.44       0.26       0.16       0.14       0.23
       0.05       0.06       0.10       0.51       0.47       0.39       0.26       0.17       0.27
       0.04       0.09       0.16       0.35       0.34       0.39       0.33       0.27       0.36
    172800    9   13
       0.50       0.37       0.25       0.09       0.08       0.11       0.08       0.09       0.12
       0.47       0.35       0.33       0.07       0.23       0.22       0.11       0.07       0.09
       0.31       0.25       0.22       0.07       0.27       0.13       0.09       0.08       0.17
       0.27       0.44       0.35       0.35       0.50       0.21       0.16       0.14       0.14
       0.23       0.37       0.67       0.57       0.54       0.70       0.41       0.18       0.15
       0.35       0.53       0.46       0.49       0.68       0.64       0.47       0.37       0.31
       0.21       0.30       0.29       0.35       0.68       0.64       0.58       0.51       0.44
       0.24       0.17       0.25       0.38       0.67       0.99       0.86       0.68       0.53
       0.26       0.26       0.26       0.37       0.46       0.59       0.68       0.57       0.44
       0.15       0.18       0.13       0.17       0.32       0.51       0.55       0.52       0.31
       0.03       0.06       0.07       0.23       0.30       0.32       0.28       0.43       0.38
       0.02       0.10       0.11       0.21       0.26       0.31       0.33       0.15       0.27
       0.10       0.08       0.16       0.32       0.28       0.29       0.30       0.27       0.27
    259200    9   13
       0.23       0.27       0.12       0.04       0.04       0.24       0.21       0.09       0.15
       0.16       0.27       0.12       0.04       0.09       0.06       0.06       0.09       0.15
       0.22       0.47       0.30       0.11       0.15       0.05       0.03       0.09       0.10
       0.16       0.14       0.26       0.16       0.13       0.12       0.06       0.15       0.14
       0.08       0.09       0.19       0.16       0.16       0.12       0.08       0.14       0.27
       0.04       0.08       0.10       0.09       0.16       0.14       0.11       0.08       0.14
       0.04       0.14       0.08       0.09       0.14       0.12       0.12       0.13       0.16
       0.04       0.04       0.05       0.10       0.13       0.10       0.14       0.14       0.14
       0.02       0.05       0.08       0.10       0.09       0.08       0.09       0.09       0.11
       0.03       0.03       0.02       0.02       0.02       0.03       0.03       0.06       0.05
       0.01       0.01       0.01       0.01       0.01       0.03       0.02       0.03       0.05
       0.03       0.03       0.02       0.03       0.04       0.04       0.01       0.02       0.11
       0.18       0.13       0.09       0.05       0.02       0.03       0.04       0.03       0.05
    345600    9   13
       0.04       0.01       0.00       0.01       0.01       0.03       0.04       0.03       0.03
       0.05       0.00       0.00       0.01       0.01       0.03       0.03       0.04       0.07
       0.00       0.00       0.01       0.03       0.02       0.02       0.03       0.10       0.11
       0.00       0.00       0.01       0.04       0.04       0.04       0.09       0.14       0.14
       0.00       0.00       0.00       0.01       0.09       0.09       0.14       0.28       0.17
       0.01       0.02       0.01       0.01       0.10       0.11       0.11       0.20       0.23
       0.03       0.05       0.02       0.03       0.08       0.04       0.05       0.09       0.11
       0.03       0.02       0.01       0.01       0.02       0.04       0.05       0.04       0.07
       0.04       0.03       0.01       0.02       0.01       0.01       0.02       0.02       0.04
       0.05       0.02       0.00       0.00       0.00       0.01       0.07       0.05       0.10
       0.01       0.00       0.01       0.02       0.01       0.01       0.20       0.08       0.08
       0.01       0.01       0.04       0.03       0.03       0.04       0.12       0.06       0.03
       0.04       0.08       0.06       0.04       0.07       0.14       0.10       0.03       0.06
    432000    9   13
       0.12       0.11       0.04       0.04       0.08       0.09       0.08       0.10       0.13
       0.09       0.02       0.01       0.02       0.03       0.05       0.11       0.12       0.11
       0.01       0.01       0.00       0.03       0.01       0.03       0.11       0.10       0.12
       0.02       0.01       0.00       0.01       0.03       0.02       0.05       0.04       0.09
       0.03       0.01       0.00       0.01       0.05       0.03       0.05       0.06       0.09
       0.11       0.05       0.01       0.03       0.08       0.05       0.07       0.07       0.07
       0.07       0.04       0.02       0.02       0.05       0.09       0.05       0.07       0.12
       0.03       0.04       0.04       0.02       0.02       0.02       0.05       0.09       0.13
       0.04       0.09       0.15       0.06       0.01       0.05       0.08       0.10       0.19
       0.04       0.12       0.15       0.04       0.02       0.06       0.07       0.18       0.23
       0.05       0.16       0.13       0.08       0.06       0.11       0.14       0.25       0.23
       0.13       0.22       0.13       0.12       0.12       0.18       0.17       0.13       0.11
       0.14       0.09       0.11       0.23       0.28       0.27       0.09       0.04       0.06
    518400    9   13
       0.07       0.05       0.08       0.15       0.16       0.10       0.12       0.12       0.11
       0.09       0.01       0.01       0.04       0.04       0.08       0.11       0.13       0.13
       0.00       0.00       0.00       0.03       0.01       0.09       0.17       0.12       0.16
       0.01       0.01       0.00       0.02       0.02       0.05       0.09       0.09       0.16
       0.01       0.00       0.00       0.01       0.01       0.00       0.09       0.11       0.18
       0.01       0.02       0.01       0.01       0.01       0.01       0.09       0.12       0.15
       0.05       0.06       0.03       0.05       0.02       0.03       0.07       0.12       0.17
       0.03       0.04       0.04       0.04       0.04       0.04       0.03       0.07       0.11
       0.02       0.01       0.02       0.02       0.02       0.05       0.08       0.07       0.09
       0.02       0.01       0.01       0.03       0.09       0.13       0.14       0.12       0.11
       0.05       0.05       0.03       0.06       0.09       0.09       0.09       0.10       0.14
       0.19       0.10       0.11       0.09       0.10       0.15       0.09       0.06       0.07
       0.18       0.01       0.04       0.08       0.09       0.17       0.13       0.06       0.04
    604800    9   13
       0.02       0.02       0.03       0.04       0.04       0.04       0.06       0.08       0.11
       0.03       0.00       0.01       0.04       0.04       0.07       0.10       0.10       0.12
       0.03       0.02       0.01       0.04       0.01       0.06       0.16       0.13       0.14
       0.07       0.06       0.01       0.03       0.02       0.06       0.16       0.13       0.14
       0.07       0.02       0.01       0.02       0.02       0.03       0.13       0.11       0.14
       0.03       0.02       0.01       0.00       0.01       0.04       0.13       0.12       0.15
       0.04       0.02       0.01       0.00       0.01       0.04       0.08       0.09       0.13
       0.08       0.04       0.00       0.00       0.00       0.03       0.07       0.08       0.11
       0.01       0.01       0.00       0.00       0.01       0.04       0.06       0.07       0.11
       0.04       0.06       0.01       0.00       0.02       0.04       0.05       0.08       0.10
       0.12       0.13       0.01       0.00       0.01       0.02       0.05       0.06       0.08
       0.16       0.09       0.02       0.01       0.02       0.03       0.01       0.02       0.00
       0.18       0.11       0.03       0.02       0.04       0.06       0.02       0.01       0.00
    691200    9   13
       0.27       0.47       0.60       0.66       0.42       0.53       0.36       0.39       0.51
       0.25       0.30       0.43       0.36       0.27       0.22       0.25       0.51       0.48
       0.23       0.30       0.35       0.34       0.18       0.21       0.43       0.54       0.49
       0.17       0.19       0.20       0.17       0.13       0.16       0.22       0.41       0.51
       0.08       0.09       0.09       0.16       0.12       0.08       0.17       0.19       0.28
       0.05       0.10       0.06       0.06       0.03       0.06       0.14       0.15       0.16
       0.09       0.19       0.11       0.06       0.05       0.05       0.16       0.17       0.17
       0.04       0.07       0.14       0.19       0.14       0.10       0.15       0.20       0.14
       0.14       0.17       0.19       0.15       0.12       0.17       0.15       0.16       0.13
       0.15       0.16       0.14       0.04       0.07       0.12       0.17       0.14       0.15
       0.04       0.17       0.19       0.11       0.13       0.16       0.15       0.14       0.32
       0.06       0.17       0.27       0.19       0.13       0.18       0.11       0.09       0.28
       0.13       0.21       0.36       0.27       0.23       0.31       0.17       0.06       0.08
    777600    9   13
       0.08       0.08       0.07       0.08       0.05       0.04       0.04       0.05       0.10
       0.11       0.08       0.06       0.04       0.02       0.03       0.08       0.11       0.11
       0.07       0.03       0.03       0.04       0.09       0.12       0.19       0.22       0.21
       0.23       0.21       0.24       0.36       0.44       0.19       0.23       0.65       0.63
       0.48       0.29       0.35       0.28       0.23       0.17       0.18       0.65       0.58
       0.32       0.15       0.16       0.14       0.11       0.10       0.14       0.26       0.21
       0.12       0.13       0.08       0.17       0.08       0.07       0.09       0.14       0.14
       0.19       0.12       0.09       0.10       0.09       0.10       0.07       0.17       0.15
       0.10       0.11       0.18       0.17       0.14       0.14       0.10       0.22       0.22
       0.08       0.17       0.26       0.18       0.14       0.13       0.17       0.26       0.24
       0.10       0.23       0.19       0.17       0.12       0.11       0.15       0.17       0.17
       0.08       0.12       0.09       0.08       0.09       0.15       0.09       0.05       0.06
       0.06       0.06       0.04       0.02       0.05       0.10       0.01       0.00       0.04
    864000    9   13
       0.68       0.54       0.24       0.22       0.26       0.44       0.57       0.39       0.47
       0.71       0.61       0.28       0.26       0.19       0.26       0.68       0.62       0.48
       0.62       0.41       0.30       0.30       0.19       0.10       0.40       0.44       0.43
       0.44       0.51       0.32       0.32       0.20       0.07       0.15       0.19       0.29
       0.27       0.30       0.37       0.56       0.29       0.10       0.16       0.26       0.22
       0.13       0.28       0.39       0.49       0.20       0.09       0.14       0.26       0.19
       0.12       0.17       0.19       0.17       0.16       0.12       0.16       0.40       0.49
       0.11       0.24       0.25       0.29       0.19       0.11       0.11       0.22       0.28
       0.03       0.07       0.13       0.09       0.05       0.06       0.17       0.37       0.42
       0.10       0.02       0.00       0.02       0.03       0.02       0.10       0.21       0.39
       0.05       0.02       0.01       0.02       0.02       0.03       0.04       0.10       0.38
       0.01       0.01       0.01       0.02       0.06       0.12       0.10       0.10       0.13
       0.07       0.11       0.26       0.11       0.12       0.25       0.13       0.05       0.09
    950400    9   13
       0.75       0.71       0.42       0.13       0.11       0.10       0.11       0.10       0.15
       0.69       0.47       0.35       0.26       0.19       0.13       0.09       0.22       0.15
       0.28       0.27       0.28       0.32       0.40       0.19       0.07       0.11       0.11
       0.24       0.19       0.15       0.08       0.23       0.27       0.20       0.12       0.05
       0.14       0.09       0.12       0.05       0.09       0.16       0.23       0.14       0.08
       0.08       0.17       0.19       0.06       0.12       0.11       0.11       0.12       0.10
       0.19       0.24       0.19       0.06       0.05       0.13       0.15       0.14       0.12
       0.20       0.19       0.15       0.14       0.03       0.09       0.14       0.14       0.15
       0.27       0.23       0.15       0.12       0.06       0.08       0.12       0.12       0.18
       0.13       0.07       0.04       0.03       0.05       0.09       0.11       0.18       0.19
       0.04       0.02       0.02       0.03       0.07       0.11       0.10       0.21       0.29
       0.02       0.00       0.00       0.01       0.02       0.04       0.06       0.14       0.30
       0.01       0.00       0.01       0.10       0.09       0.11       0.13       0.13       0.18
   1036800    9   13
       0.44       0.44       0.37       0.28       0.40       0.44       0.31       0.43       0.57
       0.62       0.53       0.60       0.71       0.43       0.52       0.60       0.69       0.75
       0.56       0.55       0.79       0.86       0.62       0.67       1.00       1.42       0.95
       0.51       0.70       0.92       1.06       0.74       0.74       1.69       1.51       0.92
       0.62       0.70       0.94       1.00       0.97       0.85       1.01       0.85       0.90
       0.60       0.58       0.72       0.90       2.12       2.22       1.11       0.92       0.76
       0.30       0.31       0.37       0.86       0.91       0.93       0.91       0.93       0.92
       0.19       0.16       0.28       0.31       0.32       0.31       0.56       0.91       1.15
       0.19       0.12       0.18       0.28       0.21       0.19       0.48       1.17       1.23
       0.12       0.14       0.20       0.19       0.12       0.04       0.19       0.35       0.48
       0.05       0.12       0.19       0.14       0.10       0.03       0.03       0.13       0.40
       0.06       0.09       0.09       0.09       0.11       0.18       0.12       0.06       0.19
       0.01       0.04       0.04       0.05       0.07       0.14       0.16       0.10       0.08
   1123200    9   13
       0.36       0.27       0.15       0.12       0.26       0.44       0.25       0.21       1.37
       0.34       0.34       0.33       0.27       0.32       0.23       0.28       0.31       0.90
       0.32       0.47       0.76       0.76       0.58       0.38       0.54       0.88       0.91
       0.22       0.29       0.44       0.40       0.51       0.61       0.69       0.89       0.76
       0.29       0.25       0.36       0.28       0.24       0.38       0.26       0.21       0.57
       0.16       0.10       0.21       0.14       0.11       0.17       0.12       0.16       0.40
       0.09       0.04       0.11       0.13       0.09       0.12       0.13       0.20       0.20
       0.18       0.12       0.14       0.10       0.13       0.15       0.18       0.20       0.21
       0.19       0.17       0.17       0.15       0.17       0.17       0.20       0.16       0.19
       0.06       0.07       0.08       0.05       0.09       0.08       0.09       0.10       0.14
       0.02       0.04       0.02       0.01       0.01       0.01       0.01       0.03       0.05
       0.01       0.00       0.00       0.00       0.00       0.01       0.01       0.00       0.01
       0.00       0.00       0.00       0.00       0.00       0.00       0.00       0.01       0.05
   1209600    9   13
       0.30       0.47       0.60       0.23       0.35       0.33       0.31       0.22       0.17
       0.29       0.57       0.66       0.25       0.38       0.45       0.27       0.20       0.15
       0.23       0.34       0.44       0.30       0.34       0.30       0.17       0.13       0.17
       0.10       0.23       0.36       0.43       0.20       0.26       0.30       0.20       0.23
       0.08       0.08       0.25       0.37       0.25       0.30       0.70       0.20       0.14
       0.18       0.24       0.20       0.19       0.20       0.27       0.52       0.27       0.19
       0.21       0.27       0.13       0.22       0.16       0.24       0.26       0.15       0.17
       0.36       0.36       0.31       0.27       0.25       0.20       0.19       0.15       0.17
       0.23       0.20       0.18       0.17       0.10       0.15       0.22       0.22       0.30
       0.11       0.15       0.14       0.14       0.11       0.16       0.24       0.24       0.21
       0.02       0.09       0.04       0.09       0.09       0.13       0.12       0.27       0.38
       0.00       0.01       0.05       0.05       0.06       0.09       0.09       0.16       0.20
       0.01       0.00       0.05       0.08       0.11       0.14       0.10       0.08       0.06
   1296000    9   13
       0.40       0.40       0.31       0.15       0.14       0.13       0.17       0.12       0.10
       0.39       0.39       0.33       0.35       0.18       0.12       0.09       0.05       0.08
       0.32       0.49       0.45       0.37       0.24       0.11       0.06       0.10       0.10
       0.20       0.34       0.77       0.42       0.22       0.11       0.15       0.15       0.11
       0.22       0.29       0.66       0.70       0.36       0.15       0.40       0.29       0.15
       0.21       0.17       0.39       0.54       0.59       0.34       0.41       0.30       0.17
       0.24       0.20       0.21       0.30       0.63       0.61       0.64       0.31       0.21
       0.16       0.28       0.22       0.27       0.38       0.48       0.55       0.39       0.25
       0.07       0.25       0.10       0.18       0.27       0.51       0.72       0.51       0.30
       0.10       0.09       0.07       0.28       0.32       0.51       0.68       0.56       0.33
       0.07       0.02       0.07       0.28       0.23       0.28       0.46       0.43       0.29
       0.02       0.02       0.08       0.26       0.27       0.18       0.25       0.30       0.29
       0.01       0.03       0.11       0.27       0.28       0.13       0.08       0.14       0.36
