         0    9   13
       0.43       0.47       0.53       0.55       0.55       0.67       0.76       0.82       0.93
       0.28       0.37       0.43       0.48       0.37       0.32       0.34       0.51       0.56
       0.22       0.19       0.25       0.32       0.25       0.25       0.30       0.42       0.47
       0.21       0.18       0.21       0.26       0.18       0.13       0.25       0.31       0.28
       0.29       0.34       0.33       0.56       0.31       0.17       0.22       0.18       0.18
       0.33       0.39       0.35       0.35       0.24       0.20       0.17       0.14       0.16
       0.83       0.70       0.34       0.27       0.17       0.20       0.23       0.25       0.32
       0.78       0.35       0.18       0.18       0.20       0.28       0.47       0.37       0.31
       0.30       0.25       0.17       0.19       0.21       0.27       0.43       0.45       0.25
       0.35       0.31       0.32       0.22       0.21       0.26       0.29       0.28       0.15
       0.22       0.21       0.17       0.12       0.21       0.19       0.11       0.20       0.15
       0.04       0.17       0.29       0.20       0.18       0.11       0.03       0.10       0.14
       0.03       0.22       0.23       0.24       0.19       0.13       0.08       0.12       0.19
     86400    9   13
       0.29       0.42       0.36       0.36       0.34       0.35       0.43       0.41       0.37
       0.11       0.39       0.43       0.31       0.33       0.32       0.37       0.30       0.29
       0.06       0.28       0.24       0.29       0.39       0.25       0.30       0.42       0.33
       0.12       0.39       0.44       0.39       0.37       0.21       0.19       0.39       0.33
       0.21       0.31       0.39       0.63       0.63       0.22       0.11       0.24       0.21
       0.31       0.33       0.25       0.66       0.76       0.20       0.17       0.31       0.32
       0.21       0.38       0.17       0.32       0.60       0.28       0.23       0.29       0.22
       0.20       0.37       0.30       0.26       0.23       0.17       0.26       0.33       0.19
       0.16       0.26       0.20       0.16       0.10       0.04       0.20       0.50       0.23
       0.19       0.15       0.12       0.14       0.05       0.04       0.05       0.12       0.09
       0.01       0.01       0.02       0.09       0.05       0.06       0.02       0.02       0.01
       0.00       0.00       0.01       0.02       0.04       0.02       0.02       0.00       0.00
       0.00       0.00       0.01       0.04       0.02       0.00       0.05       0.02       0.01
    172800    9   13
       0.02       0.10       0.07       0.21       0.18       0.17       0.22       0.26       0.16
       0.01       0.04       0.06       0.14       0.07       0.08       0.12       0.19       0.22
       0.01       0.00       0.04       0.26       0.09       0.09       0.21       0.25       0.47
       0.01       0.01       0.02       0.06       0.11       0.08       0.21       0.36       0.52
       0.01       0.02       0.03       0.03       0.11       0.11       0.12       0.15       0.26
       0.01       0.04       0.07       0.02       0.03       0.09       0.14       0.05       0.10
       0.03       0.06       0.08       0.06       0.05       0.06       0.09       0.02       0.06
       0.03       0.05       0.08       0.05       0.06       0.05       0.05       0.03       0.03
       0.02       0.08       0.04       0.01       0.01       0.01       0.03       0.03       0.02
       0.03       0.03       0.02       0.01       0.01       0.01       0.01       0.01       0.01
       0.03       0.02       0.02       0.03       0.01       0.01       0.02       0.01       0.02
       0.03       0.00       0.01       0.03       0.02       0.01       0.02       0.01       0.02
       0.01       0.01       0.01       0.03       0.02       0.01       0.05       0.07       0.03
    259200    9   13
       0.16       0.15       0.36       0.25       0.38       0.30       0.27       0.30       0.17
       0.08       0.12       0.17       0.13       0.10       0.11       0.18       0.23       0.17
       0.20       0.23       0.18       0.12       0.10       0.14       0.13       0.11       0.32
       0.03       0.06       0.21       0.17       0.25       0.21       0.17       0.18       0.30
       0.08       0.04       0.22       0.43       0.59       0.12       0.09       0.24       0.46
       0.05       0.07       0.04       0.11       0.14       0.07       0.07       0.10       0.13
       0.09       0.07       0.02       0.02       0.06       0.07       0.05       0.09       0.14
       0.05       0.01       0.02       0.07       0.03       0.04       0.06       0.13       0.15
       0.01       0.01       0.00       0.00       0.04       0.10       0.14       0.12       0.11
       0.02       0.01       0.01       0.04       0.11       0.11       0.13       0.14       0.17
       0.01       0.01       0.03       0.16       0.23       0.20       0.13       0.13       0.13
       0.01       0.01       0.02       0.10       0.14       0.17       0.08       0.07       0.07
       0.03       0.05       0.04       0.04       0.14       0.11       0.08       0.09       0.06
    345600    9   13
       0.30       0.43       0.53       0.87       0.91       0.67       0.58       0.82       0.63
       0.43       0.53       0.55       0.67       0.63       0.66       0.56       0.65       0.51
       0.21       0.55       0.81       1.45       0.64       0.55       0.60       0.65       0.70
       0.08       0.40       1.05       1.08       0.88       0.81       0.53       0.49       0.59
       0.15       0.16       0.94       0.83       1.18       0.53       0.23       0.52       0.54
       0.14       0.10       0.32       0.52       0.64       0.49       0.19       0.40       0.53
       0.17       0.07       0.28       0.45       0.44       0.38       0.26       0.39       0.63
       0.17       0.03       0.17       0.25       0.54       0.28       0.39       0.52       0.40
       0.10       0.05       0.10       0.56       0.68       0.21       0.19       0.50       0.50
       0.05       0.01       0.04       0.57       0.54       0.11       0.11       0.23       0.17
       0.02       0.01       0.12       0.56       0.40       0.12       0.10       0.17       0.09
       0.01       0.07       0.14       0.33       0.26       0.16       0.11       0.12       0.12
       0.18       0.27       0.27       0.28       0.23       0.10       0.15       0.09       0.11
    432000    9   13
       3.06       0.83       0.51       0.43       0.47       0.44       0.50       0.45       0.30
       0.49       0.54       0.26       0.19       0.31       0.35       0.41       0.47       0.56
       0.30       0.30       0.31       0.22       0.37       0.51       0.58       0.57       0.67
       0.37       0.21       0.25       0.22       0.30       0.52       0.55       0.59       0.55
       0.39       0.29       0.48       0.26       0.32       0.34       0.32       0.34       0.31
       0.39       0.28       0.90       0.47       0.40       0.38       0.30       0.31       0.33
       0.86       0.88       1.24       0.66       0.73       0.50       0.41       0.37       0.34
       0.32       0.77       1.08       0.97       0.64       0.73       0.59       0.43       0.32
       0.31       0.70       0.75       0.88       0.98       0.81       0.65       0.46       0.37
       0.67       0.32       0.23       0.62       0.62       0.69       0.63       0.45       0.33
       0.86       0.57       0.76       0.96       0.62       0.66       0.69       0.39       0.30
       0.86       1.69       1.05       0.81       0.49       1.01       1.27       1.08       0.52
       1.57       2.33       0.69       0.63       0.72       0.82       0.63       1.69       1.61
    518400    9   13
       0.05       0.03       0.02       0.03       0.03       0.04       0.02       0.01       0.01
       0.03       0.04       0.06       0.03       0.03       0.01       0.01       0.00       0.01
       0.06       0.09       0.14       0.04       0.06       0.02       0.01       0.02       0.01
       0.05       0.03       0.03       0.04       0.05       0.02       0.01       0.01       0.02
       0.11       0.03       0.01       0.02       0.02       0.01       0.01       0.01       0.01
       0.09       0.10       0.08       0.01       0.01       0.02       0.01       0.01       0.00
       0.17       0.10       0.17       0.06       0.01       0.02       0.01       0.01       0.00
       0.14       0.02       0.02       0.02       0.01       0.03       0.05       0.02       0.00
       0.05       0.02       0.02       0.02       0.02       0.08       0.05       0.01       0.01
       0.10       0.03       0.04       0.02       0.02       0.06       0.03       0.05       0.04
       0.20       0.07       0.04       0.02       0.01       0.02       0.05       0.10       0.14
       0.18       0.11       0.03       0.02       0.02       0.02       0.03       0.08       0.07
       0.11       0.04       0.05       0.05       0.08       0.06       0.05       0.11       0.11
    604800    9   13
       0.16       0.14       0.15       0.11       0.08       0.04       0.05       0.05       0.06
       0.13       0.14       0.12       0.09       0.09       0.05       0.03       0.02       0.03
       0.09       0.13       0.10       0.11       0.12       0.04       0.01       0.01       0.02
       0.09       0.12       0.04       0.04       0.02       0.02       0.01       0.01       0.01
       0.18       0.10       0.02       0.02       0.02       0.01       0.01       0.01       0.01
       0.20       0.10       0.03       0.02       0.01       0.01       0.02       0.03       0.05
       0.19       0.12       0.08       0.03       0.02       0.03       0.05       0.14       0.17
       0.45       0.20       0.31       0.16       0.10       0.08       0.07       0.19       0.16
       0.75       0.72       0.76       0.23       0.18       0.18       0.16       0.14       0.07
       1.56       0.64       0.59       0.39       0.39       0.32       0.16       0.13       0.06
       0.66       0.57       0.64       0.49       0.37       0.30       0.30       0.18       0.08
       0.67       0.63       0.64       0.39       0.33       0.52       0.32       0.16       0.09
       0.47       0.67       0.54       0.34       0.44       0.61       0.21       0.14       0.13
    691200    9   13
       0.11       0.08       0.05       0.05       0.07       0.04       0.10       0.17       0.18
       0.09       0.06       0.04       0.05       0.05       0.04       0.07       0.08       0.08
       0.09       0.06       0.02       0.03       0.03       0.02       0.03       0.03       0.02
       0.13       0.07       0.02       0.02       0.02       0.02       0.02       0.00       0.00
       0.11       0.04       0.02       0.04       0.05       0.02       0.03       0.01       0.00
       0.06       0.04       0.02       0.07       0.04       0.03       0.07       0.03       0.05
       0.11       0.11       0.03       0.07       0.04       0.09       0.15       0.09       0.08
       0.16       0.08       0.05       0.09       0.08       0.17       0.18       0.13       0.11
       0.19       0.17       0.10       0.10       0.12       0.20       0.19       0.08       0.09
       0.29       0.21       0.12       0.06       0.08       0.10       0.09       0.06       0.17
       0.26       0.21       0.14       0.08       0.07       0.09       0.11       0.12       0.21
       0.15       0.14       0.14       0.11       0.09       0.09       0.11       0.16       0.17
       0.12       0.05       0.07       0.10       0.07       0.06       0.11       0.20       0.19
    777600    9   13
       0.15       0.13       0.11       0.23       0.19       0.37       0.50       0.26       0.31
       0.10       0.10       0.08       0.15       0.15       0.40       0.50       0.28       0.31
       0.06       0.07       0.08       0.09       0.12       0.28       0.26       0.31       0.30
       0.08       0.11       0.06       0.08       0.08       0.14       0.23       0.22       0.12
       0.16       0.12       0.09       0.11       0.06       0.16       0.22       0.14       0.14
       0.20       0.18       0.14       0.15       0.07       0.11       0.19       0.16       0.17
       0.22       0.18       0.18       0.17       0.15       0.16       0.19       0.16       0.33
       0.59       0.16       0.16       0.18       0.17       0.18       0.19       0.11       0.24
       0.63       0.28       0.20       0.19       0.14       0.18       0.16       0.09       0.26
       0.36       0.31       0.19       0.11       0.05       0.10       0.05       0.09       0.27
       0.36       0.32       0.23       0.03       0.03       0.02       0.02       0.07       0.08
       0.26       0.30       0.22       0.11       0.06       0.06       0.03       0.08       0.03
       0.46       0.35       0.37       0.15       0.09       0.17       0.11       0.03       0.01
    864000    9   13
       0.09       0.07       0.11       0.13       0.16       0.32       0.43       0.55       0.71
       0.05       0.04       0.11       0.23       0.18       0.26       0.34       0.36       0.38
       0.06       0.04       0.10       0.17       0.08       0.25       0.24       0.23       0.36
       0.06       0.04       0.07       0.09       0.04       0.14       0.27       0.22       0.17
       0.02       0.02       0.04       0.10       0.07       0.10       0.18       0.16       0.14
       0.03       0.05       0.08       0.15       0.07       0.08       0.04       0.10       0.17
       0.10       0.11       0.13       0.03       0.05       0.05       0.05       0.07       0.15
       0.17       0.08       0.09       0.07       0.10       0.06       0.12       0.19       0.17
       0.28       0.22       0.10       0.12       0.07       0.06       0.12       0.10       0.07
       0.35       0.26       0.16       0.02       0.02       0.01       0.04       0.05       0.04
       0.26       0.32       0.36       0.08       0.01       0.01       0.02       0.03       0.02
       0.36       0.35       0.22       0.08       0.04       0.02       0.01       0.03       0.06
       0.16       0.26       0.26       0.09       0.05       0.08       0.04       0.04       0.06
    950400    9   13
       0.21       0.33       0.37       0.38       0.37       0.41       0.35       0.23       0.24
       0.48       0.67       0.52       0.45       0.18       0.17       0.32       0.27       0.35
       2.39       2.05       1.12       0.39       0.57       0.59       0.19       0.24       0.33
       1.85       1.61       1.43       0.49       1.30       1.02       0.23       0.11       0.10
       1.29       0.90       1.23       1.02       1.01       1.17       0.32       0.08       0.04
       0.90       0.19       0.28       1.08       1.38       0.99       0.51       0.25       0.06
       0.18       0.15       0.08       0.27       1.61       1.38       0.98       0.51       0.11
       0.15       0.08       0.07       0.16       0.37       0.99       0.98       0.84       0.30
       0.29       0.60       0.12       0.11       0.19       0.35       1.06       1.23       0.77
       0.61       0.44       0.21       0.03       0.09       0.32       0.77       1.19       1.35
       0.37       0.26       0.11       0.03       0.05       0.11       0.28       0.67       1.81
       0.28       0.15       0.09       0.08       0.06       0.04       0.07       0.33       1.43
       0.15       0.13       0.09       0.06       0.05       0.06       0.07       0.17       0.49
   1036800    9   13
       0.03       0.10       0.05       0.02       0.03       0.08       0.04       0.02       0.03
       0.02       0.01       0.03       0.02       0.08       0.07       0.05       0.03       0.11
       0.03       0.01       0.02       0.02       0.05       0.07       0.02       0.04       0.13
       0.03       0.02       0.03       0.01       0.02       0.09       0.03       0.02       0.05
       0.04       0.03       0.03       0.03       0.06       0.21       0.03       0.02       0.01
       0.03       0.05       0.02       0.06       0.05       0.08       0.08       0.05       0.07
       0.05       0.09       0.07       0.09       0.07       0.07       0.16       0.12       0.18
       0.04       0.14       0.17       0.16       0.13       0.15       0.30       0.21       0.20
       0.18       0.37       0.35       0.30       0.27       0.23       0.41       0.34       0.19
       0.37       0.53       0.49       0.45       0.32       0.32       0.23       0.20       0.19
       0.52       0.70       0.61       0.31       0.31       0.30       0.31       0.32       0.35
       0.46       0.47       0.53       0.32       0.26       0.26       0.19       0.41       0.40
       0.43       0.48       0.54       0.43       0.27       0.25       0.21       0.32       0.36
   1123200    9   13
       0.08       0.06       0.03       0.02       0.01       0.03       0.03       0.01       0.02
       0.11       0.04       0.05       0.02       0.02       0.06       0.05       0.01       0.05
       0.07       0.13       0.05       0.02       0.03       0.04       0.04       0.03       0.05
       0.02       0.05       0.03       0.01       0.02       0.07       0.03       0.06       0.02
       0.01       0.01       0.02       0.02       0.02       0.07       0.03       0.03       0.01
       0.03       0.03       0.01       0.01       0.01       0.01       0.00       0.02       0.03
       0.10       0.13       0.02       0.01       0.01       0.03       0.01       0.03       0.01
       0.13       0.16       0.05       0.05       0.04       0.05       0.04       0.03       0.02
       0.60       0.30       0.08       0.10       0.08       0.05       0.04       0.03       0.06
       0.75       0.64       0.16       0.05       0.05       0.05       0.09       0.12       0.08
       0.31       0.42       0.32       0.05       0.04       0.11       0.26       0.30       0.21
       0.31       0.39       0.35       0.09       0.06       0.09       0.17       0.34       0.32
       0.37       0.72       0.41       0.15       0.09       0.13       0.14       0.18       0.19
   1209600    9   13
       0.01       0.01       0.01       0.01       0.02       0.01       0.00       0.01       0.02
       0.00       0.00       0.02       0.02       0.01       0.01       0.00       0.00       0.00
       0.00       0.00       0.02       0.02       0.01       0.01       0.00       0.00       0.00
       0.00       0.00       0.01       0.00       0.00       0.01       0.00       0.00       0.00
       0.01       0.00       0.00       0.00       0.00       0.00       0.00       0.01       0.02
       0.01       0.01       0.00       0.00       0.00       0.01       0.01       0.03       0.02
       0.02       0.02       0.01       0.00       0.01       0.00       0.00       0.01       0.01
       0.09       0.03       0.00       0.00       0.00       0.00       0.00       0.01       0.00
       0.18       0.13       0.01       0.01       0.03       0.03       0.01       0.01       0.01
       0.03       0.01       0.01       0.01       0.03       0.04       0.02       0.01       0.00
       0.01       0.01       0.01       0.01       0.01       0.01       0.01       0.01       0.01
       0.02       0.09       0.03       0.00       0.00       0.00       0.00       0.02       0.02
       0.08       0.08       0.05       0.03       0.00       0.00       0.01       0.08       0.05
   1296000    9   13
       0.01       0.00       0.01       0.01       0.02       0.02       0.01       0.02       0.03
       0.02       0.01       0.01       0.02       0.03       0.04       0.03       0.04       0.06
       0.04       0.01       0.03       0.02       0.03       0.04       0.03       0.04       0.01
       0.03       0.02       0.03       0.01       0.03       0.02       0.01       0.01       0.01
       0.01       0.01       0.01       0.01       0.02       0.02       0.00       0.01       0.00
       0.01       0.02       0.02       0.00       0.01       0.01       0.00       0.00       0.00
       0.03       0.02       0.02       0.00       0.01       0.00       0.00       0.00       0.00
       0.02       0.01       0.00       0.00       0.00       0.00       0.00       0.00       0.00
       0.02       0.02       0.00       0.00       0.00       0.01       0.00       0.00       0.00
       0.03       0.02       0.01       0.00       0.00       0.00       0.00       0.00       0.00
       0.04       0.02       0.02       0.00       0.00       0.01       0.00       0.00       0.00
       0.02       0.01       0.01       0.00       0.00       0.00       0.00       0.00       0.00
       0.01       0.00       0.00       0.00       0.00       0.00       0.00       0.00       0.00
