         0    9   13
       0.01       0.00       0.08       0.37       0.39       0.20       0.34       0.55       0.48
       0.07       0.00       0.27       0.31       0.21       0.16       0.30       0.44       0.43
       0.06       0.00       0.20       0.24       0.17       0.25       0.39       0.30       0.45
       0.03       0.01       0.07       0.14       0.27       0.49       0.36       0.26       0.49
       0.03       0.01       0.03       0.10       0.23       0.48       0.30       0.26       0.49
       0.07       0.07       0.19       0.15       0.20       0.31       0.24       0.14       0.18
       0.21       0.09       0.27       0.20       0.20       0.21       0.17       0.16       0.09
       0.08       0.03       0.18       0.17       0.22       0.27       0.15       0.17       0.12
       0.02       0.12       0.27       0.24       0.25       0.09       0.07       0.12       0.13
       0.19       0.38       0.24       0.26       0.21       0.13       0.06       0.10       0.16
       0.14       0.34       0.22       0.23       0.26       0.19       0.13       0.10       0.13
       0.25       0.15       0.13       0.17       0.27       0.18       0.18       0.13       0.08
       0.13       0.02       0.03       0.07       0.11       0.18       0.15       0.19       0.12
     86400    9   13
       0.74       0.83       0.84       0.41       0.52       0.45       0.47       0.46       0.38
       0.65       0.80       0.84       0.32       0.37       0.52       0.66       0.61       0.50
       0.85       0.80       0.66       0.35       0.39       0.87       0.59       0.39       0.54
       0.64       0.57       0.66       0.77       0.45       0.57       0.52       0.31       0.44
       0.70       0.82       0.98       0.97       0.33       0.48       0.46       0.26       0.19
       0.93       0.56       0.67       0.28       0.34       0.40       0.34       0.18       0.26
       0.67       0.39       0.43       0.34       0.94       0.46       0.36       0.26       0.21
       0.83       1.08       0.49       0.52       0.95       0.54       0.35       0.31       0.27
       1.02       1.56       0.78       0.39       0.40       0.46       0.33       0.31       0.33
       0.99       1.03       0.35       0.31       0.38       0.39       0.34       0.31       0.32
       0.50       0.40       0.38       0.37       0.38       0.36       0.36       0.33       0.25
       0.35       0.49       0.32       0.28       0.27       0.32       0.51       0.52       0.28
       0.33       0.33       0.33       0.28       0.29       0.26       0.37       0.69       0.32
    172800    9   13
       0.11       0.07       0.20       0.25       0.49       0.52       0.57       0.73       1.00
       0.04       0.06       0.28       0.36       0.52       0.56       0.50       0.44       0.53
       0.20       0.20       0.35       0.37       0.22       0.33       0.27       0.35       0.27
       0.21       0.30       0.51       0.76       0.58       0.39       0.37       0.29       0.26
       0.22       0.39       0.48       0.45       0.73       0.82       0.77       0.41       0.43
       0.24       0.37       0.44       0.30       0.62       0.86       0.89       0.52       0.44
       0.27       0.36       0.36       0.27       0.39       0.86       0.94       0.44       0.49
       0.27       0.29       0.28       0.29       0.42       0.54       0.63       0.33       0.42
       0.11       0.14       0.14       0.28       0.34       0.45       0.34       0.29       0.46
       0.09       0.21       0.16       0.11       0.23       0.34       0.35       0.33       0.43
       0.15       0.17       0.14       0.09       0.20       0.20       0.25       0.36       0.29
       0.11       0.10       0.10       0.10       0.16       0.20       0.21       0.26       0.25
       0.09       0.10       0.11       0.09       0.22       0.26       0.16       0.19       0.26
    259200    9   13
       0.01       0.01       0.01       0.01       0.06       0.19       0.37       0.28       0.37
       0.01       0.01       0.01       0.01       0.14       0.23       0.36       0.33       0.41
       0.01       0.00       0.01       0.01       0.13       0.14       0.22       0.25       0.25
       0.02       0.03       0.03       0.02       0.06       0.17       0.24       0.26       0.10
       0.06       0.04       0.07       0.03       0.04       0.22       0.31       0.23       0.23
       0.08       0.15       0.17       0.09       0.15       0.29       0.32       0.38       0.41
       0.17       0.27       0.27       0.09       0.19       0.29       0.44       0.52       0.49
       0.33       0.32       0.08       0.05       0.19       0.33       0.48       0.58       0.49
       0.33       0.19       0.12       0.10       0.27       0.31       0.44       0.48       0.49
       0.39       0.32       0.26       0.13       0.18       0.20       0.34       0.43       0.42
       0.38       0.34       0.24       0.06       0.06       0.15       0.30       0.30       0.26
       0.36       0.43       0.28       0.10       0.18       0.19       0.14       0.24       0.24
       0.35       0.46       0.27       0.13       0.22       0.19       0.22       0.21       0.19
    345600    9   13
       0.00       0.00       0.02       0.06       0.14       0.15       0.21       0.18       0.23
       0.00       0.00       0.01       0.11       0.21       0.22       0.22       0.16       0.12
       0.00       0.00       0.01       0.01       0.02       0.13       0.19       0.26       0.07
       0.00       0.00       0.00       0.00       0.00       0.01       0.08       0.19       0.05
       0.00       0.00       0.00       0.00       0.00       0.02       0.03       0.00       0.03
       0.01       0.01       0.02       0.00       0.10       0.18       0.04       0.01       0.12
       0.11       0.06       0.17       0.06       0.33       0.18       0.04       0.04       0.11
       0.04       0.11       0.35       0.18       0.27       0.14       0.06       0.14       0.07
       0.15       0.15       0.09       0.14       0.18       0.05       0.07       0.12       0.14
       0.24       0.15       0.16       0.31       0.34       0.08       0.06       0.14       0.15
       0.27       0.29       0.20       0.39       0.32       0.22       0.25       0.14       0.10
       0.07       0.16       0.14       0.27       0.35       0.32       0.36       0.20       0.13
       0.02       0.02       0.05       0.25       0.36       0.21       0.33       0.30       0.19
    432000    9   13
       0.04       0.17       0.07       0.01       0.13       0.05       0.05       0.15       0.20
       0.00       0.01       0.04       0.04       0.14       0.06       0.09       0.18       0.23
       0.00       0.02       0.17       0.25       0.27       0.33       0.24       0.24       0.28
       0.01       0.01       0.22       0.15       0.48       0.49       0.33       0.37       0.52
       0.07       0.04       0.23       0.11       0.38       0.65       0.56       0.51       0.67
       0.02       0.15       0.36       0.07       0.30       0.76       0.56       0.39       0.49
       0.13       0.17       0.34       0.17       0.40       0.47       0.22       0.17       0.28
       0.09       0.18       0.28       0.21       0.32       0.27       0.16       0.22       0.19
       0.17       0.23       0.28       0.20       0.26       0.26       0.16       0.25       0.17
       0.25       0.20       0.26       0.25       0.28       0.19       0.14       0.17       0.15
       0.24       0.19       0.23       0.35       0.27       0.22       0.16       0.12       0.13
       0.27       0.30       0.25       0.31       0.34       0.29       0.25       0.15       0.14
       0.26       0.20       0.17       0.25       0.28       0.16       0.26       0.15       0.12
    518400    9   13
       0.07       0.16       0.25       0.23       0.35       0.37       0.18       0.24       0.18
       0.01       0.11       0.29       0.15       0.27       0.30       0.18       0.27       0.19
       0.03       0.10       0.26       0.27       0.36       0.25       0.18       0.13       0.10
       0.14       0.18       0.27       0.17       0.25       0.20       0.24       0.08       0.14
       0.33       0.24       0.30       0.16       0.29       0.29       0.31       0.29       0.38
       0.28       0.37       0.44       0.14       0.26       0.43       0.34       0.27       0.32
       0.34       0.36       0.29       0.10       0.20       0.37       0.40       0.34       0.32
       0.34       0.30       0.19       0.09       0.22       0.28       0.34       0.36       0.35
       0.40       0.27       0.22       0.21       0.26       0.18       0.20       0.28       0.29
       0.37       0.38       0.30       0.25       0.21       0.13       0.19       0.20       0.20
       0.21       0.22       0.23       0.21       0.17       0.25       0.23       0.20       0.27
       0.23       0.10       0.17       0.17       0.17       0.18       0.26       0.25       0.34
       0.34       0.15       0.17       0.19       0.17       0.07       0.22       0.21       0.25
    604800    9   13
       0.05       0.13       0.18       0.17       0.25       0.31       0.29       0.32       0.39
       0.01       0.08       0.17       0.24       0.27       0.30       0.35       0.34       0.36
       0.03       0.10       0.17       0.30       0.32       0.30       0.30       0.35       0.39
       0.08       0.17       0.21       0.26       0.41       0.31       0.25       0.19       0.25
       0.19       0.22       0.29       0.25       0.46       0.52       0.46       0.29       0.30
       0.41       0.52       0.32       0.24       0.49       0.44       0.25       0.37       0.39
       0.40       0.55       0.56       0.53       0.53       0.34       0.34       0.38       0.30
       0.31       0.42       0.52       0.52       0.59       0.54       0.46       0.41       0.34
       0.44       0.41       0.33       0.37       0.46       0.47       0.39       0.48       0.51
       0.43       0.22       0.27       0.36       0.46       0.35       0.33       0.46       0.34
       0.21       0.17       0.24       0.26       0.29       0.40       0.46       0.36       0.31
       0.21       0.22       0.23       0.21       0.24       0.31       0.46       0.22       0.30
       0.12       0.15       0.26       0.22       0.29       0.24       0.35       0.33       0.30
    691200    9   13
       0.17       0.13       0.13       0.21       0.41       0.28       0.26       0.56       0.52
       0.22       0.12       0.17       0.14       0.52       0.24       0.13       0.24       0.16
       0.12       0.24       0.30       0.24       0.55       0.33       0.19       0.30       0.30
       0.14       0.21       0.25       0.24       0.68       0.51       0.33       0.33       0.49
       0.31       0.30       0.40       0.22       0.52       0.69       0.60       0.31       0.23
       0.54       0.37       0.60       0.39       0.48       0.88       0.76       0.48       0.43
       0.60       0.74       0.71       0.55       0.52       0.64       0.56       0.52       0.65
       0.63       0.80       0.69       0.52       0.66       0.53       0.52       0.58       0.65
       0.90       0.74       0.52       0.29       0.39       0.53       0.53       0.52       0.66
       1.05       0.80       0.51       0.33       0.51       0.59       0.56       0.53       0.99
       1.26       0.52       0.47       0.46       0.62       0.84       1.08       0.97       1.19
       1.44       0.40       0.30       0.40       0.53       0.62       1.14       1.17       0.92
       0.88       0.30       0.24       0.19       0.33       0.69       0.91       1.27       0.58
    777600    9   13
       0.46       0.34       0.48       0.48       0.43       0.52       0.48       0.48       0.60
       0.55       0.48       0.41       0.37       0.66       0.57       0.34       0.30       0.56
       0.31       0.31       0.33       0.24       0.59       0.48       0.28       0.35       0.39
       0.32       0.30       0.34       0.26       0.45       0.38       0.38       0.33       0.28
       0.24       0.21       0.18       0.20       0.34       0.43       0.28       0.29       0.23
       0.24       0.28       0.31       0.17       0.31       0.36       0.29       0.30       0.07
       0.20       0.28       0.37       0.20       0.38       0.30       0.31       0.30       0.19
       0.10       0.14       0.11       0.16       0.39       0.33       0.31       0.30       0.30
       0.01       0.01       0.00       0.05       0.31       0.41       0.33       0.39       0.34
       0.01       0.00       0.00       0.03       0.28       0.44       0.40       0.53       0.52
       0.00       0.02       0.02       0.07       0.27       0.45       0.46       0.49       0.62
       0.01       0.02       0.04       0.11       0.22       0.33       0.43       0.30       0.38
       0.03       0.02       0.04       0.08       0.18       0.24       0.24       0.34       0.30
    864000    9   13
       0.08       0.14       0.10       0.15       0.13       0.11       0.11       0.14       0.20
       0.22       0.15       0.11       0.21       0.10       0.11       0.13       0.10       0.20
       0.13       0.12       0.12       0.05       0.08       0.11       0.09       0.08       0.19
       0.18       0.15       0.09       0.01       0.06       0.07       0.10       0.06       0.09
       0.13       0.11       0.08       0.01       0.09       0.10       0.07       0.08       0.07
       0.09       0.16       0.07       0.03       0.15       0.14       0.10       0.09       0.06
       0.05       0.19       0.19       0.05       0.13       0.10       0.12       0.12       0.17
       0.03       0.16       0.13       0.12       0.21       0.12       0.14       0.12       0.10
       0.00       0.03       0.08       0.16       0.23       0.18       0.12       0.11       0.13
       0.01       0.00       0.02       0.15       0.25       0.23       0.16       0.11       0.14
       0.00       0.00       0.00       0.13       0.24       0.28       0.25       0.11       0.05
       0.00       0.00       0.00       0.02       0.12       0.11       0.18       0.10       0.05
       0.00       0.00       0.00       0.00       0.07       0.06       0.11       0.17       0.10
    950400    9   13
       0.02       0.01       0.01       0.03       0.14       0.17       0.29       0.35       0.29
       0.01       0.00       0.01       0.01       0.07       0.11       0.22       0.22       0.22
       0.06       0.00       0.01       0.00       0.08       0.19       0.20       0.26       0.33
       0.02       0.00       0.04       0.01       0.08       0.22       0.18       0.24       0.34
       0.03       0.00       0.04       0.06       0.01       0.08       0.14       0.30       0.50
       0.12       0.03       0.03       0.03       0.01       0.03       0.03       0.33       0.41
       0.12       0.05       0.02       0.07       0.02       0.03       0.02       0.13       0.12
       0.01       0.01       0.04       0.08       0.06       0.02       0.01       0.08       0.09
       0.00       0.01       0.01       0.01       0.02       0.03       0.03       0.09       0.07
       0.02       0.00       0.02       0.07       0.15       0.12       0.04       0.05       0.12
       0.01       0.00       0.07       0.18       0.17       0.13       0.06       0.07       0.07
       0.01       0.04       0.13       0.13       0.12       0.11       0.09       0.10       0.13
       0.02       0.02       0.08       0.09       0.19       0.25       0.06       0.10       0.13
   1036800    9   13
       0.80       0.75       0.73       0.62       0.65       0.83       0.73       0.65       0.34
       0.89       0.72       0.65       0.52       0.36       0.58       0.56       0.41       0.31
       0.80       0.55       0.52       0.54       0.55       0.72       0.54       0.29       0.18
       0.86       0.79       0.66       0.70       0.74       0.91       0.68       0.38       0.42
       0.88       0.81       0.70       0.75       0.56       0.80       0.95       0.84       0.83
       0.89       0.81       0.66       0.75       0.52       0.67       0.81       0.69       0.79
       0.95       0.87       0.73       0.65       0.56       0.66       0.74       0.60       0.69
       0.70       0.49       0.81       0.53       0.49       0.70       0.83       0.70       0.95
       0.52       0.55       0.63       0.46       0.35       0.52       0.66       0.65       0.56
       0.50       0.47       0.46       0.39       0.37       0.42       0.51       0.36       0.26
       0.20       0.27       0.40       0.46       0.51       0.48       0.50       0.50       0.55
       0.05       0.17       0.33       0.39       0.31       0.51       0.55       0.51       0.60
       0.20       0.22       0.31       0.35       0.31       0.48       0.30       0.45       0.36
   1123200    9   13
       0.46       0.53       0.95       0.98       0.99       0.98       0.96       0.95       0.95
       0.59       0.66       0.68       0.68       0.77       0.80       0.88       0.91       0.92
       0.66       0.55       0.30       0.48       0.54       0.96       0.92       0.90       0.92
       0.60       0.37       0.11       0.31       0.41       0.56       0.68       0.84       0.95
       0.34       0.26       0.12       0.46       0.48       0.56       0.80       1.04       1.07
       0.06       0.18       0.28       0.62       0.54       0.57       0.71       0.95       0.80
       0.06       0.10       0.55       0.66       0.57       0.55       0.52       0.95       1.22
       0.13       0.52       0.74       0.50       0.52       0.66       0.57       0.91       1.41
       0.40       0.52       0.48       0.37       0.48       0.55       0.53       0.84       0.98
       0.45       0.33       0.40       0.40       0.52       0.56       0.56       0.61       0.73
       0.30       0.32       0.25       0.22       0.30       0.35       0.52       0.43       0.52
       0.07       0.21       0.22       0.13       0.17       0.25       0.43       0.52       0.45
       0.22       0.47       0.29       0.17       0.17       0.25       0.30       0.51       0.40
   1209600    9   13
       0.35       0.55       0.63       0.66       0.69       0.71       0.63       0.70       0.71
       0.35       0.37       0.60       0.71       0.78       0.61       0.60       0.63       0.72
       0.49       0.35       0.30       0.54       0.79       0.77       0.59       0.75       0.85
       0.42       0.35       0.59       0.46       0.66       0.55       0.54       0.84       0.80
       0.52       0.53       0.79       0.48       0.58       0.59       0.67       0.58       0.52
       0.52       0.64       0.55       0.29       0.73       0.60       0.53       0.53       0.72
       0.45       0.41       0.36       0.21       0.34       0.42       0.34       0.46       0.66
       0.34       0.14       0.30       0.36       0.30       0.37       0.38       0.50       0.54
       0.30       0.29       0.30       0.28       0.30       0.31       0.40       0.62       0.71
       0.30       0.24       0.31       0.33       0.39       0.43       0.41       0.69       1.01
       0.07       0.14       0.37       0.39       0.52       0.52       0.46       0.31       0.94
       0.16       0.35       0.66       0.58       0.36       0.33       0.69       0.52       0.55
       0.07       0.11       0.14       0.22       0.20       0.25       0.30       0.48       0.51
   1296000    9   13
       0.25       0.14       0.21       0.48       0.46       0.39       0.31       0.29       0.32
       0.52       0.16       0.40       0.48       0.47       0.31       0.29       0.28       0.30
       0.71       0.47       0.53       0.34       0.41       0.32       0.25       0.27       0.25
       0.84       0.55       0.56       0.31       0.52       0.50       0.30       0.28       0.31
       0.62       0.51       0.51       0.53       0.51       0.55       0.52       0.35       0.30
       0.60       0.52       0.60       0.51       0.56       0.51       0.43       0.36       0.33
       0.52       0.63       0.73       0.35       0.34       0.30       0.25       0.34       0.44
       0.35       0.53       0.40       0.19       0.19       0.22       0.22       0.23       0.31
       0.06       0.08       0.08       0.02       0.07       0.10       0.12       0.19       0.24
       0.05       0.07       0.08       0.09       0.04       0.04       0.32       0.29       0.17
       0.11       0.17       0.29       0.21       0.13       0.17       0.19       0.14       0.08
       0.20       0.22       0.23       0.21       0.19       0.12       0.09       0.14       0.10
       0.19       0.21       0.16       0.15       0.12       0.06       0.08       0.11       0.15
