         0    9   13
       0.37       0.28       0.11       0.04       0.03       0.05       0.06       0.04       0.02
       0.23       0.21       0.18       0.09       0.07       0.09       0.08       0.03       0.02
       0.21       0.27       0.18       0.11       0.06       0.04       0.05       0.06       0.01
       0.38       0.33       0.23       0.06       0.03       0.03       0.05       0.06       0.00
       0.17       0.13       0.08       0.06       0.11       0.08       0.11       0.07       0.01
       0.18       0.13       0.06       0.07       0.18       0.12       0.10       0.09       0.05
       0.30       0.13       0.07       0.18       0.22       0.11       0.08       0.04       0.03
       0.17       0.08       0.07       0.08       0.06       0.03       0.04       0.01       0.01
       0.18       0.02       0.03       0.02       0.02       0.06       0.03       0.01       0.01
       0.16       0.10       0.02       0.00       0.01       0.05       0.01       0.01       0.02
       0.23       0.23       0.03       0.01       0.00       0.01       0.00       0.03       0.04
       0.27       0.14       0.02       0.00       0.00       0.00       0.00       0.01       0.03
       0.43       0.14       0.06       0.04       0.00       0.00       0.00       0.00       0.01
     86400    9   13
       0.02       0.01       0.01       0.01       0.01       0.01       0.01       0.00       0.00
       0.01       0.01       0.01       0.01       0.01       0.01       0.01       0.00       0.00
       0.02       0.00       0.00       0.00       0.00       0.01       0.00       0.00       0.00
       0.03       0.00       0.01       0.00       0.00       0.01       0.00       0.00       0.00
       0.11       0.03       0.01       0.01       0.01       0.01       0.01       0.00       0.00
       0.07       0.04       0.02       0.01       0.02       0.04       0.03       0.01       0.00
       0.06       0.02       0.01       0.00       0.02       0.04       0.03       0.03       0.00
       0.01       0.00       0.00       0.00       0.01       0.02       0.02       0.01       0.01
       0.01       0.00       0.00       0.00       0.01       0.01       0.01       0.01       0.01
       0.01       0.01       0.00       0.00       0.01       0.01       0.01       0.01       0.00
       0.00       0.00       0.00       0.00       0.00       0.01       0.01       0.01       0.00
       0.00       0.00       0.00       0.00       0.00       0.00       0.00       0.00       0.00
       0.00       0.00       0.00       0.00       0.00       0.00       0.00       0.00       0.00
    172800    9   13
       0.16       0.08       0.08       0.10       0.10       0.09       0.06       0.07       0.04
       0.11       0.03       0.04       0.02       0.03       0.05       0.04       0.03       0.01
       0.04       0.02       0.02       0.02       0.01       0.04       0.03       0.01       0.00
       0.01       0.01       0.01       0.01       0.01       0.03       0.03       0.00       0.00
       0.01       0.01       0.00       0.01       0.01       0.01       0.00       0.00       0.00
       0.01       0.02       0.01       0.01       0.01       0.00       0.00       0.00       0.00
       0.02       0.02       0.01       0.00       0.01       0.01       0.00       0.00       0.00
       0.01       0.01       0.00       0.00       0.01       0.00       0.01       0.00       0.00
       0.01       0.00       0.00       0.00       0.01       0.01       0.01       0.01       0.01
       0.01       0.01       0.00       0.00       0.00       0.00       0.01       0.01       0.00
       0.00       0.00       0.00       0.00       0.00       0.01       0.00       0.01       0.00
       0.00       0.00       0.00       0.00       0.00       0.00       0.00       0.00       0.00
       0.00       0.00       0.00       0.00       0.00       0.00       0.00       0.00       0.00
    259200    9   13
       0.16       0.18       0.22       0.09       0.07       0.16       0.11       0.19       0.30
       0.10       0.09       0.09       0.04       0.01       0.03       0.06       0.15       0.08
       0.06       0.04       0.02       0.01       0.01       0.01       0.01       0.03       0.00
       0.03       0.01       0.01       0.00       0.00       0.01       0.00       0.00       0.00
       0.06       0.02       0.01       0.01       0.00       0.00       0.00       0.00       0.00
       0.05       0.03       0.01       0.01       0.00       0.00       0.00       0.00       0.00
       0.05       0.03       0.01       0.01       0.00       0.00       0.00       0.00       0.00
       0.01       0.01       0.01       0.01       0.01       0.00       0.00       0.01       0.00
       0.01       0.01       0.06       0.04       0.01       0.01       0.01       0.01       0.00
       0.01       0.01       0.03       0.01       0.00       0.00       0.00       0.01       0.00
       0.01       0.00       0.00       0.00       0.00       0.00       0.01       0.01       0.01
       0.00       0.00       0.00       0.00       0.00       0.00       0.00       0.00       0.01
       0.00       0.00       0.00       0.00       0.00       0.00       0.00       0.00       0.04
    345600    9   13
       0.07       0.07       0.04       0.04       0.05       0.07       0.10       0.19       0.24
       0.05       0.12       0.13       0.09       0.03       0.04       0.08       0.10       0.10
       0.06       0.08       0.10       0.10       0.03       0.03       0.06       0.07       0.04
       0.03       0.05       0.03       0.04       0.01       0.02       0.04       0.03       0.01
       0.02       0.01       0.01       0.01       0.01       0.01       0.02       0.02       0.00
       0.05       0.02       0.01       0.00       0.01       0.01       0.00       0.01       0.00
       0.06       0.02       0.01       0.00       0.01       0.02       0.05       0.04       0.01
       0.03       0.01       0.00       0.00       0.02       0.05       0.07       0.05       0.01
       0.03       0.01       0.00       0.00       0.01       0.05       0.05       0.02       0.00
       0.09       0.02       0.00       0.00       0.03       0.13       0.06       0.01       0.02
       0.20       0.13       0.00       0.00       0.04       0.05       0.05       0.04       0.05
       0.09       0.09       0.01       0.00       0.01       0.00       0.02       0.05       0.09
       0.16       0.11       0.03       0.00       0.00       0.01       0.03       0.05       0.06
    432000    9   13
       0.07       0.14       0.11       0.09       0.10       0.10       0.10       0.11       0.15
       0.03       0.04       0.06       0.04       0.10       0.06       0.14       0.18       0.20
       0.03       0.02       0.06       0.05       0.03       0.05       0.13       0.24       0.20
       0.01       0.05       0.12       0.11       0.02       0.03       0.08       0.08       0.08
       0.05       0.02       0.05       0.06       0.02       0.04       0.04       0.02       0.06
       0.09       0.05       0.06       0.02       0.01       0.08       0.06       0.05       0.11
       0.13       0.11       0.08       0.01       0.01       0.06       0.09       0.18       0.16
       0.20       0.15       0.16       0.07       0.06       0.08       0.16       0.20       0.17
       0.23       0.24       0.33       0.14       0.04       0.10       0.12       0.09       0.03
       0.18       0.22       0.21       0.15       0.05       0.17       0.19       0.17       0.09
       0.22       0.20       0.10       0.13       0.15       0.23       0.11       0.15       0.13
       0.12       0.12       0.05       0.08       0.08       0.07       0.07       0.11       0.09
       0.09       0.08       0.06       0.04       0.02       0.04       0.05       0.08       0.08
    518400    9   13
       0.06       0.09       0.17       0.17       0.39       0.39       0.58       0.39       0.25
       0.05       0.07       0.33       0.07       0.13       0.32       0.32       0.32       0.22
       0.09       0.07       0.17       0.09       0.10       0.19       0.10       0.10       0.22
       0.09       0.13       0.19       0.08       0.03       0.11       0.07       0.12       0.25
       0.04       0.10       0.10       0.09       0.06       0.10       0.06       0.09       0.21
       0.06       0.06       0.09       0.10       0.05       0.09       0.07       0.08       0.12
       0.16       0.10       0.12       0.11       0.08       0.09       0.08       0.06       0.09
       0.16       0.08       0.08       0.17       0.13       0.06       0.05       0.05       0.03
       0.15       0.14       0.09       0.08       0.04       0.03       0.03       0.02       0.03
       0.14       0.13       0.06       0.03       0.01       0.02       0.01       0.02       0.03
       0.14       0.13       0.05       0.04       0.04       0.04       0.02       0.02       0.02
       0.17       0.14       0.05       0.04       0.06       0.04       0.05       0.05       0.06
       0.15       0.08       0.09       0.06       0.02       0.02       0.02       0.04       0.09
    604800    9   13
       0.12       0.08       0.15       0.17       0.11       0.14       0.17       0.13       0.12
       0.13       0.07       0.11       0.17       0.10       0.10       0.11       0.08       0.11
       0.13       0.12       0.11       0.15       0.04       0.05       0.10       0.08       0.08
       0.12       0.11       0.12       0.17       0.03       0.03       0.07       0.06       0.05
       0.11       0.04       0.08       0.12       0.05       0.03       0.06       0.04       0.04
       0.07       0.05       0.07       0.09       0.05       0.06       0.05       0.04       0.05
       0.08       0.07       0.09       0.06       0.05       0.07       0.07       0.04       0.03
       0.11       0.09       0.07       0.04       0.05       0.06       0.08       0.05       0.04
       0.16       0.12       0.07       0.04       0.03       0.06       0.05       0.04       0.04
       0.18       0.12       0.08       0.05       0.05       0.05       0.02       0.01       0.05
       0.22       0.12       0.08       0.03       0.06       0.05       0.02       0.02       0.03
       0.08       0.06       0.05       0.02       0.02       0.04       0.01       0.03       0.02
       0.18       0.14       0.05       0.02       0.02       0.04       0.03       0.04       0.03
    691200    9   13
       0.03       0.05       0.09       0.05       0.05       0.05       0.05       0.05       0.07
       0.02       0.02       0.03       0.03       0.04       0.05       0.07       0.07       0.07
       0.03       0.02       0.03       0.04       0.03       0.04       0.05       0.06       0.01
       0.01       0.01       0.02       0.02       0.02       0.02       0.05       0.05       0.02
       0.03       0.02       0.03       0.01       0.02       0.04       0.05       0.05       0.01
       0.08       0.06       0.02       0.01       0.01       0.03       0.03       0.02       0.01
       0.08       0.11       0.08       0.06       0.03       0.03       0.05       0.03       0.03
       0.03       0.04       0.08       0.13       0.10       0.08       0.07       0.05       0.03
       0.07       0.10       0.13       0.13       0.14       0.13       0.14       0.08       0.03
       0.05       0.09       0.08       0.05       0.11       0.15       0.13       0.09       0.04
       0.08       0.07       0.06       0.05       0.12       0.20       0.13       0.07       0.04
       0.02       0.03       0.02       0.03       0.06       0.13       0.15       0.08       0.04
       0.03       0.02       0.05       0.04       0.02       0.04       0.09       0.07       0.04
    777600    9   13
       0.08       0.04       0.07       0.09       0.13       0.16       0.21       0.27       0.29
       0.05       0.02       0.09       0.13       0.11       0.19       0.22       0.22       0.30
       0.04       0.03       0.12       0.12       0.11       0.18       0.18       0.12       0.16
       0.08       0.12       0.16       0.17       0.16       0.28       0.16       0.08       0.07
       0.03       0.15       0.19       0.15       0.24       0.30       0.12       0.07       0.05
       0.07       0.23       0.27       0.11       0.12       0.12       0.08       0.03       0.03
       0.23       0.34       0.28       0.12       0.05       0.07       0.08       0.03       0.01
       0.17       0.27       0.18       0.07       0.03       0.06       0.11       0.05       0.01
       0.30       0.18       0.07       0.03       0.03       0.11       0.19       0.06       0.01
       0.05       0.03       0.01       0.01       0.04       0.06       0.07       0.04       0.01
       0.01       0.00       0.00       0.03       0.06       0.04       0.02       0.03       0.01
       0.04       0.00       0.00       0.07       0.12       0.06       0.02       0.05       0.01
       0.09       0.01       0.03       0.12       0.14       0.03       0.07       0.04       0.00
    864000    9   13
       0.43       0.42       0.42       0.55       0.64       1.43       1.03       0.98       0.86
       0.28       0.32       0.43       0.51       0.63       1.01       1.01       0.69       0.56
       0.14       0.23       0.40       0.46       0.57       0.61       0.60       0.39       0.56
       0.29       0.42       0.64       0.60       0.57       0.54       0.39       0.43       0.47
       0.30       0.56       0.72       0.58       0.57       0.62       0.61       0.41       0.20
       0.63       0.70       0.66       0.44       0.84       0.53       0.53       0.36       0.21
       0.72       0.72       0.54       0.34       0.62       0.63       0.62       0.24       0.24
       0.32       0.24       0.31       0.23       0.60       0.74       0.43       0.28       0.21
       0.10       0.14       0.21       0.19       0.56       0.70       0.58       0.38       0.23
       0.04       0.07       0.21       0.16       0.27       0.35       0.32       0.28       0.32
       0.02       0.06       0.30       0.25       0.39       0.66       0.66       0.07       0.09
       0.08       0.13       0.33       0.38       0.49       0.58       0.39       0.09       0.10
       0.35       0.39       0.32       0.31       0.34       0.32       0.37       0.36       0.23
    950400    9   13
       3.06       2.54       0.79       0.64       0.57       0.36       0.39       0.41       0.57
       1.02       2.41       0.79       0.59       0.32       0.26       0.30       0.50       0.32
       0.67       0.90       0.57       0.65       0.32       0.11       0.21       0.36       0.31
       1.12       0.92       0.62       0.41       0.38       0.21       0.23       0.26       0.52
       1.11       1.20       0.59       0.28       0.59       0.23       0.44       0.36       0.44
       1.42       1.43       0.67       0.28       0.43       0.39       0.81       0.59       0.48
       1.36       1.33       0.73       0.43       0.60       1.06       0.79       0.51       0.52
       1.18       0.37       0.59       0.78       0.89       0.80       0.69       0.72       0.89
       0.63       0.37       0.83       1.32       0.98       0.78       0.96       0.82       0.74
       0.40       0.49       0.87       0.92       1.00       0.75       0.96       0.93       0.74
       0.46       0.70       0.64       0.58       0.53       0.64       0.81       0.76       0.57
       0.67       0.63       0.58       0.48       0.44       0.39       0.62       0.60       1.28
       0.80       0.23       0.28       0.61       0.45       0.30       0.46       0.49       0.50
   1036800    9   13
       1.09       2.54       0.55       0.20       0.18       0.23       0.23       0.16       0.19
       0.76       0.85       0.39       0.23       0.21       0.20       0.21       0.21       0.17
       0.76       0.48       0.18       0.19       0.51       0.17       0.19       0.22       0.21
       0.89       0.58       0.21       0.26       0.38       0.24       0.31       0.17       0.28
       0.32       1.20       1.13       0.59       0.36       0.45       0.48       0.23       0.22
       0.39       1.24       1.42       1.37       0.53       0.45       0.37       0.25       0.39
       0.44       1.31       1.38       0.63       0.24       0.31       0.35       0.39       0.41
       0.79       1.10       1.08       0.32       0.23       0.30       0.48       0.61       0.54
       1.28       1.20       0.90       1.58       1.53       0.81       0.58       0.87       0.91
       1.97       2.47       1.29       1.46       1.28       0.67       0.71       0.94       1.06
       1.65       1.27       1.07       0.58       0.53       0.56       0.66       1.09       1.05
       0.86       1.00       0.74       0.58       0.55       0.55       0.65       1.06       0.65
       0.65       0.68       0.60       0.61       0.56       0.54       0.63       0.55       0.52
   1123200    9   13
       1.09       0.83       0.30       0.22       0.39       0.16       0.12       0.16       0.34
       2.90       0.32       0.26       0.44       1.40       0.26       0.10       0.15       0.36
       0.39       0.25       0.20       0.39       0.74       0.13       0.09       0.22       0.43
       0.17       0.14       0.10       0.37       0.23       0.06       0.17       0.36       0.17
       0.18       0.06       0.08       0.37       0.16       0.11       0.30       0.17       0.08
       0.14       0.12       0.12       0.23       0.08       0.12       0.18       0.17       0.20
       0.17       0.11       0.11       0.14       0.12       0.08       0.17       0.48       1.67
       0.17       0.07       0.07       0.11       0.20       0.15       0.23       0.37       1.66
       0.75       0.23       0.12       0.14       0.22       0.18       0.28       0.42       0.47
       0.60       0.85       0.60       0.21       0.25       0.22       0.37       0.43       0.43
       0.41       0.75       0.64       0.32       0.53       0.52       0.34       0.39       0.39
       0.43       0.45       0.59       0.43       0.70       0.63       0.65       0.54       0.54
       0.65       0.67       0.69       0.51       0.62       0.52       1.33       0.77       0.52
   1209600    9   13
       0.43       0.39       0.21       0.12       0.10       0.09       0.11       0.13       0.19
       0.32       0.32       0.17       0.08       0.05       0.06       0.17       0.10       0.17
       0.21       0.27       0.14       0.06       0.05       0.07       0.07       0.08       0.08
       0.16       0.15       0.11       0.05       0.03       0.04       0.09       0.08       0.05
       0.18       0.27       0.21       0.22       0.08       0.10       0.28       0.17       0.08
       0.23       0.30       0.39       0.39       0.14       0.29       0.23       0.37       0.45
       0.35       0.83       0.62       0.47       0.21       0.17       0.85       1.54       0.99
       0.95       0.75       0.50       0.57       0.18       0.13       0.81       1.55       0.51
       1.28       0.39       0.34       0.23       0.19       0.31       0.37       0.37       0.31
       0.97       0.90       0.38       0.18       0.21       0.37       0.44       0.22       0.20
       0.69       0.70       0.36       0.16       0.23       0.29       0.30       0.25       0.18
       0.60       0.41       0.38       0.18       0.37       0.32       0.34       0.41       0.39
       0.47       0.64       0.54       0.22       0.28       0.34       0.40       0.39       0.49
   1296000    9   13
       0.31       0.39       0.32       0.17       0.16       0.18       0.16       0.14       0.32
       0.33       0.33       0.21       0.16       0.16       0.10       0.11       0.18       0.27
       0.37       0.19       0.11       0.12       0.08       0.05       0.10       0.18       0.11
       0.29       0.18       0.10       0.10       0.02       0.04       0.12       0.12       0.07
       0.20       0.20       0.10       0.08       0.05       0.10       0.15       0.07       0.07
       0.31       0.23       0.15       0.07       0.06       0.10       0.12       0.12       0.09
       0.30       0.30       0.18       0.08       0.07       0.10       0.16       0.12       0.10
       0.43       0.33       0.18       0.11       0.13       0.16       0.20       0.21       0.12
       0.47       0.37       0.34       0.20       0.24       0.28       0.31       0.39       0.18
       0.75       0.38       0.38       0.36       0.23       0.65       0.71       0.42       0.17
       0.47       0.32       0.43       0.24       0.26       0.66       0.69       0.26       0.14
       0.38       0.31       0.38       0.26       0.23       0.26       0.27       0.17       0.17
       0.29       0.32       0.24       0.20       0.23       0.19       0.15       0.16       0.18
