         0    9   13
       0.14       0.11       0.14       0.31       0.16       0.09       0.20       0.16       0.09
       0.15       0.07       0.11       0.14       0.08       0.17       0.35       0.19       0.04
       0.10       0.11       0.13       0.16       0.11       0.14       0.25       0.09       0.09
       0.04       0.09       0.18       0.14       0.11       0.14       0.16       0.11       0.10
       0.06       0.10       0.11       0.09       0.09       0.15       0.21       0.19       0.26
       0.09       0.04       0.06       0.07       0.07       0.15       0.14       0.11       0.12
       0.06       0.02       0.01       0.01       0.05       0.07       0.06       0.07       0.10
       0.02       0.01       0.02       0.01       0.02       0.02       0.03       0.03       0.06
       0.00       0.01       0.00       0.00       0.00       0.01       0.00       0.01       0.03
       0.01       0.01       0.00       0.00       0.00       0.00       0.00       0.01       0.04
       0.00       0.00       0.00       0.01       0.00       0.00       0.00       0.01       0.00
       0.00       0.00       0.00       0.00       0.00       0.00       0.00       0.03       0.02
       0.00       0.00       0.00       0.00       0.00       0.01       0.00       0.01       0.02
     86400    9   13
       0.08       0.19       0.06       0.07       0.17       0.13       0.16       0.10       0.07
       0.02       0.07       0.03       0.03       0.02       0.09       0.11       0.11       0.09
       0.07       0.10       0.01       0.04       0.04       0.12       0.17       0.13       0.13
       0.04       0.12       0.07       0.04       0.08       0.10       0.18       0.18       0.16
       0.03       0.07       0.20       0.03       0.13       0.09       0.10       0.13       0.11
       0.03       0.06       0.11       0.02       0.11       0.11       0.06       0.11       0.14
       0.02       0.03       0.02       0.03       0.05       0.10       0.07       0.09       0.13
       0.02       0.00       0.01       0.08       0.10       0.09       0.08       0.06       0.09
       0.00       0.01       0.00       0.03       0.02       0.06       0.04       0.04       0.05
       0.01       0.01       0.00       0.01       0.02       0.05       0.05       0.03       0.00
       0.00       0.00       0.00       0.03       0.11       0.07       0.05       0.05       0.03
       0.01       0.00       0.01       0.04       0.16       0.14       0.09       0.08       0.07
       0.11       0.08       0.10       0.14       0.06       0.02       0.08       0.05       0.08
    172800    9   13
       0.33       0.16       0.10       0.13       0.30       0.36       0.31       0.32       0.47
       0.30       0.27       0.15       0.17       0.19       0.32       0.40       0.40       0.30
       0.26       0.17       0.12       0.10       0.11       0.14       0.20       0.24       0.18
       0.29       0.21       0.06       0.05       0.06       0.09       0.18       0.26       0.34
       0.27       0.17       0.08       0.08       0.11       0.10       0.39       0.58       0.34
       0.14       0.11       0.06       0.07       0.21       0.36       0.35       0.51       0.29
       0.11       0.15       0.14       0.22       0.37       0.38       0.44       0.37       0.33
       0.09       0.13       0.21       0.44       0.86       0.44       0.37       0.32       0.40
       0.19       0.36       0.30       0.40       0.51       0.43       0.30       0.35       0.61
       0.51       0.75       0.71       0.37       0.31       0.41       0.31       0.42       0.66
       0.35       0.52       0.78       0.87       0.30       0.31       0.31       0.37       0.48
       0.31       0.45       0.49       0.43       0.27       0.30       0.37       0.40       0.40
       0.13       0.22       0.35       0.27       0.12       0.17       0.28       0.31       0.39
    259200    9   13
       0.12       0.10       0.11       0.03       0.04       0.11       0.16       0.11       0.09
       0.08       0.05       0.01       0.04       0.05       0.09       0.11       0.12       0.07
       0.06       0.05       0.01       0.01       0.03       0.10       0.08       0.11       0.06
       0.05       0.02       0.01       0.01       0.02       0.15       0.16       0.08       0.05
       0.01       0.00       0.00       0.01       0.05       0.12       0.13       0.05       0.07
       0.02       0.03       0.01       0.04       0.04       0.10       0.10       0.06       0.11
       0.08       0.07       0.05       0.08       0.06       0.10       0.12       0.12       0.18
       0.12       0.10       0.05       0.13       0.12       0.10       0.14       0.12       0.17
       0.16       0.17       0.20       0.23       0.26       0.12       0.14       0.12       0.16
       0.19       0.26       0.28       0.37       0.40       0.12       0.11       0.12       0.15
       0.30       0.32       0.47       0.51       0.32       0.26       0.18       0.14       0.14
       0.45       0.51       0.48       0.44       0.31       0.17       0.26       0.22       0.18
       0.54       0.58       0.51       0.52       0.30       0.12       0.25       0.19       0.22
    345600    9   13
       0.24       0.15       0.17       0.18       0.11       0.17       0.21       0.12       0.10
       0.27       0.13       0.15       0.18       0.27       0.42       0.23       0.23       0.22
       0.20       0.13       0.18       0.17       0.18       0.31       0.15       0.15       0.22
       0.14       0.20       0.36       0.27       0.19       0.26       0.16       0.11       0.13
       0.21       0.29       0.31       0.18       0.19       0.31       0.15       0.16       0.21
       0.31       0.29       0.12       0.04       0.07       0.11       0.11       0.23       0.45
       0.30       0.17       0.08       0.02       0.05       0.12       0.20       0.40       0.48
       0.17       0.04       0.02       0.01       0.08       0.31       0.47       0.51       0.78
       0.10       0.03       0.02       0.01       0.09       0.22       0.59       0.64       0.79
       0.05       0.04       0.04       0.03       0.08       0.23       0.54       0.52       0.38
       0.10       0.12       0.12       0.05       0.05       0.13       0.31       0.37       0.26
       0.19       0.11       0.15       0.05       0.08       0.14       0.37       0.52       0.40
       0.29       0.21       0.21       0.07       0.05       0.06       0.27       0.25       0.24
    432000    9   13
       0.14       0.08       0.09       0.13       0.09       0.07       0.08       0.05       0.04
       0.15       0.06       0.06       0.04       0.05       0.13       0.10       0.09       0.07
       0.17       0.07       0.06       0.03       0.01       0.06       0.14       0.10       0.11
       0.17       0.11       0.07       0.02       0.01       0.11       0.20       0.13       0.12
       0.14       0.17       0.09       0.07       0.03       0.30       0.41       0.18       0.18
       0.31       0.29       0.19       0.09       0.05       0.38       0.39       0.31       0.32
       0.51       0.34       0.31       0.11       0.18       0.38       0.55       0.50       0.44
       0.51       0.37       0.19       0.19       0.35       0.48       0.38       0.38       0.46
       0.51       0.44       0.18       0.32       0.46       0.46       0.30       0.28       0.38
       0.48       0.34       0.17       0.27       0.43       0.33       0.22       0.14       0.29
       0.32       0.28       0.22       0.31       0.27       0.33       0.28       0.17       0.40
       0.31       0.34       0.35       0.35       0.31       0.17       0.25       0.31       0.33
       0.38       0.30       0.29       0.35       0.29       0.09       0.26       0.32       0.32
    518400    9   13
       0.14       0.13       0.10       0.17       0.20       0.11       0.16       0.11       0.09
       0.12       0.16       0.17       0.23       0.19       0.33       0.35       0.18       0.09
       0.20       0.30       0.34       0.15       0.16       0.39       0.17       0.10       0.10
       0.26       0.28       0.58       0.62       0.51       0.29       0.17       0.13       0.08
       0.25       0.27       0.52       0.56       0.82       0.61       0.52       0.34       0.26
       0.28       0.17       0.66       0.54       0.47       0.69       0.57       0.51       0.41
       0.46       0.22       0.40       0.34       0.44       0.49       0.44       0.44       0.37
       0.25       0.29       0.21       0.24       0.39       0.44       0.41       0.33       0.37
       0.32       0.40       0.37       0.38       0.46       0.56       0.48       0.46       0.40
       0.65       0.72       1.25       0.72       0.44       0.72       0.61       0.56       0.48
       0.68       0.96       1.03       0.75       0.46       0.33       0.35       0.45       0.38
       0.96       1.20       0.74       0.51       0.31       0.27       0.34       0.30       0.16
       0.75       0.78       0.74       0.70       0.46       0.27       0.38       0.32       0.17
    604800    9   13
       0.00       0.00       0.04       0.11       0.16       0.13       0.14       0.15       0.13
       0.00       0.00       0.01       0.01       0.04       0.06       0.10       0.10       0.11
       0.00       0.00       0.00       0.00       0.03       0.04       0.03       0.05       0.13
       0.01       0.00       0.00       0.00       0.01       0.01       0.03       0.08       0.12
       0.01       0.00       0.00       0.00       0.00       0.01       0.11       0.06       0.05
       0.01       0.02       0.01       0.00       0.00       0.01       0.08       0.06       0.07
       0.02       0.03       0.01       0.00       0.00       0.02       0.05       0.05       0.06
       0.01       0.00       0.00       0.00       0.00       0.02       0.04       0.04       0.03
       0.00       0.00       0.00       0.00       0.00       0.01       0.02       0.01       0.01
       0.03       0.01       0.01       0.00       0.00       0.00       0.01       0.01       0.00
       0.10       0.09       0.01       0.01       0.00       0.01       0.01       0.03       0.04
       0.13       0.09       0.02       0.01       0.00       0.00       0.00       0.10       0.07
       0.17       0.14       0.04       0.02       0.02       0.01       0.00       0.02       0.09
    691200    9   13
       0.02       0.09       0.09       0.04       0.02       0.05       0.09       0.05       0.03
       0.02       0.06       0.09       0.04       0.04       0.04       0.05       0.04       0.05
       0.15       0.09       0.09       0.10       0.15       0.12       0.09       0.02       0.06
       0.14       0.16       0.12       0.03       0.10       0.17       0.13       0.04       0.13
       0.31       0.30       0.21       0.08       0.19       0.14       0.10       0.05       0.10
       0.10       0.17       0.21       0.06       0.16       0.11       0.10       0.07       0.07
       0.16       0.12       0.15       0.13       0.17       0.09       0.05       0.05       0.07
       0.23       0.12       0.14       0.43       0.23       0.08       0.04       0.04       0.07
       0.16       0.25       0.30       0.40       0.12       0.08       0.04       0.09       0.12
       0.19       0.15       0.17       0.33       0.11       0.14       0.07       0.19       0.15
       0.27       0.24       0.19       0.18       0.12       0.13       0.11       0.23       0.26
       0.28       0.31       0.29       0.22       0.11       0.14       0.15       0.14       0.17
       0.27       0.21       0.31       0.32       0.23       0.11       0.05       0.07       0.06
    777600    9   13
       0.57       0.62       0.45       0.50       0.73       1.26       1.48       1.41       1.34
       0.16       0.27       0.18       0.42       0.63       0.73       0.90       0.83       1.05
       0.00       0.01       0.02       0.13       0.26       0.36       0.43       0.43       0.63
       0.00       0.00       0.00       0.00       0.13       0.11       0.21       0.30       0.32
       0.00       0.00       0.02       0.01       0.04       0.07       0.15       0.14       0.08
       0.00       0.00       0.02       0.04       0.14       0.06       0.11       0.13       0.05
       0.00       0.00       0.03       0.04       0.13       0.06       0.10       0.10       0.09
       0.00       0.01       0.03       0.19       0.11       0.10       0.11       0.05       0.08
       0.01       0.01       0.16       0.42       0.17       0.18       0.17       0.02       0.03
       0.00       0.02       0.19       0.30       0.10       0.20       0.10       0.01       0.00
       0.00       0.01       0.07       0.08       0.09       0.09       0.06       0.02       0.00
       0.01       0.00       0.00       0.00       0.03       0.02       0.02       0.03       0.02
       0.00       0.00       0.00       0.01       0.00       0.00       0.00       0.03       0.01
    864000    9   13
       0.16       0.13       0.15       0.20       0.23       0.22       0.19       0.24       0.35
       0.01       0.09       0.16       0.16       0.22       0.21       0.19       0.25       0.39
       0.01       0.05       0.09       0.14       0.14       0.08       0.10       0.18       0.14
       0.12       0.22       0.17       0.05       0.09       0.08       0.13       0.12       0.07
       0.50       0.76       0.53       0.23       0.27       0.13       0.18       0.14       0.05
       0.60       0.79       0.90       0.43       0.76       0.13       0.11       0.11       0.04
       0.35       0.72       0.79       0.48       0.40       0.16       0.16       0.11       0.08
       0.17       0.56       0.56       0.70       0.36       0.20       0.18       0.14       0.14
       0.16       0.65       0.47       0.77       0.69       0.23       0.26       0.23       0.18
       0.32       0.63       0.74       0.78       0.92       0.41       0.28       0.16       0.08
       0.32       0.52       0.71       0.97       0.93       0.83       0.34       0.24       0.22
       0.16       0.30       0.72       0.63       0.68       0.66       0.52       0.19       0.12
       0.10       0.10       0.30       0.50       0.30       0.44       0.28       0.09       0.08
    950400    9   13
       0.70       0.46       0.37       0.06       0.03       0.19       0.09       0.29       0.32
       0.63       0.49       0.32       0.02       0.09       0.17       0.12       0.24       0.24
       0.34       0.53       0.26       0.02       0.19       0.21       0.32       0.35       0.20
       0.34       0.47       0.23       0.11       0.37       0.13       0.39       0.41       0.37
       0.30       0.43       0.34       0.39       0.36       0.18       0.44       0.46       0.50
       0.29       0.35       0.40       0.47       0.43       0.33       0.47       0.48       0.39
       0.21       0.33       0.38       0.48       0.60       0.35       0.42       0.43       0.40
       0.25       0.20       0.40       0.40       0.36       0.22       0.30       0.32       0.31
       0.09       0.10       0.22       0.26       0.20       0.16       0.25       0.28       0.21
       0.04       0.12       0.27       0.63       0.31       0.14       0.16       0.14       0.06
       0.04       0.13       0.33       0.71       0.72       0.32       0.22       0.10       0.04
       0.03       0.13       0.24       0.62       0.70       0.61       0.66       0.39       0.25
       0.08       0.13       0.29       0.53       0.57       0.76       0.99       0.44       0.31
   1036800    9   13
       0.70       0.54       0.70       0.85       1.07       0.60       0.62       0.67       0.76
       0.32       0.27       0.56       0.91       1.14       0.68       0.59       0.78       0.82
       0.17       0.33       0.40       0.88       1.25       0.62       0.83       0.62       0.72
       0.14       0.22       0.22       0.70       0.38       0.32       0.50       0.48       0.56
       0.11       0.07       0.04       0.22       0.16       0.13       0.19       0.29       0.43
       0.10       0.08       0.02       0.02       0.11       0.11       0.11       0.19       0.34
       0.11       0.06       0.03       0.02       0.10       0.10       0.13       0.20       0.22
       0.06       0.02       0.05       0.07       0.13       0.13       0.14       0.21       0.16
       0.07       0.03       0.07       0.10       0.10       0.12       0.14       0.10       0.10
       0.08       0.10       0.11       0.06       0.13       0.09       0.10       0.03       0.05
       0.08       0.12       0.13       0.08       0.08       0.03       0.02       0.03       0.04
       0.03       0.10       0.13       0.11       0.11       0.09       0.08       0.02       0.01
       0.00       0.05       0.13       0.15       0.12       0.12       0.13       0.11       0.08
   1123200    9   13
       0.57       0.62       0.72       0.51       0.21       0.21       0.27       0.22       0.20
       0.42       0.44       0.48       0.41       0.34       0.26       0.16       0.18       0.21
       0.16       0.17       0.31       0.42       0.35       0.25       0.23       0.22       0.12
       0.16       0.13       0.13       0.31       0.16       0.11       0.21       0.23       0.16
       0.08       0.07       0.03       0.03       0.04       0.06       0.11       0.22       0.25
       0.07       0.06       0.01       0.00       0.01       0.08       0.08       0.09       0.13
       0.11       0.07       0.01       0.01       0.02       0.08       0.09       0.09       0.09
       0.03       0.02       0.01       0.03       0.04       0.13       0.12       0.08       0.07
       0.03       0.05       0.07       0.07       0.05       0.08       0.11       0.11       0.06
       0.10       0.10       0.08       0.09       0.08       0.12       0.25       0.16       0.20
       0.05       0.02       0.02       0.08       0.04       0.09       0.11       0.15       0.27
       0.00       0.00       0.01       0.02       0.03       0.00       0.01       0.03       0.18
       0.00       0.00       0.02       0.03       0.02       0.02       0.08       0.06       0.10
   1209600    9   13
       0.09       0.03       0.03       0.05       0.06       0.10       0.15       0.16       0.19
       0.08       0.04       0.03       0.05       0.06       0.08       0.11       0.12       0.16
       0.13       0.03       0.06       0.10       0.07       0.04       0.09       0.11       0.09
       0.18       0.03       0.03       0.13       0.10       0.17       0.32       0.19       0.17
       0.08       0.01       0.02       0.06       0.08       0.15       0.33       0.32       0.30
       0.03       0.02       0.01       0.02       0.04       0.03       0.11       0.19       0.20
       0.03       0.02       0.01       0.03       0.04       0.04       0.05       0.10       0.11
       0.01       0.01       0.03       0.17       0.20       0.13       0.11       0.14       0.15
       0.01       0.04       0.07       0.10       0.08       0.04       0.09       0.17       0.16
       0.01       0.02       0.08       0.11       0.05       0.06       0.10       0.16       0.16
       0.01       0.06       0.10       0.12       0.05       0.04       0.02       0.05       0.12
       0.00       0.01       0.05       0.09       0.07       0.01       0.01       0.00       0.01
       0.00       0.00       0.04       0.08       0.06       0.01       0.03       0.00       0.00
   1296000    9   13
       0.46       0.64       0.28       0.21       0.67       0.56       0.47       0.64       0.56
       0.24       0.45       0.33       0.24       0.37       0.32       0.42       0.50       0.51
       0.19       0.21       0.23       0.13       0.28       0.38       0.44       0.43       0.38
       0.07       0.09       0.22       0.26       0.35       0.37       0.58       0.30       0.28
       0.03       0.07       0.11       0.13       0.16       0.20       0.43       0.26       0.34
       0.09       0.22       0.06       0.03       0.07       0.10       0.14       0.28       0.19
       0.15       0.17       0.03       0.03       0.10       0.22       0.07       0.16       0.13
       0.13       0.19       0.22       0.21       0.10       0.13       0.06       0.08       0.11
       0.16       0.32       0.44       0.32       0.17       0.12       0.09       0.10       0.13
       0.13       0.21       0.25       0.18       0.07       0.22       0.21       0.17       0.11
       0.02       0.04       0.08       0.09       0.04       0.05       0.08       0.07       0.06
       0.01       0.02       0.02       0.01       0.02       0.00       0.00       0.02       0.02
       0.00       0.01       0.02       0.00       0.01       0.00       0.00       0.00       0.02
