         0    9   13
       0.35       0.45       0.51       0.48       0.52       0.43       0.52       0.60       0.30
       0.30       0.52       0.55       0.37       0.46       0.55       0.62       0.58       0.30
       0.20       0.57       0.74       0.52       0.46       0.58       0.61       0.58       0.52
       0.50       0.48       0.66       0.40       0.33       0.55       0.58       0.57       0.66
       0.36       0.30       0.50       0.17       0.24       0.59       0.49       0.50       0.62
       0.17       0.18       0.03       0.14       0.31       0.39       0.46       0.44       0.53
       0.10       0.11       0.02       0.09       0.17       0.35       0.41       0.46       0.55
       0.15       0.11       0.04       0.11       0.17       0.31       0.33       0.50       0.52
       0.30       0.28       0.14       0.22       0.19       0.28       0.32       0.54       0.58
       0.10       0.26       0.27       0.24       0.17       0.22       0.29       0.48       0.60
       0.16       0.26       0.29       0.21       0.24       0.24       0.07       0.26       0.53
       0.08       0.18       0.21       0.24       0.18       0.13       0.06       0.13       0.44
       0.20       0.25       0.46       0.40       0.20       0.09       0.07       0.14       0.39
     86400    9   13
       0.08       0.45       0.69       0.75       0.91       0.57       0.53       0.46       0.42
       0.03       0.29       0.43       0.56       0.67       0.64       0.61       0.60       0.66
       0.01       0.33       0.47       0.31       0.31       0.53       0.52       0.66       0.65
       0.00       0.10       0.35       0.24       0.38       0.76       1.29       0.84       0.69
       0.11       0.08       0.03       0.23       0.34       0.58       0.78       0.80       0.57
       0.22       0.04       0.01       0.07       0.16       0.35       0.32       0.46       0.47
       0.20       0.22       0.12       0.24       0.27       0.24       0.31       0.36       0.32
       0.41       0.08       0.03       0.13       0.24       0.24       0.31       0.39       0.40
       0.61       0.50       0.26       0.13       0.31       0.25       0.30       0.52       0.55
       0.82       0.73       0.52       0.32       0.20       0.24       0.23       0.34       0.71
       0.52       0.58       0.48       0.26       0.17       0.26       0.19       0.45       0.95
       0.63       0.57       0.48       0.17       0.11       0.23       0.29       0.45       0.75
       0.57       0.52       0.46       0.30       0.19       0.46       0.46       0.29       0.46
    172800    9   13
       0.16       0.15       0.06       0.06       0.01       0.03       0.02       0.02       0.04
       0.30       0.30       0.16       0.22       0.12       0.04       0.04       0.03       0.06
       0.39       0.52       0.20       0.19       0.18       0.10       0.05       0.08       0.04
       0.29       0.20       0.10       0.12       0.20       0.21       0.14       0.14       0.13
       0.31       0.09       0.07       0.06       0.17       0.17       0.24       0.22       0.13
       0.35       0.27       0.03       0.04       0.24       0.24       0.26       0.28       0.14
       0.40       0.48       0.21       0.17       0.30       0.23       0.18       0.19       0.24
       0.60       0.53       0.36       0.40       0.48       0.37       0.38       0.34       0.31
       0.73       0.66       0.55       0.57       0.65       0.58       0.56       0.54       0.40
       0.82       0.68       0.64       0.54       0.52       0.46       0.52       0.69       0.60
       0.71       0.69       0.60       0.54       0.47       0.45       0.38       0.44       0.33
       0.82       0.95       0.55       0.36       0.34       0.50       0.35       0.23       0.14
       1.15       0.95       0.54       0.16       0.16       0.18       0.16       0.14       0.10
    259200    9   13
       0.08       0.06       0.01       0.02       0.02       0.03       0.02       0.05       0.05
       0.10       0.16       0.01       0.00       0.03       0.00       0.03       0.06       0.07
       0.28       0.29       0.13       0.17       0.12       0.05       0.04       0.07       0.05
       0.40       0.33       0.31       0.48       0.32       0.14       0.11       0.14       0.14
       0.30       0.22       0.18       0.37       0.48       0.17       0.26       0.35       0.30
       0.19       0.21       0.12       0.15       0.29       0.18       0.24       0.25       0.19
       0.25       0.23       0.20       0.16       0.15       0.14       0.22       0.10       0.04
       0.56       0.45       0.28       0.25       0.19       0.28       0.33       0.22       0.10
       0.53       0.53       0.56       0.46       0.40       0.47       0.51       0.33       0.15
       0.31       0.47       0.55       0.43       0.30       0.43       0.53       0.55       0.35
       0.41       0.34       0.26       0.21       0.24       0.31       0.37       0.67       0.52
       0.43       0.38       0.17       0.11       0.12       0.17       0.34       0.45       0.52
       0.15       0.28       0.45       0.19       0.13       0.13       0.52       0.55       0.50
    345600    9   13
       0.04       0.02       0.04       0.07       0.03       0.05       0.09       0.05       0.04
       0.09       0.10       0.05       0.18       0.11       0.11       0.05       0.05       0.04
       0.14       0.15       0.14       0.19       0.23       0.08       0.02       0.02       0.03
       0.15       0.19       0.17       0.23       0.22       0.13       0.06       0.11       0.07
       0.34       0.28       0.18       0.06       0.15       0.14       0.17       0.22       0.15
       0.34       0.23       0.01       0.04       0.11       0.10       0.12       0.14       0.08
       0.24       0.19       0.09       0.13       0.10       0.05       0.12       0.10       0.05
       0.29       0.08       0.05       0.08       0.03       0.05       0.16       0.17       0.08
       0.45       0.23       0.12       0.09       0.02       0.09       0.26       0.26       0.16
       0.40       0.46       0.31       0.14       0.06       0.10       0.19       0.31       0.24
       0.12       0.39       0.53       0.29       0.21       0.17       0.17       0.31       0.36
       0.52       0.51       0.38       0.46       0.47       0.35       0.22       0.35       0.44
       0.57       0.52       0.44       0.25       0.13       0.24       0.30       0.30       0.49
    432000    9   13
       0.00       0.01       0.03       0.01       0.07       0.08       0.04       0.02       0.05
       0.00       0.03       0.02       0.01       0.04       0.00       0.01       0.00       0.04
       0.00       0.12       0.12       0.14       0.06       0.02       0.01       0.01       0.03
       0.00       0.06       0.07       0.13       0.07       0.09       0.01       0.00       0.02
       0.01       0.03       0.04       0.01       0.09       0.09       0.01       0.05       0.05
       0.04       0.03       0.08       0.04       0.04       0.11       0.06       0.08       0.13
       0.05       0.05       0.11       0.06       0.14       0.14       0.08       0.13       0.15
       0.07       0.01       0.04       0.08       0.12       0.15       0.08       0.10       0.09
       0.01       0.05       0.03       0.10       0.14       0.13       0.05       0.07       0.09
       0.05       0.07       0.07       0.08       0.14       0.11       0.04       0.02       0.05
       0.09       0.11       0.12       0.12       0.14       0.11       0.07       0.07       0.13
       0.04       0.11       0.22       0.21       0.14       0.14       0.10       0.10       0.16
       0.05       0.09       0.12       0.12       0.19       0.12       0.13       0.10       0.17
    518400    9   13
       0.01       0.00       0.00       0.04       0.10       0.20       0.32       0.40       0.52
       0.01       0.00       0.00       0.02       0.10       0.17       0.30       0.41       0.56
       0.04       0.01       0.02       0.05       0.03       0.11       0.14       0.26       0.29
       0.02       0.00       0.00       0.02       0.02       0.11       0.20       0.25       0.18
       0.03       0.00       0.01       0.02       0.02       0.08       0.12       0.10       0.08
       0.13       0.09       0.12       0.14       0.12       0.18       0.25       0.24       0.12
       0.40       0.32       0.39       0.31       0.25       0.28       0.29       0.23       0.19
       0.41       0.42       0.37       0.40       0.39       0.46       0.38       0.38       0.48
       0.37       0.42       0.43       0.53       0.56       0.56       0.51       0.52       0.60
       0.35       0.42       0.50       0.53       0.77       0.79       0.81       0.82       0.88
       0.48       0.55       0.47       0.52       0.55       0.86       0.97       0.87       0.68
       0.76       0.57       0.50       0.47       0.56       0.83       1.00       0.95       0.83
       0.88       0.59       0.55       0.60       0.69       0.88       1.07       0.85       0.68
    604800    9   13
       0.00       0.00       0.00       0.00       0.01       0.05       0.06       0.07       0.10
       0.00       0.01       0.00       0.00       0.00       0.03       0.05       0.06       0.13
       0.01       0.00       0.00       0.01       0.03       0.03       0.06       0.09       0.15
       0.04       0.13       0.11       0.14       0.20       0.12       0.18       0.22       0.16
       0.14       0.28       0.10       0.14       0.17       0.09       0.13       0.15       0.16
       0.24       0.21       0.03       0.09       0.06       0.06       0.11       0.14       0.12
       0.11       0.08       0.01       0.04       0.06       0.05       0.23       0.22       0.28
       0.11       0.01       0.01       0.09       0.14       0.26       0.35       0.30       0.26
       0.14       0.01       0.05       0.11       0.20       0.40       0.51       0.31       0.22
       0.39       0.12       0.03       0.00       0.05       0.25       0.41       0.31       0.24
       0.61       0.24       0.04       0.00       0.00       0.11       0.26       0.41       0.31
       0.55       0.39       0.17       0.02       0.05       0.07       0.21       0.40       0.35
       0.48       0.47       0.35       0.08       0.03       0.04       0.08       0.22       0.30
    691200    9   13
       0.01       0.00       0.00       0.01       0.02       0.03       0.05       0.05       0.06
       0.01       0.01       0.00       0.02       0.02       0.03       0.04       0.07       0.06
       0.01       0.04       0.02       0.05       0.06       0.03       0.05       0.09       0.05
       0.20       0.05       0.06       0.09       0.11       0.05       0.07       0.11       0.06
       0.11       0.10       0.11       0.16       0.05       0.05       0.11       0.15       0.11
       0.12       0.15       0.13       0.39       0.11       0.06       0.12       0.13       0.11
       0.17       0.16       0.09       0.24       0.11       0.07       0.13       0.09       0.11
       0.24       0.06       0.09       0.14       0.12       0.17       0.18       0.13       0.07
       0.32       0.24       0.16       0.06       0.03       0.15       0.24       0.16       0.07
       0.61       0.55       0.36       0.11       0.03       0.10       0.17       0.16       0.11
       0.77       0.73       0.44       0.21       0.12       0.10       0.12       0.14       0.13
       0.55       0.88       0.45       0.50       0.24       0.25       0.11       0.12       0.24
       0.53       0.45       0.56       0.66       0.22       0.26       0.17       0.14       0.36
    777600    9   13
       0.00       0.00       0.00       0.01       0.02       0.04       0.03       0.03       0.09
       0.00       0.00       0.02       0.02       0.01       0.02       0.03       0.02       0.05
       0.00       0.01       0.06       0.02       0.01       0.02       0.03       0.02       0.01
       0.00       0.00       0.01       0.01       0.03       0.04       0.03       0.01       0.01
       0.00       0.00       0.00       0.00       0.00       0.02       0.01       0.01       0.01
       0.01       0.02       0.01       0.00       0.00       0.01       0.02       0.03       0.01
       0.04       0.07       0.04       0.01       0.02       0.00       0.01       0.01       0.02
       0.03       0.04       0.09       0.03       0.06       0.04       0.00       0.00       0.01
       0.02       0.11       0.03       0.01       0.02       0.03       0.01       0.00       0.00
       0.15       0.09       0.05       0.05       0.05       0.01       0.01       0.00       0.00
       0.20       0.27       0.30       0.16       0.06       0.02       0.00       0.00       0.01
       0.24       0.33       0.33       0.25       0.17       0.13       0.10       0.00       0.00
       0.17       0.26       0.23       0.24       0.54       0.14       0.19       0.09       0.01
    864000    9   13
       0.53       0.59       0.59       0.59       0.87       0.99       0.44       0.24       0.35
       0.44       0.37       0.35       0.54       0.95       1.33       0.53       0.39       0.59
       0.45       0.09       0.24       0.54       0.84       1.16       0.62       0.49       0.70
       0.13       0.06       0.24       0.45       0.45       0.64       0.54       0.42       0.55
       0.13       0.11       0.18       0.44       0.27       0.40       0.69       0.30       0.56
       0.12       0.08       0.11       0.30       0.11       0.47       0.69       0.48       0.38
       0.06       0.06       0.04       0.12       0.14       0.25       0.30       0.24       0.28
       0.02       0.00       0.01       0.10       0.21       0.22       0.24       0.17       0.17
       0.00       0.00       0.00       0.02       0.03       0.07       0.08       0.07       0.07
       0.00       0.00       0.00       0.01       0.00       0.02       0.01       0.01       0.06
       0.00       0.00       0.00       0.00       0.01       0.00       0.00       0.00       0.03
       0.02       0.01       0.00       0.00       0.02       0.00       0.00       0.00       0.00
       0.03       0.02       0.01       0.01       0.06       0.07       0.10       0.10       0.04
    950400    9   13
       0.00       0.00       0.00       0.01       0.02       0.03       0.05       0.13       0.09
       0.00       0.00       0.00       0.00       0.02       0.01       0.03       0.10       0.10
       0.00       0.00       0.00       0.00       0.00       0.01       0.01       0.04       0.05
       0.00       0.00       0.00       0.01       0.00       0.00       0.01       0.01       0.02
       0.00       0.01       0.01       0.00       0.00       0.00       0.03       0.03       0.02
       0.01       0.02       0.01       0.00       0.00       0.00       0.01       0.04       0.04
       0.04       0.07       0.02       0.00       0.00       0.00       0.01       0.02       0.09
       0.05       0.08       0.03       0.02       0.01       0.01       0.02       0.04       0.08
       0.04       0.04       0.08       0.02       0.02       0.09       0.15       0.12       0.07
       0.20       0.12       0.08       0.05       0.02       0.13       0.26       0.36       0.31
       0.33       0.27       0.23       0.07       0.04       0.11       0.17       0.43       0.20
       0.37       0.24       0.20       0.26       0.14       0.36       0.10       0.51       0.32
       0.53       0.55       0.26       0.33       0.21       0.59       0.10       0.28       0.55
   1036800    9   13
       0.26       0.13       0.03       0.02       0.02       0.03       0.04       0.03       0.06
       0.22       0.18       0.06       0.03       0.04       0.06       0.07       0.07       0.06
       0.05       0.06       0.06       0.07       0.02       0.07       0.04       0.03       0.02
       0.07       0.06       0.05       0.04       0.20       0.36       0.26       0.28       0.06
       0.01       0.02       0.02       0.11       0.18       0.56       0.54       0.55       0.39
       0.02       0.02       0.01       0.00       0.00       0.05       0.07       0.04       0.03
       0.08       0.07       0.02       0.01       0.00       0.04       0.03       0.00       0.01
       0.02       0.01       0.06       0.05       0.04       0.07       0.04       0.00       0.01
       0.00       0.00       0.04       0.02       0.06       0.12       0.09       0.02       0.02
       0.02       0.00       0.02       0.00       0.02       0.20       0.17       0.05       0.01
       0.01       0.01       0.07       0.01       0.02       0.08       0.20       0.10       0.07
       0.03       0.00       0.05       0.05       0.06       0.07       0.10       0.20       0.15
       0.10       0.01       0.04       0.13       0.09       0.08       0.06       0.23       0.21
   1123200    9   13
       0.00       0.00       0.01       0.02       0.01       0.01       0.01       0.02       0.03
       0.00       0.00       0.02       0.03       0.01       0.01       0.01       0.02       0.02
       0.00       0.00       0.06       0.04       0.03       0.01       0.01       0.01       0.01
       0.00       0.01       0.03       0.03       0.02       0.00       0.01       0.02       0.01
       0.01       0.01       0.00       0.01       0.02       0.00       0.01       0.01       0.02
       0.01       0.02       0.00       0.00       0.00       0.00       0.02       0.01       0.01
       0.02       0.02       0.00       0.00       0.00       0.00       0.01       0.00       0.00
       0.01       0.00       0.00       0.00       0.00       0.00       0.00       0.00       0.00
       0.00       0.00       0.00       0.00       0.00       0.00       0.00       0.00       0.00
       0.00       0.00       0.00       0.00       0.00       0.00       0.00       0.00       0.00
       0.00       0.00       0.00       0.00       0.00       0.00       0.00       0.00       0.00
       0.01       0.00       0.00       0.00       0.00       0.00       0.00       0.01       0.00
       0.00       0.00       0.00       0.00       0.00       0.00       0.00       0.00       0.00
   1209600    9   13
       0.19       0.04       0.02       0.03       0.01       0.00       0.01       0.02       0.03
       0.00       0.01       0.02       0.01       0.01       0.01       0.01       0.03       0.03
       0.00       0.00       0.03       0.01       0.00       0.00       0.01       0.06       0.04
       0.00       0.00       0.00       0.00       0.01       0.00       0.02       0.05       0.03
       0.00       0.00       0.00       0.00       0.00       0.01       0.02       0.03       0.02
       0.01       0.01       0.00       0.00       0.00       0.00       0.00       0.02       0.02
       0.01       0.02       0.00       0.00       0.00       0.00       0.00       0.00       0.00
       0.01       0.00       0.00       0.00       0.00       0.00       0.00       0.00       0.00
       0.00       0.00       0.00       0.00       0.00       0.00       0.00       0.00       0.00
       0.01       0.00       0.00       0.00       0.00       0.00       0.00       0.00       0.00
       0.01       0.00       0.00       0.00       0.00       0.00       0.00       0.00       0.00
       0.01       0.00       0.00       0.00       0.00       0.00       0.00       0.00       0.00
       0.00       0.00       0.00       0.00       0.00       0.00       0.00       0.00       0.00
   1296000    9   13
       0.00       0.00       0.00       0.00       0.00       0.01       0.01       0.02       0.03
       0.01       0.00       0.00       0.00       0.00       0.01       0.02       0.02       0.02
       0.01       0.01       0.00       0.00       0.00       0.00       0.02       0.02       0.01
       0.00       0.00       0.00       0.00       0.03       0.00       0.02       0.02       0.00
       0.00       0.00       0.00       0.00       0.02       0.00       0.01       0.02       0.01
       0.01       0.01       0.00       0.00       0.00       0.00       0.01       0.01       0.01
       0.04       0.04       0.01       0.00       0.00       0.00       0.01       0.00       0.00
       0.02       0.00       0.00       0.00       0.00       0.00       0.00       0.00       0.00
       0.00       0.00       0.01       0.00       0.00       0.00       0.00       0.00       0.00
       0.01       0.00       0.00       0.00       0.00       0.00       0.00       0.00       0.00
       0.01       0.00       0.00       0.00       0.00       0.00       0.00       0.00       0.00
       0.01       0.00       0.00       0.00       0.00       0.00       0.00       0.00       0.00
       0.00       0.00       0.00       0.00       0.00       0.00       0.00       0.00       0.00
