         0    9   13
       0.27       0.30       0.18       0.18       0.11       0.11       0.18       0.13       0.15
       0.04       0.08       0.19       0.13       0.08       0.07       0.10       0.07       0.11
       0.01       0.03       0.16       0.09       0.10       0.05       0.07       0.10       0.11
       0.04       0.03       0.06       0.05       0.16       0.10       0.12       0.25       0.24
       0.04       0.01       0.03       0.06       0.13       0.11       0.16       0.28       0.27
       0.03       0.04       0.02       0.03       0.08       0.12       0.14       0.23       0.09
       0.07       0.07       0.06       0.04       0.09       0.11       0.18       0.19       0.04
       0.09       0.10       0.09       0.04       0.09       0.10       0.08       0.10       0.02
       0.06       0.12       0.09       0.02       0.02       0.01       0.01       0.00       0.00
       0.12       0.17       0.08       0.02       0.02       0.00       0.00       0.00       0.00
       0.23       0.36       0.13       0.05       0.04       0.02       0.00       0.00       0.00
       0.25       0.36       0.28       0.15       0.12       0.07       0.02       0.01       0.00
       0.22       0.25       0.17       0.18       0.18       0.08       0.05       0.01       0.00
     86400    9   13
       0.09       0.08       0.04       0.11       0.13       0.20       0.13       0.08       0.11
       0.13       0.09       0.09       0.11       0.14       0.18       0.15       0.13       0.19
       0.03       0.06       0.14       0.14       0.14       0.23       0.16       0.11       0.20
       0.10       0.16       0.28       0.21       0.31       0.29       0.12       0.11       0.23
       0.14       0.23       0.28       0.13       0.30       0.19       0.07       0.06       0.05
       0.20       0.22       0.15       0.13       0.33       0.12       0.07       0.06       0.02
       0.36       0.24       0.17       0.07       0.08       0.03       0.03       0.02       0.00
       0.36       0.15       0.08       0.02       0.00       0.01       0.01       0.01       0.00
       0.16       0.21       0.09       0.01       0.00       0.00       0.00       0.00       0.00
       0.20       0.26       0.16       0.09       0.02       0.00       0.00       0.00       0.00
       0.19       0.13       0.13       0.12       0.01       0.00       0.00       0.00       0.00
       0.19       0.30       0.25       0.12       0.04       0.03       0.00       0.00       0.00
       0.17       0.24       0.24       0.16       0.10       0.04       0.00       0.00       0.00
    172800    9   13
       0.03       0.02       0.01       0.01       0.01       0.01       0.02       0.03       0.04
       0.09       0.05       0.03       0.04       0.01       0.01       0.02       0.03       0.03
       0.03       0.01       0.02       0.02       0.01       0.02       0.01       0.02       0.01
       0.06       0.03       0.03       0.04       0.04       0.03       0.02       0.02       0.02
       0.19       0.08       0.09       0.09       0.05       0.05       0.02       0.03       0.02
       0.25       0.17       0.12       0.07       0.09       0.11       0.09       0.10       0.02
       0.18       0.16       0.11       0.12       0.11       0.12       0.09       0.10       0.03
       0.20       0.13       0.13       0.11       0.09       0.11       0.09       0.07       0.01
       0.18       0.19       0.07       0.07       0.04       0.05       0.03       0.02       0.00
       0.11       0.14       0.03       0.02       0.02       0.01       0.01       0.01       0.00
       0.19       0.07       0.10       0.07       0.01       0.00       0.00       0.00       0.00
       0.33       0.27       0.17       0.05       0.01       0.01       0.00       0.00       0.00
       0.27       0.38       0.21       0.08       0.03       0.01       0.00       0.00       0.00
    259200    9   13
       0.00       0.00       0.00       0.01       0.00       0.01       0.02       0.03       0.05
       0.00       0.00       0.00       0.00       0.00       0.01       0.02       0.04       0.05
       0.00       0.00       0.00       0.00       0.00       0.00       0.01       0.02       0.02
       0.00       0.00       0.00       0.00       0.00       0.00       0.01       0.02       0.00
       0.00       0.00       0.00       0.00       0.00       0.00       0.00       0.00       0.00
       0.01       0.01       0.00       0.00       0.00       0.00       0.00       0.00       0.00
       0.04       0.04       0.01       0.00       0.00       0.00       0.01       0.01       0.01
       0.06       0.02       0.01       0.00       0.00       0.02       0.06       0.04       0.02
       0.07       0.05       0.03       0.02       0.07       0.06       0.09       0.07       0.06
       0.08       0.13       0.09       0.02       0.08       0.10       0.10       0.08       0.07
       0.02       0.03       0.07       0.04       0.02       0.02       0.09       0.06       0.06
       0.02       0.04       0.03       0.03       0.04       0.03       0.13       0.11       0.08
       0.02       0.06       0.07       0.04       0.09       0.09       0.17       0.25       0.27
    345600    9   13
       0.00       0.00       0.00       0.00       0.00       0.01       0.01       0.03       0.03
       0.00       0.00       0.00       0.00       0.00       0.01       0.02       0.02       0.03
       0.00       0.00       0.00       0.00       0.00       0.00       0.01       0.01       0.01
       0.00       0.00       0.00       0.00       0.00       0.00       0.00       0.00       0.00
       0.00       0.00       0.00       0.00       0.00       0.00       0.00       0.00       0.00
       0.00       0.01       0.01       0.00       0.00       0.00       0.00       0.00       0.00
       0.01       0.02       0.01       0.00       0.00       0.00       0.00       0.00       0.00
       0.02       0.00       0.00       0.00       0.00       0.01       0.01       0.00       0.00
       0.00       0.00       0.00       0.00       0.01       0.00       0.00       0.00       0.00
       0.00       0.00       0.00       0.00       0.00       0.00       0.00       0.00       0.00
       0.00       0.00       0.00       0.00       0.00       0.00       0.00       0.00       0.00
       0.00       0.00       0.00       0.00       0.00       0.00       0.00       0.00       0.00
       0.00       0.00       0.00       0.00       0.00       0.00       0.00       0.00       0.00
    432000    9   13
       0.00       0.00       0.00       0.00       0.00       0.01       0.02       0.03       0.04
       0.00       0.00       0.00       0.00       0.00       0.01       0.02       0.03       0.03
       0.00       0.00       0.00       0.00       0.00       0.00       0.01       0.01       0.01
       0.00       0.00       0.00       0.00       0.00       0.00       0.00       0.00       0.00
       0.00       0.00       0.00       0.00       0.00       0.00       0.00       0.00       0.00
       0.00       0.01       0.00       0.00       0.00       0.00       0.00       0.00       0.00
       0.01       0.01       0.01       0.00       0.00       0.00       0.00       0.00       0.00
       0.00       0.00       0.00       0.00       0.00       0.00       0.00       0.00       0.00
       0.00       0.00       0.00       0.00       0.00       0.00       0.00       0.00       0.00
       0.00       0.00       0.00       0.00       0.00       0.00       0.00       0.00       0.00
       0.00       0.00       0.00       0.00       0.00       0.00       0.00       0.00       0.00
       0.00       0.00       0.00       0.00       0.00       0.00       0.00       0.00       0.00
       0.00       0.00       0.00       0.00       0.00       0.00       0.00       0.00       0.00
    518400    9   13
       0.00       0.00       0.00       0.00       0.00       0.01       0.01       0.02       0.03
       0.00       0.00       0.00       0.00       0.00       0.01       0.01       0.02       0.03
       0.00       0.00       0.00       0.00       0.00       0.00       0.00       0.01       0.01
       0.00       0.00       0.00       0.00       0.00       0.00       0.00       0.00       0.00
       0.00       0.00       0.00       0.00       0.00       0.00       0.00       0.00       0.00
       0.01       0.01       0.00       0.00       0.00       0.00       0.00       0.00       0.00
       0.01       0.01       0.01       0.00       0.00       0.00       0.00       0.00       0.00
       0.00       0.00       0.00       0.00       0.00       0.00       0.00       0.00       0.00
       0.00       0.00       0.00       0.00       0.00       0.00       0.00       0.00       0.00
       0.00       0.00       0.00       0.00       0.00       0.00       0.00       0.00       0.00
       0.00       0.00       0.00       0.00       0.00       0.00       0.00       0.00       0.00
       0.00       0.00       0.00       0.00       0.00       0.00       0.00       0.00       0.00
       0.00       0.00       0.00       0.00       0.00       0.00       0.00       0.00       0.00
    604800    9   13
       0.00       0.00       0.00       0.00       0.00       0.01       0.02       0.03       0.04
       0.00       0.00       0.00       0.00       0.00       0.01       0.01       0.02       0.02
       0.00       0.00       0.00       0.00       0.00       0.00       0.01       0.01       0.01
       0.00       0.00       0.00       0.00       0.00       0.00       0.00       0.00       0.00
       0.00       0.00       0.00       0.00       0.00       0.00       0.00       0.00       0.00
       0.00       0.01       0.00       0.00       0.00       0.00       0.00       0.00       0.00
       0.01       0.01       0.00       0.00       0.00       0.00       0.00       0.00       0.00
       0.00       0.00       0.00       0.00       0.00       0.00       0.00       0.00       0.00
       0.00       0.00       0.00       0.00       0.00       0.00       0.00       0.00       0.00
       0.00       0.00       0.00       0.00       0.00       0.00       0.00       0.00       0.00
       0.00       0.00       0.00       0.00       0.00       0.00       0.00       0.00       0.00
       0.00       0.00       0.00       0.00       0.00       0.00       0.00       0.00       0.00
       0.00       0.00       0.00       0.00       0.00       0.00       0.00       0.00       0.00
    691200    9   13
       0.00       0.00       0.00       0.00       0.00       0.01       0.02       0.03       0.04
       0.00       0.00       0.00       0.00       0.00       0.01       0.01       0.02       0.03
       0.00       0.00       0.00       0.00       0.00       0.00       0.01       0.01       0.00
       0.00       0.00       0.00       0.00       0.00       0.00       0.00       0.00       0.00
       0.00       0.00       0.00       0.00       0.00       0.00       0.00       0.00       0.00
       0.00       0.01       0.00       0.00       0.00       0.00       0.00       0.00       0.00
       0.01       0.01       0.00       0.00       0.00       0.00       0.00       0.00       0.00
       0.00       0.00       0.00       0.00       0.00       0.00       0.00       0.00       0.00
       0.00       0.00       0.00       0.00       0.00       0.00       0.00       0.00       0.00
       0.00       0.00       0.00       0.00       0.00       0.00       0.00       0.00       0.00
       0.00       0.00       0.00       0.00       0.00       0.00       0.00       0.00       0.00
       0.00       0.00       0.00       0.00       0.00       0.00       0.00       0.00       0.00
       0.00       0.00       0.00       0.00       0.00       0.00       0.00       0.00       0.00
    777600    9   13
       0.00       0.00       0.00       0.00       0.00       0.01       0.02       0.03       0.03
       0.00       0.00       0.00       0.00       0.00       0.01       0.01       0.02       0.02
       0.00       0.00       0.00       0.00       0.00       0.00       0.00       0.01       0.01
       0.00       0.00       0.00       0.00       0.00       0.00       0.00       0.00       0.00
       0.00       0.00       0.00       0.00       0.00       0.00       0.00       0.00       0.00
       0.00       0.01       0.00       0.00       0.00       0.00       0.00       0.00       0.00
       0.01       0.01       0.00       0.00       0.00       0.00       0.00       0.00       0.00
       0.00       0.00       0.00       0.00       0.00       0.00       0.00       0.00       0.00
       0.00       0.00       0.00       0.00       0.00       0.00       0.00       0.00       0.00
       0.00       0.00       0.00       0.00       0.00       0.00       0.00       0.00       0.00
       0.00       0.00       0.00       0.00       0.00       0.00       0.00       0.00       0.00
       0.00       0.00       0.00       0.00       0.00       0.00       0.00       0.00       0.00
       0.00       0.00       0.00       0.00       0.00       0.00       0.00       0.00       0.00
    864000    9   13
       0.00       0.00       0.00       0.00       0.00       0.01       0.01       0.02       0.03
       0.00       0.00       0.00       0.00       0.00       0.01       0.01       0.01       0.02
       0.00       0.00       0.00       0.00       0.00       0.01       0.01       0.01       0.01
       0.00       0.00       0.00       0.00       0.00       0.01       0.01       0.00       0.01
       0.00       0.00       0.00       0.00       0.00       0.00       0.01       0.00       0.01
       0.01       0.01       0.01       0.00       0.00       0.01       0.01       0.00       0.00
       0.02       0.02       0.01       0.00       0.01       0.00       0.00       0.00       0.00
       0.01       0.00       0.00       0.00       0.00       0.00       0.00       0.00       0.00
       0.00       0.00       0.00       0.00       0.00       0.00       0.00       0.00       0.00
       0.00       0.00       0.00       0.00       0.00       0.00       0.00       0.00       0.00
       0.00       0.00       0.00       0.00       0.00       0.00       0.00       0.00       0.00
       0.02       0.01       0.01       0.00       0.00       0.00       0.00       0.00       0.00
       0.02       0.06       0.06       0.02       0.00       0.00       0.00       0.00       0.00
    950400    9   13
       0.00       0.00       0.00       0.00       0.00       0.00       0.01       0.02       0.03
       0.00       0.00       0.00       0.00       0.00       0.01       0.01       0.02       0.02
       0.00       0.00       0.00       0.00       0.00       0.00       0.00       0.01       0.01
       0.00       0.00       0.00       0.00       0.00       0.00       0.00       0.00       0.00
       0.00       0.00       0.00       0.00       0.00       0.00       0.00       0.00       0.00
       0.02       0.02       0.01       0.00       0.00       0.00       0.00       0.00       0.00
       0.04       0.02       0.01       0.00       0.00       0.00       0.00       0.00       0.00
       0.02       0.00       0.00       0.00       0.00       0.00       0.00       0.00       0.00
       0.00       0.00       0.00       0.00       0.00       0.00       0.00       0.00       0.00
       0.00       0.00       0.00       0.00       0.00       0.00       0.00       0.00       0.00
       0.00       0.00       0.00       0.00       0.00       0.00       0.00       0.00       0.00
       0.00       0.00       0.00       0.00       0.00       0.00       0.00       0.00       0.00
       0.00       0.00       0.00       0.00       0.00       0.00       0.00       0.00       0.00
   1036800    9   13
       0.00       0.00       0.00       0.00       0.00       0.00       0.00       0.01       0.02
       0.00       0.00       0.00       0.00       0.00       0.00       0.01       0.01       0.02
       0.00       0.00       0.00       0.00       0.00       0.00       0.00       0.01       0.00
       0.00       0.00       0.00       0.00       0.00       0.00       0.00       0.00       0.00
       0.00       0.00       0.00       0.00       0.00       0.00       0.00       0.00       0.00
       0.00       0.01       0.00       0.00       0.00       0.00       0.00       0.00       0.00
       0.01       0.01       0.00       0.00       0.00       0.00       0.00       0.00       0.00
       0.00       0.00       0.00       0.00       0.00       0.00       0.00       0.00       0.00
       0.00       0.00       0.00       0.00       0.00       0.00       0.00       0.00       0.00
       0.00       0.00       0.00       0.00       0.00       0.00       0.00       0.00       0.00
       0.00       0.00       0.00       0.00       0.00       0.00       0.00       0.00       0.00
       0.00       0.00       0.00       0.00       0.00       0.00       0.00       0.00       0.00
       0.00       0.00       0.00       0.00       0.00       0.00       0.00       0.00       0.00
   1123200    9   13
       0.00       0.00       0.00       0.00       0.00       0.01       0.01       0.02       0.03
       0.00       0.00       0.00       0.00       0.00       0.01       0.01       0.02       0.02
       0.00       0.00       0.00       0.00       0.00       0.00       0.00       0.01       0.00
       0.00       0.00       0.00       0.00       0.00       0.00       0.00       0.00       0.00
       0.00       0.00       0.00       0.00       0.00       0.00       0.00       0.00       0.00
       0.00       0.01       0.00       0.00       0.00       0.00       0.00       0.00       0.00
       0.00       0.01       0.00       0.00       0.00       0.00       0.00       0.00       0.00
       0.00       0.00       0.00       0.00       0.00       0.00       0.00       0.00       0.00
       0.00       0.00       0.00       0.00       0.00       0.00       0.00       0.00       0.00
       0.00       0.00       0.00       0.00       0.00       0.00       0.00       0.00       0.00
       0.00       0.00       0.00       0.00       0.00       0.00       0.00       0.00       0.00
       0.00       0.00       0.00       0.00       0.00       0.00       0.00       0.00       0.00
       0.00       0.00       0.00       0.00       0.00       0.00       0.00       0.00       0.00
   1209600    9   13
       0.00       0.00       0.00       0.00       0.00       0.00       0.01       0.02       0.03
       0.00       0.00       0.00       0.00       0.00       0.01       0.01       0.02       0.03
       0.00       0.00       0.00       0.00       0.00       0.00       0.00       0.01       0.00
       0.00       0.00       0.00       0.00       0.00       0.00       0.00       0.00       0.00
       0.00       0.00       0.00       0.00       0.00       0.00       0.00       0.00       0.00
       0.00       0.01       0.00       0.00       0.00       0.00       0.00       0.00       0.00
       0.01       0.01       0.00       0.00       0.00       0.00       0.00       0.00       0.00
       0.00       0.00       0.00       0.00       0.00       0.00       0.00       0.00       0.00
       0.00       0.00       0.00       0.00       0.00       0.00       0.00       0.00       0.00
       0.00       0.00       0.00       0.00       0.00       0.00       0.00       0.00       0.00
       0.00       0.00       0.00       0.00       0.00       0.00       0.00       0.00       0.00
       0.00       0.00       0.00       0.00       0.00       0.00       0.00       0.00       0.00
       0.00       0.00       0.00       0.00       0.00       0.00       0.00       0.00       0.00
   1296000    9   13
       0.00       0.00       0.00       0.00       0.00       0.01       0.01       0.02       0.03
       0.00       0.00       0.00       0.00       0.00       0.01       0.01       0.02       0.02
       0.00       0.00       0.00       0.00       0.00       0.00       0.00       0.01       0.01
       0.00       0.00       0.00       0.00       0.00       0.00       0.00       0.00       0.00
       0.00       0.00       0.00       0.00       0.00       0.00       0.00       0.00       0.00
       0.00       0.01       0.00       0.00       0.00       0.00       0.00       0.00       0.00
       0.01       0.01       0.00       0.00       0.00       0.00       0.00       0.00       0.00
       0.00       0.00       0.00       0.00       0.00       0.00       0.00       0.00       0.00
       0.00       0.00       0.00       0.00       0.00       0.00       0.00       0.00       0.00
       0.00       0.00       0.00       0.00       0.00       0.00       0.00       0.00       0.00
       0.00       0.00       0.00       0.00       0.00       0.00       0.00       0.00       0.00
       0.00       0.00       0.00       0.00       0.00       0.00       0.00       0.00       0.00
       0.00       0.00       0.00       0.00       0.00       0.00       0.00       0.00       0.00
