         0    9   13
       1.09       0.96       0.90       0.86       0.74       0.61       0.54       0.44       0.38
       1.04       0.79       0.78       0.64       0.48       0.35       0.34       0.35       0.34
       0.59       0.62       0.67       0.78       0.31       0.18       0.23       0.33       0.31
       0.72       0.67       0.44       0.28       0.11       0.03       0.11       0.22       0.26
       0.36       0.27       0.14       0.05       0.04       0.03       0.03       0.11       0.16
       0.24       0.19       0.09       0.04       0.04       0.04       0.01       0.10       0.27
       0.12       0.16       0.13       0.20       0.06       0.02       0.02       0.05       0.14
       0.10       0.23       0.18       0.34       0.14       0.03       0.04       0.04       0.04
       0.30       0.22       0.17       0.31       0.22       0.11       0.13       0.10       0.03
       0.34       0.30       0.21       0.13       0.09       0.07       0.17       0.15       0.10
       0.06       0.10       0.07       0.09       0.15       0.11       0.08       0.10       0.16
       0.01       0.04       0.04       0.03       0.05       0.00       0.02       0.08       0.11
       0.02       0.03       0.04       0.02       0.02       0.02       0.03       0.06       0.16
     86400    9   13
       0.14       0.08       0.13       0.15       0.13       0.12       0.10       0.08       0.21
       0.27       0.14       0.15       0.25       0.30       0.13       0.07       0.07       0.21
       0.21       0.31       0.14       0.12       0.20       0.05       0.06       0.13       0.19
       0.41       0.40       0.21       0.08       0.08       0.03       0.07       0.14       0.22
       0.26       0.25       0.15       0.13       0.06       0.09       0.08       0.12       0.13
       0.29       0.29       0.12       0.06       0.04       0.04       0.03       0.05       0.05
       0.58       0.50       0.16       0.08       0.08       0.05       0.02       0.04       0.04
       0.35       0.22       0.08       0.08       0.09       0.06       0.04       0.05       0.08
       0.14       0.14       0.07       0.04       0.04       0.03       0.03       0.00       0.02
       0.08       0.12       0.02       0.01       0.01       0.00       0.01       0.01       0.01
       0.03       0.04       0.01       0.03       0.03       0.02       0.01       0.01       0.00
       0.10       0.07       0.06       0.08       0.10       0.07       0.03       0.01       0.00
       0.09       0.03       0.02       0.02       0.01       0.01       0.03       0.01       0.02
    172800    9   13
       0.05       0.11       0.04       0.04       0.06       0.10       0.13       0.21       0.23
       0.27       0.22       0.15       0.16       0.08       0.04       0.08       0.16       0.20
       0.29       0.38       0.22       0.30       0.16       0.04       0.13       0.16       0.08
       0.11       0.17       0.19       0.34       0.24       0.08       0.09       0.11       0.08
       0.06       0.10       0.11       0.16       0.17       0.12       0.05       0.09       0.05
       0.02       0.11       0.08       0.08       0.13       0.10       0.06       0.09       0.08
       0.06       0.12       0.12       0.13       0.15       0.10       0.11       0.10       0.07
       0.09       0.08       0.14       0.13       0.10       0.09       0.10       0.09       0.07
       0.03       0.05       0.08       0.06       0.04       0.03       0.05       0.07       0.05
       0.01       0.02       0.03       0.03       0.02       0.00       0.03       0.03       0.03
       0.00       0.02       0.03       0.07       0.06       0.04       0.04       0.04       0.03
       0.01       0.01       0.04       0.08       0.10       0.12       0.12       0.12       0.14
       0.01       0.01       0.04       0.03       0.05       0.10       0.13       0.11       0.12
    259200    9   13
       0.08       0.00       0.00       0.01       0.02       0.02       0.02       0.08       0.19
       0.05       0.00       0.00       0.00       0.02       0.03       0.03       0.08       0.16
       0.02       0.01       0.00       0.02       0.02       0.01       0.10       0.11       0.04
       0.01       0.02       0.01       0.01       0.01       0.04       0.08       0.03       0.06
       0.02       0.03       0.02       0.01       0.01       0.07       0.05       0.00       0.02
       0.04       0.07       0.02       0.03       0.07       0.10       0.08       0.02       0.00
       0.11       0.10       0.03       0.07       0.11       0.08       0.06       0.05       0.04
       0.12       0.05       0.05       0.04       0.07       0.06       0.05       0.05       0.05
       0.07       0.05       0.04       0.06       0.04       0.03       0.05       0.08       0.07
       0.09       0.11       0.08       0.03       0.02       0.02       0.02       0.02       0.05
       0.11       0.14       0.15       0.08       0.04       0.04       0.04       0.02       0.01
       0.09       0.12       0.17       0.20       0.12       0.05       0.12       0.07       0.08
       0.12       0.04       0.10       0.12       0.16       0.14       0.15       0.09       0.12
    345600    9   13
       0.02       0.00       0.00       0.02       0.08       0.17       0.22       0.24       0.33
       0.07       0.01       0.00       0.05       0.10       0.09       0.10       0.17       0.30
       0.13       0.07       0.01       0.04       0.05       0.03       0.13       0.32       0.34
       0.07       0.07       0.05       0.05       0.09       0.07       0.10       0.18       0.30
       0.00       0.03       0.05       0.04       0.08       0.09       0.05       0.07       0.13
       0.00       0.02       0.02       0.03       0.09       0.08       0.04       0.01       0.04
       0.03       0.03       0.01       0.01       0.08       0.07       0.05       0.05       0.03
       0.01       0.00       0.01       0.03       0.06       0.04       0.06       0.08       0.04
       0.00       0.00       0.03       0.04       0.04       0.01       0.03       0.05       0.05
       0.04       0.08       0.08       0.03       0.02       0.00       0.00       0.00       0.02
       0.08       0.10       0.08       0.04       0.01       0.00       0.00       0.00       0.00
       0.03       0.05       0.08       0.08       0.06       0.02       0.06       0.02       0.00
       0.03       0.10       0.10       0.06       0.07       0.01       0.08       0.04       0.02
    432000    9   13
       0.01       0.00       0.00       0.01       0.10       0.20       0.27       0.21       0.13
       0.18       0.01       0.00       0.07       0.05       0.11       0.14       0.16       0.09
       0.21       0.14       0.04       0.16       0.10       0.04       0.16       0.18       0.13
       0.19       0.12       0.05       0.19       0.17       0.06       0.17       0.09       0.14
       0.11       0.06       0.05       0.13       0.16       0.06       0.05       0.07       0.10
       0.02       0.05       0.02       0.07       0.10       0.06       0.02       0.03       0.06
       0.05       0.08       0.01       0.08       0.07       0.04       0.02       0.03       0.05
       0.02       0.05       0.05       0.06       0.04       0.03       0.03       0.02       0.01
       0.03       0.10       0.15       0.10       0.03       0.02       0.01       0.00       0.01
       0.03       0.07       0.11       0.12       0.02       0.00       0.00       0.01       0.01
       0.01       0.06       0.13       0.13       0.02       0.00       0.01       0.01       0.01
       0.00       0.05       0.15       0.20       0.10       0.01       0.02       0.00       0.00
       0.01       0.16       0.21       0.17       0.10       0.00       0.00       0.00       0.00
    518400    9   13
       0.11       0.00       0.00       0.10       0.23       0.22       0.26       0.32       0.41
       0.08       0.00       0.00       0.01       0.03       0.05       0.09       0.29       0.45
       0.10       0.01       0.00       0.00       0.01       0.15       0.21       0.15       0.33
       0.22       0.09       0.00       0.00       0.02       0.05       0.10       0.13       0.45
       0.04       0.03       0.01       0.03       0.02       0.03       0.07       0.05       0.26
       0.09       0.08       0.03       0.06       0.05       0.03       0.09       0.04       0.09
       0.15       0.16       0.04       0.08       0.10       0.10       0.11       0.02       0.05
       0.23       0.15       0.22       0.18       0.21       0.21       0.16       0.10       0.15
       0.15       0.13       0.18       0.21       0.16       0.15       0.22       0.22       0.16
       0.05       0.04       0.04       0.10       0.11       0.12       0.15       0.16       0.16
       0.01       0.00       0.01       0.03       0.06       0.05       0.04       0.04       0.04
       0.00       0.00       0.00       0.01       0.02       0.01       0.01       0.00       0.00
       0.00       0.00       0.00       0.01       0.01       0.01       0.01       0.00       0.00
    604800    9   13
       0.25       0.13       0.29       0.37       0.38       0.26       0.33       0.39       0.55
       0.32       0.24       0.25       0.27       0.24       0.22       0.31       0.43       0.60
       0.12       0.23       0.40       0.42       0.49       0.29       0.35       0.40       0.47
       0.07       0.27       0.20       0.27       0.37       0.38       0.22       0.21       0.28
       0.02       0.06       0.05       0.07       0.16       0.20       0.08       0.08       0.08
       0.05       0.14       0.11       0.12       0.14       0.12       0.12       0.09       0.10
       0.09       0.27       0.31       0.22       0.08       0.09       0.14       0.13       0.11
       0.16       0.19       0.22       0.29       0.12       0.12       0.21       0.15       0.11
       0.21       0.26       0.37       0.31       0.09       0.11       0.23       0.17       0.10
       0.11       0.21       0.19       0.16       0.11       0.08       0.09       0.09       0.06
       0.04       0.08       0.13       0.12       0.07       0.13       0.11       0.15       0.13
       0.05       0.05       0.10       0.10       0.08       0.05       0.10       0.13       0.10
       0.03       0.08       0.17       0.16       0.11       0.05       0.06       0.02       0.03
    691200    9   13
       0.69       0.63       0.72       0.85       0.97       0.95       0.91       1.00       1.14
       0.61       0.72       0.78       0.77       1.14       1.35       0.98       0.97       0.65
       0.45       0.68       0.67       0.88       1.34       0.96       1.10       1.07       0.47
       0.65       0.65       0.77       0.85       1.22       1.20       0.95       0.59       0.57
       0.58       0.61       0.80       0.85       0.88       0.94       0.76       0.50       0.54
       0.77       0.71       0.84       1.08       0.72       0.63       0.43       0.52       0.51
       0.65       0.74       0.68       0.73       0.72       0.45       0.33       0.29       0.32
       0.76       0.68       0.56       0.70       0.72       0.38       0.30       0.17       0.22
       0.55       0.46       0.47       0.50       0.34       0.22       0.23       0.21       0.20
       0.34       0.47       0.40       0.23       0.19       0.08       0.20       0.16       0.20
       0.22       0.29       0.21       0.24       0.22       0.17       0.13       0.15       0.23
       0.13       0.13       0.11       0.14       0.17       0.22       0.28       0.28       0.40
       0.08       0.16       0.17       0.14       0.12       0.09       0.16       0.24       0.44
    777600    9   13
       0.42       0.71       1.03       0.86       0.72       0.62       0.48       0.52       0.86
       0.86       0.80       0.85       0.92       1.14       0.58       0.44       0.46       0.37
       2.08       0.75       0.81       1.13       1.01       0.58       0.52       0.78       0.46
       0.75       0.74       0.77       0.85       1.01       1.01       0.81       0.70       0.96
       0.67       0.40       0.40       0.56       0.84       0.89       0.76       0.71       0.99
       0.60       0.32       0.21       0.23       0.55       0.73       0.41       0.43       0.50
       0.52       0.36       0.20       0.23       0.65       0.41       0.27       0.32       0.40
       0.40       0.20       0.28       0.51       0.64       0.34       0.28       0.30       0.37
       0.20       0.37       0.66       0.71       0.37       0.31       0.34       0.31       0.32
       0.54       0.70       0.74       0.66       0.79       0.66       0.45       0.29       0.15
       0.48       0.53       0.58       0.70       0.74       0.66       0.45       0.28       0.30
       0.64       0.68       0.63       0.62       0.68       0.63       0.51       0.33       0.27
       0.57       0.64       0.53       0.40       0.38       0.38       0.37       0.22       0.22
    864000    9   13
       0.34       0.39       0.78       0.57       0.38       0.46       0.49       0.42       0.34
       0.65       1.08       1.10       1.16       1.19       0.98       0.66       0.49       0.44
       0.53       0.90       1.10       1.17       1.46       1.19       0.89       0.63       0.43
       0.69       0.94       1.02       0.98       1.15       1.08       1.00       0.63       0.42
       0.40       0.58       0.78       0.63       0.73       0.64       0.62       0.37       0.26
       0.28       0.30       0.38       0.38       0.36       0.52       0.49       0.30       0.15
       0.49       0.44       0.57       0.57       0.48       0.41       0.32       0.22       0.16
       0.69       0.44       0.44       0.38       0.40       0.39       0.22       0.16       0.16
       0.58       0.41       0.41       0.27       0.22       0.21       0.15       0.11       0.12
       0.32       0.28       0.27       0.19       0.17       0.07       0.05       0.01       0.01
       0.26       0.25       0.25       0.23       0.20       0.11       0.05       0.02       0.00
       1.21       0.70       0.72       0.36       0.29       0.18       0.09       0.06       0.06
       0.34       0.29       0.31       0.24       0.19       0.17       0.13       0.06       0.07
    950400    9   13
       0.04       0.05       0.02       0.02       0.07       0.08       0.13       0.25       0.27
       0.03       0.07       0.02       0.04       0.32       0.28       0.14       0.18       0.15
       0.01       0.00       0.01       0.10       0.34       0.26       0.23       0.18       0.07
       0.05       0.03       0.00       0.03       0.13       0.25       0.23       0.17       0.11
       0.25       0.23       0.09       0.06       0.11       0.27       0.36       0.37       0.25
       0.29       0.29       0.19       0.21       0.26       0.34       0.40       0.44       0.30
       0.35       0.30       0.16       0.26       0.24       0.33       0.38       0.36       0.27
       0.31       0.19       0.18       0.34       0.36       0.26       0.21       0.21       0.18
       0.14       0.05       0.13       0.26       0.26       0.17       0.08       0.07       0.07
       0.17       0.16       0.22       0.19       0.15       0.05       0.03       0.01       0.00
       0.10       0.12       0.05       0.04       0.04       0.03       0.02       0.01       0.00
       0.08       0.06       0.02       0.01       0.02       0.01       0.01       0.00       0.00
       0.09       0.03       0.00       0.00       0.00       0.00       0.01       0.01       0.00
   1036800    9   13
       0.02       0.01       0.01       0.05       0.07       0.04       0.11       0.14       0.20
       0.01       0.01       0.01       0.01       0.02       0.05       0.08       0.09       0.12
       0.02       0.01       0.00       0.01       0.06       0.07       0.23       0.14       0.04
       0.00       0.00       0.01       0.07       0.07       0.10       0.20       0.11       0.06
       0.01       0.00       0.02       0.03       0.03       0.05       0.15       0.29       0.25
       0.01       0.01       0.01       0.00       0.00       0.04       0.13       0.33       0.30
       0.08       0.03       0.01       0.00       0.01       0.03       0.12       0.27       0.19
       0.02       0.02       0.04       0.08       0.04       0.03       0.06       0.09       0.07
       0.01       0.03       0.08       0.17       0.07       0.04       0.03       0.02       0.03
       0.07       0.02       0.03       0.08       0.06       0.02       0.05       0.06       0.05
       0.05       0.03       0.07       0.11       0.10       0.06       0.09       0.07       0.06
       0.01       0.02       0.06       0.11       0.08       0.05       0.08       0.02       0.01
       0.01       0.01       0.04       0.06       0.03       0.01       0.01       0.01       0.05
   1123200    9   13
       0.79       1.25       1.41       1.14       0.63       0.47       0.43       0.39       0.53
       0.47       0.34       0.72       0.42       0.51       0.34       0.45       0.58       0.71
       0.33       0.26       0.23       0.30       0.32       0.35       0.75       0.87       0.66
       0.17       0.44       0.32       0.26       0.25       0.19       0.45       0.63       0.58
       0.17       0.36       0.30       0.41       0.44       0.18       0.36       0.57       0.62
       0.01       0.15       0.27       0.56       0.34       0.28       0.54       0.66       0.55
       0.09       0.27       0.24       0.45       0.45       0.34       0.38       0.51       0.43
       0.33       0.51       0.49       0.41       0.34       0.20       0.28       0.35       0.27
       0.44       0.41       0.38       0.34       0.16       0.12       0.24       0.38       0.39
       0.26       0.39       0.34       0.31       0.15       0.17       0.22       0.27       0.28
       0.07       0.30       0.33       0.26       0.11       0.13       0.09       0.25       0.24
       0.07       0.29       0.29       0.27       0.16       0.13       0.07       0.15       0.23
       0.10       0.28       0.34       0.26       0.22       0.31       0.13       0.10       0.11
   1209600    9   13
       0.51       0.70       0.53       0.62       0.49       0.38       0.40       0.53       0.51
       0.75       0.75       0.52       0.45       0.27       0.27       0.44       0.52       0.50
       0.94       0.75       0.60       0.37       0.14       0.29       0.60       0.40       0.25
       0.58       0.59       0.45       0.38       0.22       0.26       0.34       0.24       0.28
       0.15       0.08       0.12       0.22       0.23       0.14       0.10       0.22       0.37
       0.01       0.02       0.04       0.14       0.13       0.12       0.17       0.22       0.35
       0.05       0.12       0.04       0.12       0.12       0.03       0.08       0.15       0.12
       0.07       0.09       0.12       0.17       0.12       0.03       0.04       0.05       0.05
       0.07       0.17       0.19       0.14       0.03       0.03       0.07       0.08       0.04
       0.06       0.16       0.19       0.10       0.03       0.07       0.16       0.19       0.10
       0.02       0.06       0.12       0.13       0.07       0.12       0.09       0.22       0.28
       0.02       0.08       0.16       0.18       0.15       0.15       0.13       0.09       0.18
       0.01       0.05       0.15       0.24       0.19       0.20       0.14       0.01       0.06
   1296000    9   13
       0.23       0.49       0.44       0.45       0.45       0.37       0.37       0.21       0.10
       0.22       0.32       0.30       0.40       0.32       0.26       0.26       0.26       0.09
       0.26       0.34       0.32       0.27       0.14       0.12       0.27       0.35       0.16
       0.43       0.35       0.27       0.24       0.24       0.15       0.26       0.19       0.17
       0.17       0.13       0.08       0.26       0.23       0.05       0.09       0.07       0.10
       0.02       0.02       0.03       0.23       0.24       0.03       0.04       0.05       0.05
       0.04       0.05       0.02       0.08       0.03       0.02       0.02       0.04       0.05
       0.01       0.01       0.06       0.13       0.08       0.03       0.02       0.10       0.13
       0.04       0.02       0.03       0.02       0.07       0.07       0.01       0.02       0.06
       0.07       0.07       0.01       0.00       0.02       0.04       0.01       0.02       0.02
       0.03       0.03       0.02       0.00       0.00       0.00       0.02       0.03       0.00
       0.03       0.00       0.02       0.07       0.03       0.00       0.02       0.01       0.01
       0.00       0.00       0.00       0.09       0.09       0.01       0.00       0.00       0.01
