         0    9   13
       0.83       0.58       0.44       0.45       0.50       0.50       0.54       0.49       0.54
       1.18       0.80       0.64       0.49       0.51       0.47       0.53       0.42       0.55
       0.63       0.68       0.74       0.49       0.53       0.51       0.60       0.43       0.55
       0.44       0.55       0.48       0.47       0.43       0.40       0.49       0.34       0.35
       0.58       0.67       0.43       0.44       0.34       0.37       0.37       0.52       0.52
       0.75       0.95       0.57       0.75       0.54       0.45       0.49       0.64       0.66
       0.52       0.67       0.50       0.34       0.53       0.48       0.50       0.61       0.53
       0.33       0.49       0.52       0.38       0.42       0.49       0.35       0.49       0.56
       0.25       0.38       0.36       0.34       0.36       0.52       0.55       0.53       0.60
       0.81       0.55       0.48       0.47       0.46       0.40       0.52       0.47       0.46
       0.39       0.50       0.51       0.48       0.41       0.40       0.27       0.42       0.47
       0.11       0.14       0.29       0.34       0.34       0.44       0.27       0.21       0.30
       0.05       0.19       0.49       0.49       0.45       0.30       0.33       0.29       0.30
     86400    9   13
       0.19       0.30       0.12       0.05       0.13       0.29       0.46       0.56       0.51
       0.22       0.27       0.26       0.34       0.35       0.33       0.44       0.44       0.41
       0.22       0.32       0.44       0.71       0.40       0.51       0.62       0.48       0.33
       0.10       0.24       0.35       0.59       0.59       0.80       0.53       0.39       0.37
       0.09       0.21       0.29       0.24       0.26       0.25       0.19       0.13       0.35
       0.09       0.14       0.25       0.05       0.09       0.03       0.04       0.04       0.14
       0.20       0.10       0.12       0.04       0.03       0.04       0.04       0.07       0.14
       0.16       0.11       0.10       0.08       0.03       0.02       0.09       0.14       0.10
       0.04       0.06       0.03       0.02       0.02       0.04       0.10       0.08       0.06
       0.04       0.05       0.06       0.02       0.02       0.00       0.02       0.05       0.06
       0.14       0.07       0.06       0.01       0.02       0.00       0.02       0.05       0.06
       0.03       0.02       0.03       0.02       0.01       0.00       0.00       0.04       0.06
       0.08       0.09       0.08       0.03       0.02       0.01       0.02       0.04       0.04
    172800    9   13
       0.12       0.16       0.13       0.21       0.31       0.27       0.34       0.34       0.38
       0.16       0.23       0.14       0.25       0.32       0.30       0.25       0.26       0.49
       0.23       0.26       0.52       1.01       1.00       0.49       0.48       0.53       0.88
       0.37       0.69       1.03       1.36       1.57       1.61       1.21       1.01       2.01
       0.32       0.62       0.78       0.99       1.07       1.12       1.01       1.00       1.14
       0.39       0.51       0.68       1.15       1.38       1.03       0.82       0.37       0.44
       0.49       0.74       0.68       1.36       1.57       0.96       0.69       0.33       0.28
       0.20       0.44       0.86       0.58       0.34       0.39       0.42       0.27       0.19
       0.34       0.51       1.00       0.50       0.26       0.13       0.13       0.09       0.08
       0.41       0.47       0.46       0.35       0.10       0.04       0.03       0.01       0.05
       0.26       0.26       0.16       0.06       0.04       0.01       0.02       0.01       0.04
       0.13       0.06       0.03       0.01       0.00       0.00       0.00       0.00       0.00
       0.05       0.03       0.08       0.08       0.01       0.00       0.00       0.00       0.00
    259200    9   13
       0.43       0.67       0.38       0.32       0.53       0.97       1.27       1.30       1.36
       1.02       1.05       0.52       0.68       1.61       2.69       2.56       1.46       1.45
       0.94       0.97       1.10       1.01       0.85       1.52       1.61       1.48       1.50
       0.57       0.62       1.03       0.81       1.46       1.61       1.59       2.14       1.52
       0.49       0.67       0.96       1.00       2.32       1.63       1.68       1.93       0.83
       1.40       1.44       1.74       1.90       2.88       2.82       1.69       0.79       0.52
       2.49       2.82       3.05       1.49       1.49       1.09       0.79       0.58       0.59
       0.75       1.08       1.20       1.08       0.42       0.57       0.63       0.54       0.35
       0.50       0.61       0.98       0.52       0.35       0.39       0.49       0.31       0.15
       0.50       0.44       0.43       0.32       0.32       0.24       0.25       0.15       0.05
       0.30       0.29       0.28       0.33       0.26       0.14       0.10       0.05       0.09
       0.20       0.15       0.14       0.16       0.12       0.07       0.06       0.06       0.13
       0.08       0.05       0.06       0.06       0.07       0.11       0.04       0.14       0.25
    345600    9   13
       0.29       0.16       0.04       0.00       0.15       0.47       0.62       0.56       0.35
       0.85       0.27       0.03       0.00       0.27       0.34       0.27       0.27       0.27
       0.60       0.05       0.00       0.00       0.11       0.19       0.18       0.25       0.47
       0.13       0.03       0.01       0.00       0.04       0.25       0.27       0.38       0.35
       0.34       0.13       0.02       0.00       0.04       0.37       0.37       0.18       0.18
       0.20       0.08       0.06       0.01       0.09       0.34       0.26       0.25       0.24
       0.17       0.07       0.07       0.01       0.06       0.16       0.21       0.20       0.09
       0.20       0.02       0.01       0.01       0.01       0.09       0.15       0.10       0.08
       0.03       0.02       0.01       0.01       0.06       0.16       0.15       0.10       0.11
       0.03       0.05       0.05       0.06       0.18       0.22       0.22       0.07       0.09
       0.07       0.06       0.06       0.12       0.18       0.16       0.21       0.07       0.07
       0.07       0.13       0.16       0.15       0.25       0.14       0.14       0.15       0.16
       0.08       0.18       0.18       0.20       0.29       0.09       0.23       0.29       0.21
    432000    9   13
       0.51       0.20       0.16       0.07       0.02       0.07       0.05       0.02       0.03
       0.17       0.07       0.09       0.05       0.01       0.01       0.03       0.03       0.03
       0.01       0.00       0.00       0.00       0.00       0.01       0.02       0.04       0.06
       0.00       0.00       0.01       0.00       0.00       0.01       0.03       0.03       0.07
       0.01       0.00       0.00       0.00       0.00       0.00       0.03       0.00       0.04
       0.00       0.01       0.00       0.00       0.00       0.00       0.03       0.06       0.07
       0.00       0.00       0.00       0.00       0.00       0.04       0.12       0.15       0.14
       0.01       0.00       0.00       0.00       0.00       0.14       0.18       0.15       0.11
       0.00       0.00       0.00       0.00       0.14       0.27       0.18       0.09       0.11
       0.00       0.00       0.00       0.07       0.31       0.29       0.15       0.06       0.08
       0.00       0.00       0.05       0.18       0.23       0.28       0.19       0.07       0.11
       0.01       0.00       0.02       0.09       0.26       0.18       0.20       0.12       0.14
       0.07       0.01       0.04       0.10       0.22       0.13       0.22       0.17       0.16
    518400    9   13
       0.00       0.00       0.00       0.00       0.00       0.00       0.00       0.00       0.04
       0.00       0.00       0.00       0.00       0.00       0.01       0.02       0.01       0.03
       0.00       0.00       0.00       0.00       0.01       0.06       0.04       0.02       0.04
       0.00       0.00       0.00       0.00       0.02       0.14       0.03       0.05       0.04
       0.00       0.00       0.00       0.00       0.00       0.06       0.05       0.03       0.02
       0.00       0.00       0.02       0.02       0.00       0.05       0.06       0.05       0.02
       0.00       0.00       0.02       0.00       0.00       0.01       0.03       0.06       0.02
       0.00       0.01       0.05       0.02       0.01       0.01       0.03       0.04       0.04
       0.01       0.04       0.04       0.00       0.03       0.05       0.04       0.07       0.03
       0.05       0.04       0.02       0.00       0.15       0.19       0.06       0.05       0.01
       0.01       0.01       0.00       0.05       0.19       0.19       0.10       0.07       0.02
       0.01       0.00       0.00       0.04       0.29       0.14       0.13       0.12       0.05
       0.00       0.01       0.02       0.05       0.23       0.11       0.17       0.14       0.09
    604800    9   13
       0.04       0.12       0.00       0.01       0.07       0.04       0.01       0.01       0.01
       0.00       0.01       0.01       0.00       0.02       0.00       0.02       0.10       0.14
       0.00       0.00       0.00       0.03       0.08       0.01       0.02       0.15       0.16
       0.00       0.00       0.00       0.00       0.08       0.04       0.02       0.15       0.07
       0.01       0.00       0.00       0.00       0.00       0.05       0.03       0.08       0.18
       0.01       0.01       0.01       0.00       0.00       0.04       0.03       0.04       0.18
       0.01       0.01       0.00       0.00       0.02       0.07       0.04       0.04       0.07
       0.00       0.00       0.00       0.00       0.02       0.02       0.03       0.04       0.02
       0.00       0.01       0.01       0.00       0.03       0.04       0.02       0.01       0.00
       0.04       0.03       0.01       0.02       0.07       0.07       0.02       0.00       0.00
       0.04       0.01       0.01       0.08       0.18       0.15       0.07       0.02       0.00
       0.03       0.02       0.01       0.07       0.15       0.14       0.17       0.05       0.01
       0.02       0.05       0.03       0.02       0.02       0.04       0.12       0.06       0.02
    691200    9   13
       0.01       0.01       0.01       0.06       0.24       0.04       0.02       0.02       0.01
       0.00       0.01       0.01       0.01       0.07       0.04       0.01       0.03       0.03
       0.00       0.00       0.00       0.04       0.06       0.01       0.02       0.01       0.03
       0.00       0.03       0.03       0.14       0.17       0.09       0.02       0.07       0.10
       0.10       0.09       0.07       0.25       0.26       0.25       0.05       0.13       0.27
       0.02       0.02       0.13       0.22       0.23       0.18       0.09       0.19       0.24
       0.02       0.01       0.10       0.06       0.12       0.14       0.13       0.05       0.06
       0.01       0.00       0.01       0.05       0.03       0.04       0.04       0.03       0.02
       0.01       0.01       0.01       0.02       0.04       0.05       0.02       0.02       0.05
       0.06       0.04       0.02       0.00       0.03       0.04       0.00       0.01       0.00
       0.01       0.01       0.00       0.01       0.04       0.05       0.04       0.03       0.01
       0.01       0.00       0.00       0.01       0.05       0.07       0.07       0.04       0.01
       0.01       0.00       0.01       0.00       0.02       0.04       0.01       0.02       0.01
    777600    9   13
       0.64       0.88       0.70       0.59       0.96       1.07       0.77       0.94       0.92
       0.44       0.80       0.77       0.68       0.77       0.85       1.09       1.13       1.38
       0.30       0.80       0.76       0.72       0.66       0.69       0.93       0.95       0.79
       0.36       0.55       0.57       0.76       0.78       0.62       0.87       0.89       0.81
       0.47       0.58       0.61       0.89       0.63       0.32       0.47       0.86       0.78
       0.24       0.33       0.36       0.68       0.45       0.29       0.28       0.44       0.44
       0.03       0.03       0.12       0.09       0.11       0.18       0.13       0.17       0.25
       0.00       0.00       0.01       0.01       0.01       0.08       0.07       0.15       0.19
       0.01       0.00       0.00       0.00       0.00       0.04       0.05       0.13       0.15
       0.00       0.00       0.00       0.00       0.00       0.04       0.06       0.09       0.21
       0.00       0.00       0.00       0.00       0.00       0.05       0.09       0.09       0.12
       0.00       0.00       0.00       0.00       0.00       0.07       0.09       0.07       0.08
       0.01       0.02       0.02       0.00       0.07       0.07       0.05       0.07       0.05
    864000    9   13
       0.15       0.46       0.57       0.68       0.57       0.51       0.38       0.55       0.92
       0.20       0.34       0.28       0.32       0.54       0.43       0.35       0.42       0.51
       0.33       0.34       0.31       0.27       0.53       0.62       0.45       0.42       0.68
       0.42       0.35       0.42       0.45       0.76       0.97       0.57       0.58       0.90
       0.41       0.52       0.61       0.52       0.73       0.91       0.61       0.52       0.70
       0.31       0.50       0.66       0.49       0.56       0.47       0.51       0.49       0.52
       0.29       0.35       0.31       0.28       0.31       0.35       0.49       0.57       0.43
       0.29       0.27       0.20       0.17       0.21       0.36       0.39       0.58       0.51
       0.31       0.28       0.27       0.15       0.20       0.31       0.36       0.51       0.51
       0.37       0.39       0.28       0.13       0.22       0.33       0.34       0.38       0.36
       0.17       0.31       0.18       0.11       0.18       0.26       0.35       0.33       0.29
       0.07       0.19       0.09       0.11       0.19       0.23       0.28       0.49       0.30
       0.17       0.20       0.11       0.14       0.19       0.26       0.17       0.32       0.31
    950400    9   13
       0.06       0.26       0.18       0.22       0.31       0.38       0.41       0.35       0.34
       0.34       0.35       0.27       0.32       0.35       0.38       0.32       0.23       0.18
       0.44       0.34       0.36       0.35       0.38       0.36       0.26       0.17       0.26
       0.32       0.34       0.30       0.31       0.22       0.35       0.20       0.14       0.27
       0.26       0.30       0.24       0.11       0.22       0.34       0.25       0.21       0.19
       0.25       0.23       0.28       0.17       0.19       0.40       0.35       0.27       0.26
       0.27       0.23       0.27       0.17       0.22       0.35       0.34       0.23       0.31
       0.18       0.25       0.20       0.19       0.27       0.28       0.22       0.21       0.22
       0.07       0.12       0.07       0.14       0.23       0.29       0.18       0.16       0.18
       0.04       0.07       0.19       0.20       0.24       0.26       0.25       0.20       0.16
       0.07       0.06       0.24       0.21       0.27       0.31       0.31       0.22       0.20
       0.08       0.07       0.13       0.23       0.27       0.29       0.29       0.24       0.24
       0.05       0.05       0.11       0.26       0.19       0.25       0.31       0.21       0.27
   1036800    9   13
       0.40       0.35       0.25       0.11       0.12       0.22       0.38       0.42       0.35
       0.10       0.28       0.30       0.12       0.11       0.20       0.26       0.35       0.53
       0.07       0.13       0.35       0.21       0.21       0.30       0.34       0.40       0.52
       0.08       0.11       0.17       0.14       0.21       0.33       0.31       0.35       0.49
       0.14       0.16       0.15       0.10       0.23       0.33       0.17       0.25       0.30
       0.18       0.19       0.15       0.11       0.27       0.20       0.18       0.27       0.15
       0.24       0.19       0.15       0.11       0.15       0.26       0.30       0.33       0.31
       0.24       0.09       0.10       0.12       0.12       0.29       0.33       0.35       0.34
       0.13       0.10       0.08       0.08       0.10       0.17       0.32       0.26       0.30
       0.13       0.12       0.09       0.02       0.11       0.19       0.29       0.28       0.24
       0.14       0.14       0.12       0.07       0.12       0.17       0.12       0.22       0.22
       0.40       0.17       0.13       0.14       0.15       0.13       0.11       0.22       0.26
       0.33       0.19       0.14       0.12       0.16       0.17       0.17       0.17       0.29
   1123200    9   13
       0.16       0.22       0.13       0.19       0.34       0.30       0.21       0.19       0.27
       0.46       0.34       0.25       0.28       0.34       0.29       0.17       0.23       0.32
       0.56       0.52       0.26       0.21       0.18       0.07       0.13       0.22       0.28
       0.55       0.52       0.30       0.14       0.15       0.11       0.25       0.25       0.24
       0.40       0.26       0.07       0.17       0.14       0.10       0.28       0.24       0.31
       0.44       0.30       0.11       0.40       0.09       0.10       0.20       0.19       0.47
       0.51       0.47       0.19       0.30       0.10       0.20       0.46       0.35       0.57
       0.45       0.26       0.21       0.17       0.26       0.33       0.52       0.41       0.34
       0.69       0.48       0.29       0.23       0.16       0.36       0.38       0.32       0.17
       0.66       0.76       0.51       0.23       0.20       0.32       0.32       0.30       0.18
       0.46       0.40       0.48       0.24       0.24       0.27       0.18       0.24       0.09
       0.52       0.30       0.32       0.24       0.22       0.20       0.17       0.15       0.11
       0.49       0.74       0.58       0.34       0.20       0.25       0.11       0.10       0.12
   1209600    9   13
       0.05       0.02       0.00       0.02       0.00       0.03       0.06       0.09       0.11
       0.07       0.01       0.00       0.01       0.04       0.05       0.06       0.10       0.14
       0.03       0.00       0.00       0.01       0.07       0.04       0.04       0.06       0.06
       0.07       0.03       0.01       0.01       0.05       0.01       0.05       0.06       0.02
       0.07       0.08       0.03       0.01       0.05       0.04       0.06       0.07       0.08
       0.14       0.20       0.01       0.01       0.02       0.04       0.08       0.11       0.13
       0.08       0.22       0.09       0.01       0.01       0.03       0.04       0.07       0.06
       0.08       0.21       0.04       0.01       0.02       0.02       0.05       0.03       0.02
       0.09       0.07       0.13       0.14       0.03       0.02       0.08       0.05       0.03
       0.04       0.09       0.24       0.17       0.02       0.02       0.08       0.07       0.02
       0.01       0.02       0.06       0.08       0.00       0.01       0.07       0.05       0.02
       0.01       0.01       0.02       0.03       0.00       0.00       0.03       0.03       0.01
       0.01       0.01       0.03       0.02       0.02       0.00       0.06       0.02       0.01
   1296000    9   13
       0.01       0.01       0.00       0.05       0.21       0.29       0.19       0.19       0.24
       0.00       0.00       0.01       0.06       0.11       0.18       0.15       0.15       0.31
       0.00       0.00       0.01       0.12       0.09       0.22       0.11       0.10       0.35
       0.01       0.01       0.01       0.03       0.07       0.21       0.08       0.09       0.31
       0.01       0.00       0.03       0.01       0.01       0.10       0.10       0.01       0.10
       0.06       0.02       0.09       0.06       0.03       0.08       0.03       0.01       0.03
       0.08       0.04       0.11       0.02       0.12       0.05       0.04       0.00       0.04
       0.08       0.23       0.13       0.01       0.09       0.22       0.09       0.05       0.05
       0.08       0.09       0.11       0.07       0.14       0.19       0.14       0.06       0.07
       0.06       0.08       0.13       0.12       0.16       0.19       0.15       0.10       0.08
       0.03       0.14       0.11       0.12       0.06       0.06       0.15       0.07       0.10
       0.02       0.07       0.10       0.07       0.06       0.06       0.10       0.08       0.09
       0.01       0.01       0.03       0.08       0.11       0.06       0.10       0.10       0.07
