         0    9   13
       0.15       0.40       0.67       0.32       0.17       0.19       0.18       0.27       0.37
       0.22       0.20       0.39       0.17       0.15       0.16       0.13       0.23       0.28
       0.09       0.05       0.15       0.15       0.18       0.18       0.19       0.27       0.21
       0.17       0.12       0.13       0.19       0.25       0.21       0.17       0.18       0.24
       0.22       0.30       0.14       0.14       0.10       0.17       0.22       0.18       0.24
       0.39       0.25       0.15       0.07       0.04       0.23       0.30       0.37       0.17
       0.50       0.38       0.22       0.09       0.05       0.17       0.25       0.16       0.06
       0.39       0.77       0.39       0.25       0.09       0.17       0.25       0.13       0.07
       0.31       0.27       0.21       0.19       0.06       0.09       0.20       0.12       0.13
       0.21       0.21       0.16       0.08       0.10       0.08       0.12       0.17       0.13
       0.23       0.42       0.50       0.21       0.13       0.14       0.37       0.31       0.17
       0.05       0.13       0.22       0.16       0.12       0.21       0.43       0.24       0.23
       0.04       0.02       0.02       0.06       0.17       0.16       0.20       0.36       0.21
     86400    9   13
       0.17       0.19       0.10       0.24       0.32       0.30       0.21       0.26       0.27
       0.32       0.31       0.16       0.08       0.10       0.25       0.32       0.10       0.10
       0.76       0.28       0.19       0.16       0.29       0.42       0.32       0.11       0.39
       0.71       0.39       0.36       0.17       0.69       0.52       0.44       0.26       0.48
       0.28       0.38       0.63       0.37       0.73       0.63       0.55       0.32       0.55
       0.62       0.53       1.00       0.30       0.61       0.76       0.65       0.42       0.49
       0.94       0.73       0.84       0.19       0.80       1.06       0.72       0.47       0.41
       0.90       1.14       1.17       0.31       0.62       0.51       0.41       0.43       0.44
       1.28       1.99       2.55       0.64       0.71       0.36       0.22       0.17       0.24
       1.39       1.13       1.29       1.46       0.51       0.39       0.19       0.14       0.24
       0.34       0.92       1.07       0.71       0.53       0.37       0.26       0.15       0.14
       0.31       1.69       1.05       0.37       0.26       0.21       0.22       0.20       0.09
       0.10       0.21       0.41       0.30       0.13       0.17       0.34       0.22       0.19
    172800    9   13
       0.06       0.06       0.09       0.08       0.14       0.09       0.07       0.08       0.10
       0.04       0.03       0.08       0.03       0.06       0.06       0.07       0.08       0.11
       0.25       0.06       0.14       0.04       0.08       0.08       0.11       0.12       0.10
       0.16       0.17       0.24       0.04       0.16       0.12       0.14       0.15       0.18
       0.09       0.11       0.17       0.06       0.05       0.12       0.18       0.24       0.22
       0.07       0.09       0.10       0.05       0.08       0.09       0.12       0.16       0.21
       0.14       0.12       0.07       0.03       0.15       0.09       0.05       0.12       0.14
       0.08       0.04       0.08       0.09       0.07       0.07       0.04       0.08       0.11
       0.07       0.14       0.13       0.16       0.08       0.06       0.03       0.05       0.07
       0.05       0.08       0.12       0.12       0.07       0.05       0.02       0.10       0.09
       0.02       0.06       0.18       0.16       0.11       0.11       0.09       0.05       0.12
       0.01       0.13       0.29       0.21       0.09       0.11       0.07       0.02       0.02
       0.01       0.04       0.11       0.36       0.17       0.13       0.10       0.10       0.10
    259200    9   13
       0.12       0.14       0.32       0.20       0.15       0.11       0.15       0.11       0.11
       0.10       0.21       0.55       0.48       0.20       0.21       0.17       0.16       0.09
       0.03       0.03       0.10       0.08       0.19       0.13       0.15       0.28       0.43
       0.05       0.05       0.05       0.17       0.30       0.14       0.11       0.27       0.53
       0.12       0.44       0.25       0.07       0.22       0.11       0.08       0.18       0.25
       0.33       0.44       0.21       0.03       0.22       0.12       0.08       0.14       0.23
       1.64       1.49       0.29       0.12       0.17       0.07       0.03       0.06       0.11
       0.62       0.75       0.18       0.10       0.10       0.04       0.03       0.06       0.09
       0.08       0.16       0.17       0.09       0.05       0.02       0.02       0.04       0.08
       0.03       0.04       0.11       0.06       0.06       0.07       0.01       0.03       0.03
       0.04       0.06       0.02       0.03       0.07       0.06       0.01       0.05       0.05
       0.07       0.06       0.02       0.00       0.04       0.11       0.10       0.03       0.01
       0.06       0.06       0.03       0.04       0.01       0.04       0.13       0.12       0.02
    345600    9   13
       0.29       0.32       0.30       0.46       0.90       1.43       1.37       1.24       1.29
       0.76       0.44       0.14       0.36       0.68       1.07       1.01       0.90       0.49
       0.09       0.12       0.14       0.50       0.74       0.69       0.80       0.79       0.53
       0.16       0.17       0.20       1.31       1.30       0.52       0.90       1.15       0.68
       0.02       0.08       0.22       0.44       0.52       0.62       1.20       1.16       0.99
       0.02       0.05       0.14       0.34       0.53       0.99       1.08       0.94       0.58
       0.17       0.32       0.17       0.39       0.78       1.30       1.44       0.97       0.99
       0.45       0.38       0.30       0.43       0.55       0.78       1.34       1.55       1.74
       0.22       0.22       0.24       0.45       0.58       0.32       0.36       0.48       1.68
       0.16       0.25       0.41       0.58       0.62       0.65       0.31       0.62       0.79
       0.23       0.30       0.36       0.68       0.74       0.77       0.46       0.40       0.43
       0.17       0.15       0.21       0.43       0.43       1.01       1.27       0.53       0.31
       0.10       0.04       0.18       0.45       0.46       0.52       0.63       0.42       0.38
    432000    9   13
       0.37       0.39       0.37       0.29       0.23       0.35       0.52       0.30       0.10
       0.33       0.45       0.41       0.41       0.21       0.22       0.32       0.13       0.08
       0.35       0.53       0.43       0.23       0.23       0.15       0.24       0.15       0.09
       0.29       0.42       0.39       0.11       0.17       0.28       0.23       0.21       0.13
       0.45       0.44       0.36       0.14       0.17       0.23       0.23       0.22       0.14
       0.67       0.52       0.21       0.21       0.23       0.35       0.28       0.28       0.31
       0.83       0.39       0.32       0.30       0.38       0.66       0.42       0.42       0.39
       0.31       0.38       0.44       0.57       0.74       0.59       0.34       0.28       0.24
       0.32       0.95       0.80       0.43       0.86       0.55       0.37       0.24       0.23
       0.61       0.49       0.73       0.45       0.56       0.40       0.32       0.19       0.20
       0.51       0.70       0.48       0.39       0.53       0.49       0.32       0.12       0.14
       0.43       0.39       0.43       0.37       0.42       0.32       0.27       0.27       0.21
       0.30       0.42       0.54       0.50       0.37       0.29       0.46       0.39       0.38
    518400    9   13
       0.22       0.83       0.79       0.36       0.20       0.18       0.27       0.45       0.59
       0.20       0.54       0.51       0.45       0.64       0.75       0.32       0.54       0.82
       0.36       0.25       0.38       0.39       0.74       0.99       0.31       0.54       0.57
       0.30       0.22       0.18       0.17       0.22       0.37       0.22       0.30       0.23
       0.32       0.17       0.17       0.23       0.17       0.18       0.12       0.12       0.13
       0.63       0.13       0.22       0.34       0.27       0.14       0.12       0.14       0.12
       0.54       0.17       0.35       0.98       0.36       0.13       0.20       0.34       0.23
       0.23       0.22       0.16       0.22       0.13       0.12       0.12       0.28       0.30
       0.27       0.21       0.09       0.08       0.09       0.15       0.16       0.19       0.31
       0.15       0.08       0.12       0.05       0.07       0.17       0.18       0.21       0.30
       0.02       0.07       0.09       0.03       0.05       0.15       0.16       0.26       0.23
       0.03       0.06       0.05       0.05       0.06       0.14       0.13       0.24       0.22
       0.16       0.18       0.25       0.12       0.05       0.13       0.13       0.17       0.21
    604800    9   13
       0.13       0.11       0.13       0.16       0.22       0.20       0.21       0.30       0.30
       0.14       0.10       0.16       0.20       0.15       0.20       0.30       0.21       0.18
       0.27       0.14       0.17       0.13       0.10       0.15       0.15       0.14       0.28
       0.71       0.31       0.21       0.10       0.05       0.12       0.11       0.11       0.10
       0.71       0.23       0.21       0.06       0.04       0.13       0.19       0.22       0.10
       0.62       0.24       0.13       0.07       0.11       0.32       0.27       0.22       0.08
       0.70       0.34       0.17       0.20       0.24       0.63       0.29       0.22       0.09
       0.57       0.38       0.18       0.18       0.21       1.23       0.69       0.35       0.27
       0.40       0.28       0.37       0.22       0.33       1.23       1.14       0.69       0.32
       0.46       0.34       0.37       0.31       0.28       1.00       1.06       0.93       0.24
       0.39       0.35       0.50       0.31       0.33       0.77       1.17       1.22       0.72
       0.13       0.31       0.59       0.43       0.52       0.73       0.73       1.32       1.43
       0.16       0.23       0.60       0.51       0.56       0.82       0.63       1.69       1.61
    691200    9   13
       0.19       0.15       0.16       0.19       0.15       0.16       0.27       0.27       0.22
       0.36       0.19       0.18       0.21       0.11       0.18       0.24       0.16       0.18
       0.39       0.37       0.24       0.23       0.08       0.25       0.17       0.17       0.22
       0.43       0.56       0.40       0.18       0.07       0.18       0.12       0.17       0.10
       0.34       0.88       0.81       0.39       0.11       0.16       0.14       0.15       0.11
       0.60       0.93       0.90       0.47       0.36       0.44       0.21       0.21       0.14
       0.94       1.03       0.75       0.61       0.38       0.50       0.23       0.21       0.22
       0.90       1.33       0.79       0.32       0.60       0.80       0.34       0.22       0.12
       0.95       1.09       0.44       0.22       0.63       0.90       0.59       0.22       0.19
       0.67       0.39       0.39       0.32       0.65       0.55       0.71       0.37       0.37
       0.44       0.42       0.36       0.44       0.82       0.35       0.28       0.23       0.36
       0.37       0.32       0.37       0.41       0.47       0.30       0.24       0.24       0.67
       0.31       0.23       0.31       0.34       0.39       0.37       0.32       0.31       0.39
    777600    9   13
       0.37       0.22       0.17       0.17       0.15       0.17       0.22       0.18       0.20
       0.36       0.22       0.35       0.27       0.17       0.16       0.19       0.26       0.31
       0.38       0.48       0.38       0.37       0.39       0.45       0.46       0.41       0.16
       0.71       0.46       0.35       0.34       0.47       0.35       0.54       0.36       0.34
       0.45       0.44       0.27       0.31       0.46       0.23       0.30       0.24       0.26
       0.39       0.53       0.43       0.46       0.40       0.39       0.27       0.09       0.12
       0.30       0.76       0.78       0.98       0.37       0.31       0.30       0.11       0.14
       0.39       0.84       0.50       1.03       0.66       0.31       0.35       0.47       0.43
       0.37       0.35       0.63       0.88       0.86       0.76       1.07       1.47       0.87
       0.62       0.49       0.59       0.51       0.50       0.69       0.97       1.19       1.35
       0.46       0.39       0.42       0.23       0.31       0.56       0.76       1.21       0.78
       0.27       0.32       0.35       0.31       0.42       0.46       0.43       0.72       0.67
       0.25       0.18       0.21       0.17       0.32       0.48       0.42       0.60       0.52
    864000    9   13
       0.13       0.14       0.18       0.25       0.14       0.11       0.14       0.13       0.10
       0.09       0.06       0.10       0.16       0.15       0.16       0.10       0.11       0.20
       0.06       0.03       0.06       0.10       0.04       0.07       0.07       0.07       0.19
       0.06       0.05       0.06       0.11       0.03       0.03       0.09       0.06       0.07
       0.04       0.03       0.05       0.10       0.06       0.05       0.11       0.08       0.11
       0.07       0.05       0.07       0.14       0.11       0.10       0.14       0.09       0.15
       0.09       0.10       0.07       0.12       0.14       0.16       0.23       0.17       0.21
       0.08       0.08       0.03       0.05       0.06       0.17       0.24       0.30       0.32
       0.04       0.04       0.08       0.10       0.11       0.17       0.25       0.39       0.38
       0.05       0.04       0.08       0.05       0.05       0.13       0.19       0.39       0.35
       0.03       0.12       0.14       0.01       0.01       0.05       0.12       0.22       0.24
       0.06       0.15       0.17       0.08       0.03       0.02       0.04       0.17       0.36
       0.09       0.18       0.22       0.17       0.06       0.09       0.06       0.12       0.39
    950400    9   13
       0.16       0.08       0.09       0.14       0.10       0.07       0.08       0.07       0.12
       0.21       0.09       0.09       0.10       0.10       0.10       0.12       0.08       0.06
       0.17       0.14       0.08       0.07       0.03       0.04       0.11       0.11       0.08
       0.08       0.08       0.09       0.17       0.03       0.02       0.04       0.09       0.09
       0.03       0.02       0.03       0.16       0.07       0.02       0.09       0.10       0.11
       0.04       0.02       0.02       0.27       0.16       0.08       0.17       0.27       0.30
       0.10       0.07       0.02       0.14       0.09       0.08       0.30       0.42       0.40
       0.13       0.11       0.10       0.05       0.03       0.04       0.22       0.29       0.30
       0.16       0.14       0.15       0.13       0.07       0.06       0.12       0.15       0.24
       0.23       0.21       0.23       0.14       0.11       0.08       0.07       0.17       0.20
       0.32       0.35       0.25       0.09       0.08       0.09       0.07       0.11       0.16
       0.18       0.39       0.32       0.15       0.09       0.14       0.10       0.11       0.14
       0.17       0.19       0.24       0.12       0.10       0.13       0.07       0.08       0.13
   1036800    9   13
       0.12       0.05       0.30       0.42       0.16       0.08       0.17       0.28       0.33
       0.07       0.04       0.10       0.21       0.05       0.09       0.24       0.27       0.23
       0.07       0.12       0.15       0.18       0.02       0.05       0.24       0.17       0.18
       0.09       0.17       0.21       0.34       0.07       0.06       0.29       0.12       0.07
       0.14       0.11       0.14       0.34       0.20       0.16       0.28       0.22       0.24
       0.13       0.10       0.10       0.18       0.16       0.17       0.30       0.30       0.30
       0.08       0.06       0.02       0.06       0.05       0.07       0.21       0.32       0.33
       0.02       0.01       0.02       0.01       0.03       0.07       0.18       0.19       0.28
       0.02       0.01       0.03       0.02       0.03       0.10       0.16       0.12       0.21
       0.04       0.02       0.02       0.03       0.03       0.06       0.07       0.17       0.22
       0.01       0.00       0.01       0.01       0.01       0.02       0.10       0.23       0.20
       0.01       0.00       0.01       0.00       0.01       0.06       0.08       0.10       0.10
       0.08       0.00       0.00       0.00       0.03       0.07       0.07       0.07       0.09
   1123200    9   13
       0.21       0.11       0.42       0.36       0.17       0.18       0.29       0.16       0.18
       0.21       0.12       0.10       0.23       0.18       0.27       0.32       0.17       0.16
       0.11       0.17       0.16       0.20       0.08       0.19       0.16       0.08       0.09
       0.13       0.21       0.34       0.49       0.25       0.15       0.14       0.13       0.10
       0.13       0.14       0.42       0.67       0.31       0.17       0.23       0.18       0.21
       0.12       0.14       0.58       0.46       0.23       0.19       0.27       0.17       0.16
       0.13       0.21       0.20       0.23       0.17       0.16       0.24       0.20       0.21
       0.17       0.32       0.18       0.10       0.14       0.23       0.24       0.21       0.31
       0.16       0.12       0.10       0.14       0.15       0.22       0.25       0.29       0.43
       0.37       0.34       0.21       0.16       0.11       0.12       0.20       0.42       0.30
       0.39       0.29       0.17       0.11       0.05       0.08       0.10       0.16       0.08
       0.36       0.41       0.29       0.18       0.15       0.16       0.07       0.04       0.06
       0.43       0.43       0.21       0.17       0.18       0.20       0.08       0.07       0.05
   1209600    9   13
       0.29       0.19       0.43       0.40       0.22       0.24       0.33       0.45       0.49
       0.31       0.18       0.17       0.23       0.12       0.18       0.37       0.43       0.43
       0.23       0.36       0.18       0.26       0.09       0.08       0.25       0.32       0.32
       0.15       0.22       0.27       0.39       0.22       0.08       0.29       0.50       0.32
       0.03       0.06       0.20       0.52       0.31       0.16       0.22       0.41       0.32
       0.07       0.11       0.20       0.32       0.27       0.18       0.22       0.35       0.30
       0.14       0.17       0.30       0.27       0.11       0.07       0.16       0.22       0.22
       0.14       0.19       0.31       0.16       0.07       0.06       0.12       0.16       0.17
       0.09       0.11       0.09       0.10       0.07       0.10       0.16       0.12       0.14
       0.09       0.22       0.15       0.11       0.10       0.16       0.12       0.14       0.11
       0.05       0.25       0.20       0.12       0.10       0.08       0.06       0.08       0.08
       0.07       0.19       0.19       0.14       0.10       0.13       0.08       0.12       0.14
       0.09       0.13       0.09       0.10       0.14       0.18       0.12       0.11       0.13
   1296000    9   13
       0.14       0.13       0.18       0.31       0.32       0.27       0.31       0.38       0.35
       0.15       0.30       0.27       0.31       0.30       0.25       0.30       0.31       0.32
       0.13       0.13       0.10       0.17       0.14       0.22       0.29       0.26       0.26
       0.05       0.04       0.04       0.10       0.06       0.20       0.29       0.44       0.46
       0.03       0.03       0.04       0.07       0.09       0.12       0.18       0.32       0.35
       0.04       0.06       0.07       0.07       0.09       0.14       0.21       0.19       0.20
       0.07       0.06       0.04       0.05       0.08       0.13       0.14       0.15       0.19
       0.03       0.02       0.02       0.02       0.04       0.08       0.08       0.13       0.17
       0.02       0.04       0.03       0.03       0.04       0.05       0.07       0.10       0.16
       0.03       0.04       0.05       0.03       0.07       0.11       0.15       0.18       0.19
       0.06       0.10       0.11       0.12       0.25       0.27       0.21       0.23       0.24
       0.22       0.17       0.14       0.18       0.16       0.19       0.18       0.14       0.15
       0.21       0.14       0.24       0.15       0.14       0.11       0.09       0.08       0.10
