         0    9   13
       0.02       0.00       0.01       0.01       0.01       0.05       0.18       0.19       0.13
       0.04       0.01       0.01       0.02       0.01       0.04       0.09       0.23       0.17
       0.00       0.00       0.01       0.07       0.03       0.05       0.02       0.14       0.30
       0.00       0.00       0.07       0.08       0.10       0.11       0.05       0.05       0.11
       0.04       0.01       0.08       0.20       0.16       0.09       0.04       0.02       0.02
       0.11       0.06       0.04       0.30       0.33       0.06       0.04       0.01       0.01
       0.16       0.24       0.08       0.13       0.12       0.10       0.14       0.02       0.00
       0.33       0.20       0.05       0.00       0.00       0.02       0.08       0.02       0.00
       0.35       0.21       0.09       0.01       0.00       0.00       0.00       0.00       0.00
       0.44       0.24       0.20       0.15       0.02       0.00       0.00       0.00       0.00
       0.45       0.49       0.22       0.10       0.00       0.00       0.00       0.00       0.00
       0.38       0.36       0.17       0.00       0.00       0.00       0.00       0.00       0.00
       0.30       0.29       0.24       0.01       0.00       0.00       0.00       0.00       0.00
     86400    9   13
       0.15       0.08       0.09       0.07       0.11       0.17       0.14       0.13       0.08
       0.26       0.19       0.19       0.04       0.06       0.09       0.11       0.07       0.05
       0.04       0.19       0.18       0.16       0.11       0.14       0.11       0.05       0.04
       0.08       0.23       0.24       0.16       0.19       0.25       0.08       0.06       0.05
       0.02       0.10       0.13       0.13       0.16       0.13       0.14       0.07       0.02
       0.01       0.10       0.11       0.12       0.14       0.16       0.20       0.05       0.01
       0.07       0.10       0.06       0.07       0.04       0.04       0.03       0.01       0.00
       0.04       0.03       0.01       0.00       0.00       0.00       0.00       0.00       0.00
       0.01       0.00       0.00       0.00       0.00       0.00       0.00       0.00       0.00
       0.01       0.00       0.00       0.00       0.00       0.00       0.00       0.00       0.00
       0.02       0.01       0.01       0.00       0.00       0.00       0.00       0.00       0.00
       0.03       0.02       0.01       0.00       0.00       0.00       0.00       0.00       0.00
       0.02       0.01       0.01       0.00       0.00       0.00       0.00       0.00       0.00
    172800    9   13
       0.02       0.01       0.01       0.02       0.02       0.04       0.05       0.06       0.04
       0.09       0.02       0.02       0.03       0.04       0.05       0.06       0.06       0.05
       0.01       0.01       0.02       0.04       0.03       0.05       0.08       0.07       0.06
       0.00       0.01       0.01       0.04       0.06       0.08       0.06       0.05       0.06
       0.00       0.01       0.02       0.01       0.03       0.06       0.05       0.04       0.04
       0.01       0.02       0.01       0.00       0.02       0.05       0.06       0.02       0.02
       0.02       0.02       0.01       0.00       0.01       0.02       0.02       0.01       0.01
       0.01       0.00       0.00       0.00       0.00       0.00       0.00       0.00       0.00
       0.00       0.00       0.00       0.00       0.00       0.00       0.00       0.00       0.00
       0.00       0.00       0.00       0.00       0.00       0.00       0.00       0.00       0.00
       0.00       0.00       0.00       0.00       0.00       0.00       0.00       0.00       0.00
       0.01       0.00       0.00       0.00       0.00       0.00       0.00       0.00       0.00
       0.00       0.01       0.00       0.00       0.00       0.00       0.00       0.00       0.00
    259200    9   13
       0.05       0.03       0.04       0.03       0.05       0.04       0.03       0.03       0.04
       0.01       0.02       0.05       0.03       0.02       0.03       0.03       0.03       0.03
       0.01       0.04       0.03       0.03       0.03       0.02       0.01       0.02       0.03
       0.02       0.02       0.02       0.02       0.03       0.02       0.01       0.02       0.03
       0.01       0.01       0.01       0.00       0.02       0.03       0.03       0.02       0.01
       0.01       0.02       0.01       0.00       0.00       0.02       0.03       0.01       0.00
       0.02       0.02       0.01       0.00       0.00       0.00       0.00       0.00       0.00
       0.01       0.00       0.00       0.00       0.00       0.00       0.00       0.00       0.00
       0.00       0.00       0.00       0.00       0.00       0.00       0.00       0.00       0.00
       0.01       0.00       0.00       0.00       0.00       0.00       0.00       0.00       0.00
       0.01       0.00       0.00       0.00       0.00       0.00       0.00       0.00       0.00
       0.03       0.01       0.01       0.00       0.00       0.00       0.00       0.00       0.00
       0.02       0.01       0.00       0.00       0.00       0.00       0.00       0.00       0.00
    345600    9   13
       0.04       0.04       0.05       0.09       0.06       0.03       0.01       0.03       0.03
       0.04       0.02       0.02       0.03       0.03       0.03       0.02       0.03       0.03
       0.01       0.01       0.01       0.00       0.01       0.05       0.04       0.02       0.02
       0.02       0.00       0.00       0.01       0.03       0.05       0.05       0.03       0.03
       0.01       0.01       0.01       0.01       0.03       0.03       0.02       0.04       0.03
       0.01       0.03       0.02       0.01       0.02       0.07       0.08       0.07       0.05
       0.04       0.05       0.03       0.04       0.14       0.18       0.14       0.11       0.06
       0.02       0.01       0.01       0.04       0.06       0.09       0.11       0.08       0.09
       0.01       0.01       0.00       0.01       0.02       0.07       0.04       0.06       0.08
       0.04       0.01       0.00       0.00       0.00       0.00       0.00       0.00       0.01
       0.03       0.01       0.00       0.00       0.00       0.00       0.00       0.00       0.00
       0.11       0.02       0.01       0.00       0.00       0.00       0.01       0.01       0.00
       0.22       0.09       0.02       0.01       0.00       0.01       0.00       0.01       0.01
    432000    9   13
       0.12       0.09       0.11       0.17       0.13       0.10       0.09       0.04       0.04
       0.07       0.10       0.17       0.17       0.08       0.11       0.15       0.06       0.04
       0.02       0.04       0.09       0.11       0.08       0.08       0.11       0.04       0.03
       0.01       0.02       0.02       0.09       0.04       0.04       0.03       0.05       0.05
       0.01       0.01       0.02       0.02       0.05       0.11       0.11       0.21       0.14
       0.01       0.02       0.01       0.01       0.06       0.17       0.11       0.20       0.18
       0.04       0.04       0.02       0.01       0.05       0.09       0.08       0.07       0.06
       0.02       0.01       0.01       0.00       0.01       0.04       0.06       0.11       0.10
       0.02       0.00       0.00       0.00       0.00       0.00       0.00       0.01       0.05
       0.03       0.01       0.00       0.00       0.00       0.00       0.00       0.00       0.00
       0.09       0.06       0.01       0.00       0.01       0.00       0.00       0.00       0.00
       0.02       0.03       0.02       0.01       0.03       0.08       0.00       0.00       0.00
       0.01       0.03       0.06       0.06       0.04       0.07       0.01       0.04       0.01
    518400    9   13
       0.04       0.05       0.02       0.05       0.13       0.13       0.11       0.12       0.09
       0.00       0.00       0.02       0.05       0.07       0.07       0.07       0.09       0.08
       0.00       0.00       0.02       0.03       0.07       0.05       0.04       0.06       0.04
       0.00       0.00       0.00       0.01       0.03       0.02       0.05       0.09       0.05
       0.00       0.01       0.01       0.00       0.02       0.02       0.03       0.08       0.13
       0.01       0.03       0.02       0.01       0.01       0.02       0.02       0.08       0.08
       0.03       0.05       0.02       0.01       0.01       0.02       0.03       0.04       0.05
       0.02       0.03       0.01       0.01       0.03       0.04       0.02       0.07       0.11
       0.02       0.07       0.02       0.01       0.02       0.02       0.00       0.01       0.02
       0.03       0.12       0.09       0.04       0.02       0.01       0.00       0.00       0.00
       0.07       0.23       0.22       0.08       0.03       0.04       0.01       0.00       0.00
       0.25       0.35       0.29       0.10       0.09       0.20       0.08       0.11       0.08
       0.04       0.16       0.20       0.22       0.12       0.25       0.11       0.12       0.17
    604800    9   13
       0.04       0.14       0.05       0.06       0.10       0.17       0.14       0.18       0.28
       0.00       0.04       0.05       0.05       0.06       0.07       0.07       0.09       0.15
       0.00       0.00       0.00       0.01       0.03       0.03       0.03       0.04       0.11
       0.00       0.00       0.00       0.00       0.02       0.01       0.02       0.03       0.08
       0.01       0.00       0.00       0.00       0.01       0.00       0.01       0.01       0.02
       0.02       0.02       0.01       0.00       0.01       0.00       0.00       0.00       0.01
       0.08       0.08       0.02       0.01       0.00       0.00       0.00       0.00       0.00
       0.12       0.10       0.01       0.02       0.02       0.01       0.07       0.07       0.03
       0.02       0.11       0.02       0.02       0.03       0.03       0.04       0.12       0.12
       0.06       0.15       0.05       0.03       0.05       0.03       0.04       0.20       0.14
       0.11       0.22       0.13       0.02       0.04       0.13       0.03       0.12       0.09
       0.10       0.13       0.06       0.03       0.04       0.16       0.07       0.07       0.08
       0.24       0.16       0.13       0.11       0.08       0.18       0.10       0.03       0.09
    691200    9   13
       0.06       0.22       0.08       0.03       0.08       0.07       0.07       0.15       0.08
       0.00       0.02       0.11       0.02       0.03       0.04       0.05       0.08       0.06
       0.00       0.00       0.01       0.03       0.02       0.05       0.09       0.07       0.09
       0.00       0.00       0.00       0.01       0.01       0.06       0.06       0.05       0.10
       0.01       0.01       0.01       0.00       0.01       0.07       0.09       0.07       0.05
       0.02       0.03       0.02       0.01       0.09       0.11       0.10       0.12       0.09
       0.14       0.05       0.08       0.07       0.10       0.07       0.11       0.18       0.10
       0.06       0.03       0.08       0.07       0.06       0.05       0.07       0.09       0.05
       0.09       0.08       0.08       0.08       0.11       0.06       0.07       0.09       0.10
       0.08       0.05       0.05       0.05       0.13       0.05       0.08       0.05       0.07
       0.10       0.07       0.05       0.07       0.08       0.13       0.09       0.01       0.02
       0.25       0.09       0.05       0.08       0.02       0.12       0.12       0.01       0.01
       0.36       0.23       0.16       0.16       0.08       0.12       0.09       0.01       0.02
    777600    9   13
       0.12       0.05       0.10       0.12       0.08       0.05       0.07       0.06       0.08
       0.12       0.11       0.09       0.02       0.03       0.03       0.04       0.09       0.09
       0.00       0.00       0.02       0.01       0.01       0.07       0.03       0.02       0.07
       0.02       0.00       0.00       0.00       0.02       0.10       0.03       0.02       0.12
       0.07       0.01       0.00       0.00       0.02       0.07       0.09       0.05       0.08
       0.03       0.09       0.02       0.01       0.03       0.09       0.21       0.14       0.06
       0.07       0.11       0.07       0.07       0.05       0.02       0.06       0.07       0.04
       0.02       0.25       0.06       0.01       0.00       0.00       0.04       0.05       0.06
       0.01       0.08       0.01       0.00       0.01       0.00       0.00       0.02       0.01
       0.03       0.02       0.02       0.00       0.01       0.00       0.00       0.00       0.00
       0.01       0.07       0.05       0.01       0.01       0.03       0.01       0.00       0.00
       0.02       0.05       0.07       0.04       0.04       0.09       0.08       0.00       0.00
       0.05       0.06       0.05       0.08       0.06       0.07       0.11       0.03       0.00
    864000    9   13
       0.01       0.32       0.17       0.25       0.18       0.24       0.09       0.16       0.26
       0.04       0.40       0.59       0.28       0.20       0.13       0.09       0.11       0.11
       0.18       0.23       0.53       0.09       0.20       0.33       0.12       0.19       0.14
       0.12       0.16       0.53       0.15       0.36       0.36       0.11       0.07       0.15
       0.09       0.22       0.52       0.02       0.08       0.27       0.14       0.05       0.08
       0.11       0.20       0.10       0.00       0.01       0.30       0.28       0.06       0.25
       0.24       0.09       0.03       0.01       0.24       0.59       0.16       0.13       0.43
       0.25       0.13       0.05       0.04       0.12       0.31       0.24       0.45       0.59
       0.11       0.13       0.06       0.06       0.23       0.44       0.20       0.54       0.30
       0.59       0.30       0.17       0.07       0.64       0.32       0.08       0.13       0.09
       0.38       0.47       0.34       0.11       0.19       0.33       0.10       0.02       0.07
       0.25       0.43       0.39       0.12       0.13       0.16       0.10       0.03       0.09
       0.25       0.38       0.40       0.19       0.20       0.21       0.17       0.05       0.05
    950400    9   13
       0.00       0.00       0.01       0.08       0.25       0.20       0.24       0.34       0.33
       0.00       0.00       0.03       0.11       0.11       0.20       0.09       0.08       0.07
       0.00       0.00       0.05       0.11       0.28       0.20       0.13       0.05       0.11
       0.01       0.00       0.02       0.16       0.16       0.28       0.08       0.15       0.31
       0.06       0.01       0.02       0.01       0.04       0.10       0.07       0.12       0.05
       0.07       0.03       0.06       0.01       0.06       0.09       0.16       0.07       0.06
       0.17       0.13       0.08       0.11       0.12       0.16       0.22       0.10       0.10
       0.06       0.09       0.13       0.13       0.18       0.15       0.17       0.07       0.03
       0.09       0.10       0.32       0.24       0.13       0.23       0.27       0.13       0.06
       0.23       0.50       0.39       0.47       0.34       0.36       0.25       0.41       0.27
       0.37       0.81       0.71       0.59       0.50       0.30       0.10       0.38       0.69
       0.22       0.59       0.90       0.39       0.63       0.71       0.44       0.33       0.55
       0.08       0.43       0.52       0.17       0.23       0.58       0.80       0.64       0.60
   1036800    9   13
       0.04       0.11       0.11       0.17       0.13       0.10       0.18       0.23       0.15
       0.02       0.09       0.07       0.11       0.09       0.15       0.17       0.13       0.18
       0.03       0.04       0.07       0.06       0.07       0.16       0.04       0.03       0.11
       0.01       0.01       0.02       0.01       0.08       0.12       0.04       0.01       0.03
       0.06       0.01       0.02       0.01       0.06       0.14       0.09       0.02       0.03
       0.02       0.03       0.03       0.10       0.11       0.08       0.07       0.11       0.08
       0.05       0.04       0.02       0.13       0.12       0.05       0.11       0.09       0.15
       0.09       0.01       0.00       0.10       0.25       0.11       0.03       0.06       0.14
       0.18       0.01       0.00       0.11       0.24       0.04       0.01       0.06       0.02
       0.27       0.01       0.00       0.10       0.16       0.07       0.03       0.04       0.05
       0.15       0.00       0.02       0.15       0.13       0.03       0.07       0.01       0.03
       0.02       0.00       0.02       0.05       0.04       0.04       0.07       0.01       0.00
       0.00       0.00       0.02       0.11       0.05       0.09       0.17       0.01       0.00
   1123200    9   13
       0.02       0.09       0.22       0.22       0.08       0.03       0.05       0.07       0.08
       0.09       0.24       0.17       0.04       0.02       0.01       0.02       0.08       0.08
       0.04       0.04       0.01       0.01       0.01       0.02       0.01       0.01       0.04
       0.02       0.00       0.00       0.00       0.01       0.04       0.02       0.01       0.01
       0.01       0.01       0.00       0.01       0.02       0.09       0.02       0.00       0.01
       0.03       0.04       0.02       0.06       0.07       0.09       0.01       0.01       0.02
       0.05       0.11       0.10       0.02       0.06       0.09       0.01       0.03       0.06
       0.03       0.06       0.13       0.13       0.10       0.12       0.01       0.06       0.10
       0.01       0.05       0.09       0.10       0.07       0.09       0.02       0.07       0.07
       0.01       0.01       0.05       0.08       0.12       0.08       0.02       0.05       0.08
       0.01       0.00       0.07       0.14       0.11       0.08       0.07       0.07       0.06
       0.01       0.10       0.15       0.12       0.10       0.08       0.09       0.12       0.09
       0.01       0.18       0.17       0.15       0.18       0.06       0.10       0.11       0.07
   1209600    9   13
       0.01       0.00       0.00       0.03       0.08       0.09       0.08       0.14       0.16
       0.00       0.00       0.01       0.04       0.07       0.04       0.07       0.17       0.15
       0.00       0.00       0.00       0.03       0.04       0.03       0.05       0.08       0.08
       0.00       0.00       0.00       0.00       0.00       0.01       0.01       0.01       0.02
       0.00       0.00       0.00       0.00       0.00       0.00       0.00       0.00       0.01
       0.01       0.01       0.00       0.00       0.00       0.00       0.00       0.00       0.00
       0.03       0.01       0.01       0.00       0.00       0.00       0.00       0.00       0.00
       0.02       0.00       0.00       0.00       0.00       0.00       0.01       0.01       0.01
       0.00       0.00       0.00       0.00       0.00       0.00       0.01       0.00       0.01
       0.02       0.00       0.00       0.00       0.00       0.00       0.00       0.00       0.00
       0.04       0.01       0.00       0.00       0.00       0.01       0.00       0.00       0.00
       0.03       0.01       0.01       0.00       0.00       0.01       0.00       0.00       0.00
       0.01       0.01       0.02       0.01       0.01       0.00       0.00       0.00       0.00
   1296000    9   13
       0.00       0.00       0.01       0.01       0.00       0.03       0.04       0.07       0.14
       0.00       0.00       0.00       0.00       0.00       0.01       0.02       0.04       0.05
       0.00       0.00       0.00       0.00       0.01       0.01       0.03       0.07       0.06
       0.00       0.00       0.00       0.00       0.01       0.04       0.09       0.15       0.09
       0.00       0.00       0.00       0.01       0.02       0.03       0.11       0.21       0.25
       0.01       0.03       0.03       0.09       0.02       0.04       0.09       0.11       0.19
       0.03       0.11       0.06       0.04       0.01       0.05       0.07       0.22       0.20
       0.03       0.12       0.05       0.04       0.01       0.02       0.06       0.14       0.11
       0.01       0.13       0.12       0.04       0.01       0.05       0.06       0.14       0.12
       0.03       0.13       0.13       0.02       0.02       0.04       0.12       0.18       0.16
       0.12       0.24       0.21       0.10       0.01       0.11       0.24       0.15       0.14
       0.18       0.23       0.16       0.15       0.03       0.20       0.30       0.26       0.26
       0.18       0.18       0.12       0.18       0.11       0.13       0.55       0.42       0.30
