         0    9   13
       0.26       0.15       0.21       0.21       0.19       0.22       0.33       0.46       0.43
       0.20       0.15       0.33       0.24       0.26       0.43       0.41       0.42       0.39
       0.20       0.12       0.18       0.13       0.38       0.76       0.59       0.53       0.62
       0.15       0.11       0.16       0.16       0.28       0.71       0.50       0.46       0.53
       0.13       0.08       0.16       0.21       0.37       0.78       0.56       0.47       0.36
       0.12       0.08       0.20       0.24       0.47       0.75       0.57       0.56       0.61
       0.25       0.18       0.30       0.24       0.39       0.42       0.33       0.43       0.51
       0.30       0.30       0.34       0.23       0.21       0.30       0.34       0.44       0.46
       0.15       0.16       0.19       0.22       0.24       0.44       0.49       0.53       0.47
       0.16       0.27       0.19       0.22       0.70       0.76       0.55       0.61       0.63
       0.05       0.31       0.34       0.24       0.66       0.31       0.51       0.87       0.99
       0.11       0.27       0.36       0.37       0.50       0.46       0.51       0.61       0.71
       0.25       0.22       0.25       0.33       0.47       0.66       0.41       0.45       0.60
     86400    9   13
       0.49       0.56       0.69       0.86       0.73       0.94       0.83       0.93       0.86
       0.47       0.72       0.78       0.78       0.76       0.72       0.85       1.05       1.05
       0.47       0.53       0.53       0.45       0.40       0.80       0.56       0.50       0.61
       0.08       0.14       0.27       0.26       0.20       0.52       0.52       0.41       0.44
       0.01       0.01       0.03       0.02       0.06       0.31       0.42       0.20       0.18
       0.00       0.00       0.00       0.00       0.04       0.16       0.27       0.20       0.21
       0.01       0.04       0.02       0.01       0.04       0.12       0.17       0.33       0.43
       0.02       0.03       0.04       0.07       0.12       0.12       0.20       0.29       0.35
       0.01       0.02       0.08       0.11       0.13       0.10       0.13       0.14       0.15
       0.01       0.04       0.11       0.06       0.08       0.07       0.10       0.08       0.05
       0.01       0.03       0.07       0.06       0.11       0.13       0.14       0.14       0.07
       0.04       0.08       0.09       0.11       0.14       0.14       0.15       0.14       0.13
       0.06       0.03       0.08       0.13       0.13       0.08       0.11       0.13       0.18
    172800    9   13
       0.17       0.16       0.36       0.58       0.70       0.42       0.35       0.36       0.38
       0.29       0.41       0.63       0.62       0.61       0.39       0.31       0.22       0.21
       0.33       0.53       0.74       0.68       0.87       0.41       0.50       0.53       0.26
       0.44       0.47       0.69       0.68       0.95       0.61       0.50       0.57       0.44
       0.61       0.31       0.38       0.20       0.69       0.82       0.57       0.74       0.50
       0.77       0.43       0.40       0.13       0.37       0.66       0.60       0.45       0.35
       0.60       0.57       0.52       0.39       0.64       0.75       0.57       0.44       0.37
       0.68       0.56       0.54       0.51       0.36       0.64       0.68       0.47       0.34
       0.49       0.46       0.36       0.29       0.29       0.61       0.51       0.46       0.40
       0.45       0.41       0.32       0.31       0.49       0.52       0.58       0.49       0.52
       0.38       0.36       0.35       0.30       0.30       0.31       0.50       0.52       0.51
       0.31       0.27       0.26       0.29       0.32       0.32       0.37       0.42       0.31
       0.26       0.21       0.25       0.19       0.18       0.16       0.21       0.22       0.30
    259200    9   13
       0.57       0.56       0.64       0.78       0.72       0.57       0.57       0.66       0.56
       0.56       0.47       0.75       0.63       0.76       0.56       0.47       0.46       0.45
       0.34       0.52       0.67       0.72       0.93       0.58       0.45       0.44       0.35
       0.45       0.39       0.69       0.84       1.22       1.61       1.63       1.64       0.79
       0.74       0.47       0.77       0.85       1.21       1.53       1.53       1.54       0.95
       0.89       0.75       0.80       1.15       1.31       1.18       1.29       1.36       0.86
       0.74       0.79       0.80       0.83       1.02       0.91       1.02       1.16       1.07
       0.76       0.90       0.76       0.95       0.73       0.59       0.77       0.78       0.89
       0.79       0.87       0.96       1.27       0.96       0.71       0.83       0.69       0.63
       0.38       0.67       0.83       0.76       0.90       0.70       0.82       0.72       0.55
       0.04       0.47       0.83       0.70       0.87       0.84       0.66       0.84       0.51
       0.02       0.18       0.52       0.65       0.70       0.66       0.78       0.60       0.48
       0.00       0.03       0.31       0.53       0.51       0.38       0.63       0.44       0.35
    345600    9   13
       0.20       0.23       0.19       0.19       0.43       0.65       0.77       0.65       0.76
       0.22       0.22       0.19       0.14       0.34       0.60       0.40       0.35       0.63
       0.10       0.17       0.26       0.17       0.33       0.58       0.25       0.28       0.43
       0.11       0.16       0.20       0.09       0.32       0.57       0.49       1.08       0.90
       0.74       0.29       0.14       0.09       0.30       0.89       0.87       0.94       0.34
       1.13       0.71       0.18       0.09       0.14       0.38       0.40       0.30       0.26
       0.36       0.39       0.32       0.35       0.44       0.41       0.34       0.36       0.40
       0.30       0.49       0.54       0.74       0.87       0.72       0.62       0.42       0.36
       0.16       0.32       0.46       0.75       0.91       0.67       0.64       0.58       0.35
       0.12       0.29       0.51       0.71       0.72       0.40       0.59       0.44       0.46
       0.25       0.40       0.48       0.50       0.46       0.31       0.37       0.64       0.62
       0.30       0.31       0.32       0.35       0.32       0.31       0.24       0.38       0.55
       0.37       0.24       0.21       0.25       0.26       0.25       0.22       0.22       0.26
    432000    9   13
       0.03       0.10       0.28       0.35       0.25       0.23       0.26       0.21       0.22
       0.08       0.16       0.22       0.16       0.09       0.18       0.19       0.18       0.23
       0.03       0.11       0.15       0.14       0.05       0.08       0.18       0.13       0.22
       0.02       0.08       0.17       0.20       0.15       0.11       0.15       0.18       0.29
       0.10       0.22       0.38       0.36       0.24       0.22       0.25       0.30       0.30
       0.07       0.12       0.21       0.29       0.25       0.30       0.34       0.37       0.45
       0.11       0.14       0.17       0.17       0.23       0.31       0.32       0.36       0.36
       0.08       0.06       0.05       0.07       0.20       0.27       0.33       0.43       0.46
       0.03       0.02       0.03       0.14       0.21       0.21       0.31       0.38       0.43
       0.06       0.07       0.08       0.10       0.13       0.20       0.27       0.34       0.49
       0.08       0.10       0.08       0.09       0.13       0.13       0.16       0.36       0.31
       0.19       0.16       0.13       0.10       0.15       0.12       0.08       0.15       0.11
       0.17       0.05       0.02       0.05       0.10       0.10       0.17       0.16       0.14
    518400    9   13
       0.05       0.00       0.01       0.10       0.15       0.18       0.33       0.47       0.55
       0.17       0.04       0.10       0.13       0.20       0.16       0.26       0.38       0.41
       0.05       0.01       0.06       0.11       0.07       0.10       0.10       0.12       0.37
       0.17       0.03       0.03       0.11       0.30       0.32       0.04       0.06       0.28
       0.06       0.01       0.08       0.17       0.16       0.16       0.05       0.04       0.08
       0.01       0.02       0.10       0.14       0.11       0.08       0.10       0.05       0.00
       0.25       0.15       0.10       0.09       0.04       0.06       0.09       0.05       0.03
       0.18       0.19       0.14       0.14       0.18       0.10       0.12       0.04       0.04
       0.06       0.13       0.22       0.27       0.29       0.12       0.13       0.07       0.02
       0.09       0.08       0.17       0.22       0.13       0.13       0.13       0.04       0.02
       0.05       0.08       0.07       0.10       0.08       0.10       0.07       0.01       0.00
       0.03       0.05       0.06       0.09       0.10       0.07       0.06       0.00       0.00
       0.01       0.00       0.01       0.06       0.08       0.03       0.03       0.00       0.01
    604800    9   13
       0.27       0.19       0.16       0.42       0.48       0.60       0.33       0.22       0.24
       0.21       0.09       0.08       0.24       0.34       0.36       0.28       0.46       0.43
       0.05       0.01       0.06       0.15       0.24       0.31       0.28       0.29       0.14
       0.02       0.01       0.09       0.10       0.17       0.26       0.18       0.13       0.20
       0.01       0.01       0.13       0.25       0.26       0.22       0.25       0.16       0.20
       0.03       0.08       0.08       0.07       0.15       0.14       0.20       0.20       0.13
       0.01       0.07       0.02       0.01       0.10       0.06       0.05       0.10       0.11
       0.10       0.06       0.04       0.03       0.07       0.03       0.06       0.09       0.05
       0.16       0.12       0.07       0.04       0.03       0.02       0.05       0.07       0.04
       0.08       0.10       0.07       0.04       0.02       0.01       0.01       0.02       0.02
       0.00       0.01       0.02       0.09       0.05       0.03       0.01       0.03       0.02
       0.00       0.01       0.06       0.12       0.10       0.01       0.02       0.00       0.00
       0.00       0.03       0.10       0.08       0.02       0.00       0.01       0.00       0.00
    691200    9   13
       0.29       0.21       0.10       0.19       0.15       0.15       0.11       0.08       0.15
       0.07       0.06       0.04       0.06       0.10       0.14       0.13       0.14       0.13
       0.06       0.04       0.05       0.10       0.12       0.10       0.10       0.15       0.14
       0.22       0.08       0.03       0.06       0.10       0.14       0.25       0.13       0.14
       0.19       0.13       0.07       0.09       0.12       0.18       0.35       0.22       0.21
       0.18       0.18       0.09       0.00       0.04       0.09       0.08       0.08       0.13
       0.14       0.16       0.13       0.04       0.01       0.05       0.02       0.01       0.05
       0.22       0.21       0.18       0.11       0.03       0.03       0.02       0.04       0.05
       0.20       0.22       0.20       0.21       0.08       0.03       0.05       0.01       0.03
       0.07       0.12       0.17       0.17       0.09       0.06       0.11       0.06       0.02
       0.03       0.08       0.13       0.14       0.04       0.05       0.10       0.07       0.04
       0.00       0.03       0.11       0.16       0.09       0.03       0.02       0.01       0.02
       0.00       0.04       0.17       0.17       0.11       0.02       0.04       0.00       0.03
    777600    9   13
       0.25       0.16       0.14       0.22       0.20       0.16       0.16       0.25       0.22
       0.08       0.09       0.11       0.20       0.20       0.15       0.16       0.22       0.21
       0.21       0.11       0.08       0.14       0.14       0.18       0.25       0.23       0.32
       0.19       0.25       0.16       0.11       0.16       0.14       0.21       0.26       0.37
       0.18       0.22       0.19       0.26       0.25       0.11       0.08       0.14       0.22
       0.12       0.11       0.10       0.16       0.16       0.08       0.10       0.18       0.19
       0.16       0.16       0.08       0.14       0.06       0.04       0.06       0.13       0.10
       0.18       0.22       0.22       0.13       0.08       0.03       0.04       0.04       0.03
       0.19       0.22       0.21       0.22       0.04       0.06       0.07       0.07       0.03
       0.22       0.28       0.20       0.20       0.10       0.07       0.13       0.12       0.09
       0.14       0.17       0.20       0.16       0.10       0.02       0.04       0.05       0.06
       0.08       0.18       0.24       0.26       0.19       0.14       0.06       0.01       0.02
       0.14       0.25       0.26       0.22       0.16       0.19       0.09       0.06       0.06
    864000    9   13
       0.09       0.04       0.20       0.21       0.26       0.28       0.32       0.37       0.55
       0.25       0.10       0.23       0.22       0.13       0.24       0.34       0.33       0.47
       0.12       0.10       0.13       0.21       0.06       0.13       0.33       0.28       0.26
       0.03       0.10       0.13       0.30       0.08       0.03       0.10       0.21       0.31
       0.09       0.13       0.19       0.22       0.12       0.08       0.13       0.29       0.31
       0.26       0.17       0.17       0.07       0.10       0.10       0.13       0.20       0.21
       0.11       0.14       0.14       0.01       0.01       0.05       0.09       0.14       0.13
       0.12       0.04       0.06       0.03       0.03       0.07       0.11       0.15       0.15
       0.05       0.03       0.07       0.13       0.07       0.08       0.16       0.16       0.10
       0.05       0.11       0.14       0.12       0.10       0.03       0.05       0.05       0.06
       0.13       0.19       0.21       0.14       0.09       0.01       0.01       0.02       0.01
       0.08       0.11       0.14       0.13       0.14       0.09       0.05       0.00       0.00
       0.04       0.04       0.09       0.06       0.10       0.08       0.03       0.02       0.03
    950400    9   13
       0.47       0.32       0.27       0.33       0.20       0.25       0.35       0.49       0.56
       0.34       0.21       0.26       0.26       0.14       0.27       0.40       0.44       0.45
       0.22       0.23       0.26       0.29       0.14       0.22       0.36       0.48       0.59
       0.13       0.16       0.17       0.26       0.22       0.21       0.25       0.39       0.43
       0.13       0.10       0.12       0.22       0.20       0.25       0.22       0.35       0.46
       0.17       0.15       0.13       0.18       0.16       0.25       0.27       0.37       0.43
       0.10       0.14       0.17       0.11       0.15       0.22       0.30       0.43       0.43
       0.06       0.06       0.11       0.04       0.11       0.17       0.26       0.34       0.35
       0.04       0.02       0.03       0.10       0.13       0.12       0.16       0.15       0.16
       0.07       0.10       0.07       0.05       0.06       0.02       0.03       0.10       0.13
       0.13       0.18       0.11       0.03       0.05       0.04       0.04       0.10       0.08
       0.20       0.21       0.16       0.12       0.11       0.10       0.08       0.08       0.08
       0.17       0.16       0.13       0.08       0.08       0.07       0.05       0.08       0.09
   1036800    9   13
       0.32       0.37       0.45       0.35       0.57       0.93       0.91       0.52       0.42
       0.30       0.15       0.48       0.62       0.51       0.43       0.35       0.34       0.32
       0.20       0.18       0.52       0.72       0.67       0.62       0.43       0.35       0.22
       0.56       0.48       0.69       0.84       0.95       1.00       0.95       0.58       0.63
       0.67       0.62       0.75       0.79       0.84       0.89       0.89       0.54       0.78
       0.74       0.56       0.63       0.76       0.59       0.59       0.88       0.61       0.43
       0.53       0.48       0.45       0.46       0.39       0.56       0.64       0.63       0.43
       0.29       0.32       0.24       0.24       0.33       0.36       0.55       0.53       0.52
       0.09       0.13       0.11       0.14       0.16       0.19       0.50       0.62       0.57
       0.17       0.16       0.07       0.03       0.04       0.08       0.27       0.51       0.55
       0.19       0.15       0.08       0.03       0.05       0.08       0.22       0.50       0.48
       0.05       0.10       0.08       0.09       0.11       0.13       0.15       0.25       0.28
       0.08       0.06       0.07       0.06       0.08       0.03       0.04       0.08       0.14
   1123200    9   13
       0.15       0.04       0.08       0.21       0.62       0.23       0.26       0.37       0.48
       0.05       0.01       0.04       0.06       0.07       0.14       0.38       0.49       0.54
       0.02       0.01       0.02       0.05       0.05       0.18       0.39       0.22       0.22
       0.19       0.22       0.13       0.38       0.10       0.20       0.14       0.18       0.23
       0.12       0.10       0.19       0.34       0.06       0.28       0.15       0.31       0.41
       0.06       0.07       0.06       0.04       0.08       0.08       0.21       0.35       0.43
       0.09       0.10       0.14       0.05       0.10       0.09       0.13       0.27       0.35
       0.10       0.14       0.10       0.04       0.10       0.11       0.14       0.25       0.27
       0.06       0.05       0.06       0.08       0.14       0.25       0.21       0.15       0.13
       0.10       0.10       0.09       0.07       0.12       0.22       0.27       0.14       0.07
       0.15       0.15       0.17       0.14       0.19       0.17       0.18       0.12       0.06
       0.16       0.12       0.10       0.13       0.19       0.22       0.17       0.09       0.04
       0.20       0.11       0.07       0.08       0.16       0.33       0.20       0.13       0.11
   1209600    9   13
       0.00       0.00       0.01       0.10       0.18       0.28       0.32       0.33       0.24
       0.01       0.00       0.04       0.14       0.19       0.23       0.33       0.36       0.31
       0.00       0.00       0.03       0.11       0.13       0.25       0.42       0.45       0.37
       0.00       0.00       0.02       0.03       0.09       0.27       0.50       0.43       0.38
       0.00       0.00       0.01       0.01       0.06       0.25       0.42       0.43       0.37
       0.00       0.01       0.01       0.01       0.08       0.26       0.30       0.35       0.27
       0.01       0.05       0.07       0.10       0.13       0.15       0.11       0.12       0.14
       0.01       0.01       0.02       0.03       0.04       0.03       0.03       0.06       0.05
       0.00       0.00       0.01       0.03       0.03       0.03       0.03       0.04       0.02
       0.02       0.01       0.01       0.01       0.02       0.01       0.01       0.01       0.02
       0.03       0.06       0.05       0.02       0.03       0.01       0.00       0.02       0.04
       0.07       0.17       0.13       0.03       0.04       0.02       0.02       0.02       0.04
       0.07       0.10       0.07       0.02       0.06       0.04       0.01       0.01       0.06
   1296000    9   13
       0.00       0.00       0.01       0.03       0.08       0.18       0.21       0.19       0.16
       0.00       0.00       0.00       0.01       0.03       0.10       0.11       0.10       0.13
       0.00       0.00       0.00       0.01       0.06       0.10       0.13       0.10       0.15
       0.00       0.00       0.00       0.00       0.03       0.14       0.16       0.13       0.31
       0.00       0.00       0.00       0.00       0.02       0.11       0.15       0.21       0.27
       0.00       0.00       0.00       0.00       0.02       0.10       0.17       0.31       0.29
       0.02       0.02       0.02       0.01       0.04       0.08       0.20       0.30       0.35
       0.02       0.02       0.02       0.03       0.07       0.10       0.21       0.22       0.26
       0.06       0.03       0.02       0.04       0.07       0.12       0.22       0.20       0.21
       0.13       0.11       0.09       0.07       0.14       0.21       0.25       0.26       0.24
       0.24       0.15       0.11       0.16       0.20       0.20       0.23       0.24       0.32
       0.15       0.10       0.11       0.17       0.18       0.17       0.23       0.27       0.28
       0.06       0.04       0.09       0.13       0.12       0.12       0.17       0.13       0.22
