         0    9   13
       0.32       0.21       0.35       0.47       0.37       0.17       0.20       0.31       0.32
       0.21       0.35       0.56       0.36       0.23       0.12       0.27       0.28       0.27
       0.12       0.14       0.28       0.19       0.09       0.10       0.20       0.24       0.25
       0.08       0.03       0.03       0.05       0.04       0.06       0.17       0.35       0.31
       0.01       0.01       0.07       0.03       0.10       0.14       0.31       0.52       0.39
       0.01       0.15       0.31       0.09       0.22       0.29       0.47       0.52       0.36
       0.06       0.20       0.25       0.29       0.34       0.35       0.44       0.33       0.27
       0.09       0.08       0.06       0.26       0.31       0.15       0.25       0.25       0.24
       0.14       0.08       0.04       0.12       0.11       0.04       0.09       0.14       0.20
       0.06       0.04       0.01       0.02       0.03       0.06       0.06       0.08       0.15
       0.02       0.04       0.03       0.04       0.02       0.03       0.02       0.15       0.23
       0.03       0.03       0.07       0.03       0.00       0.01       0.02       0.17       0.23
       0.01       0.02       0.08       0.01       0.00       0.03       0.05       0.07       0.10
     86400    9   13
       1.08       0.88       0.87       0.90       0.65       0.59       0.74       0.69       0.88
       1.11       1.00       0.64       0.61       0.58       0.74       0.78       0.76       0.79
       1.14       0.71       0.42       0.37       0.48       0.57       0.53       0.48       0.48
       0.63       0.52       0.51       0.57       0.49       0.42       0.44       0.45       0.32
       0.45       0.40       0.49       0.56       0.49       0.47       0.49       0.56       0.43
       0.48       0.40       0.42       0.49       0.36       0.46       0.49       0.52       0.41
       0.30       0.29       0.29       0.38       0.33       0.52       0.57       0.54       0.43
       0.33       0.22       0.32       0.34       0.34       0.58       0.58       0.49       0.38
       0.26       0.19       0.27       0.47       0.41       0.34       0.37       0.29       0.27
       0.04       0.10       0.18       0.34       0.32       0.23       0.37       0.21       0.13
       0.06       0.19       0.20       0.18       0.18       0.18       0.20       0.12       0.07
       0.27       0.45       0.37       0.23       0.15       0.12       0.03       0.06       0.11
       0.49       0.56       0.44       0.27       0.20       0.08       0.07       0.16       0.12
    172800    9   13
       1.32       0.71       0.41       0.32       0.35       0.41       0.37       0.39       0.56
       0.77       0.56       0.64       0.61       0.47       0.37       0.51       0.92       0.67
       0.66       0.70       0.52       0.43       0.44       0.51       0.93       0.72       0.42
       0.81       0.52       0.45       0.45       0.76       0.46       0.49       0.43       0.24
       0.38       0.44       0.35       0.25       0.48       0.36       0.32       0.21       0.23
       0.48       0.50       0.36       0.13       0.30       0.34       0.29       0.19       0.19
       0.65       0.41       0.43       0.51       0.58       0.46       0.31       0.31       0.28
       0.54       0.74       0.59       0.69       0.60       0.32       0.34       0.38       0.26
       0.59       0.89       0.93       0.97       0.59       0.47       0.39       0.43       0.37
       0.55       0.79       0.82       0.78       0.63       0.42       0.49       0.39       0.34
       0.37       0.45       0.57       0.41       0.28       0.34       0.36       0.33       0.32
       0.34       0.32       0.30       0.34       0.27       0.32       0.25       0.29       0.35
       0.19       0.18       0.24       0.34       0.36       0.32       0.21       0.24       0.33
    259200    9   13
       0.19       0.01       0.07       0.05       0.02       0.03       0.08       0.20       0.21
       0.16       0.01       0.00       0.01       0.06       0.08       0.15       0.22       0.25
       0.10       0.04       0.01       0.01       0.02       0.07       0.17       0.39       0.33
       0.05       0.04       0.02       0.04       0.14       0.17       0.33       0.39       0.28
       0.04       0.05       0.05       0.07       0.32       0.40       0.60       0.51       0.27
       0.14       0.14       0.10       0.15       0.47       0.50       0.73       0.60       0.37
       0.27       0.11       0.16       0.20       0.55       0.61       0.55       0.47       0.39
       0.16       0.11       0.34       0.33       0.42       0.51       0.40       0.32       0.27
       0.22       0.28       0.38       0.44       0.66       0.51       0.22       0.22       0.15
       0.26       0.34       0.33       0.47       0.74       0.40       0.25       0.21       0.13
       0.27       0.32       0.17       0.27       0.48       0.51       0.40       0.22       0.16
       0.18       0.16       0.08       0.19       0.42       0.34       0.47       0.34       0.29
       0.15       0.12       0.17       0.26       0.33       0.26       0.45       0.35       0.45
    345600    9   13
       0.15       0.09       0.10       0.14       0.07       0.09       0.18       0.26       0.32
       0.04       0.13       0.16       0.15       0.18       0.21       0.13       0.14       0.17
       0.11       0.31       0.26       0.08       0.16       0.30       0.04       0.06       0.07
       0.24       0.22       0.25       0.08       0.13       0.22       0.05       0.08       0.05
       0.29       0.16       0.24       0.24       0.20       0.34       0.30       0.15       0.08
       0.20       0.08       0.15       0.15       0.20       0.37       0.35       0.20       0.06
       0.20       0.08       0.12       0.04       0.09       0.22       0.20       0.16       0.02
       0.12       0.26       0.16       0.11       0.12       0.34       0.34       0.32       0.16
       0.28       0.34       0.30       0.35       0.34       0.29       0.39       0.40       0.20
       0.17       0.29       0.45       0.39       0.44       0.35       0.32       0.37       0.13
       0.17       0.34       0.42       0.41       0.35       0.22       0.23       0.23       0.12
       0.31       0.36       0.40       0.34       0.25       0.15       0.08       0.06       0.06
       0.52       0.56       0.58       0.46       0.37       0.16       0.07       0.06       0.02
    432000    9   13
       0.72       0.47       0.41       0.47       0.37       0.29       0.37       0.33       0.25
       1.00       0.43       0.29       0.49       0.33       0.26       0.33       0.09       0.14
       0.99       0.55       0.28       0.27       0.62       0.36       0.32       0.18       0.25
       0.40       0.49       0.45       0.35       0.59       0.36       0.27       0.25       0.24
       0.32       0.18       0.11       0.06       0.27       0.37       0.30       0.39       0.34
       0.34       0.18       0.02       0.00       0.22       0.36       0.32       0.29       0.36
       0.17       0.11       0.11       0.17       0.26       0.20       0.27       0.27       0.29
       0.01       0.02       0.08       0.09       0.22       0.25       0.14       0.15       0.21
       0.03       0.00       0.19       0.08       0.02       0.04       0.05       0.02       0.12
       0.04       0.00       0.08       0.03       0.05       0.04       0.01       0.05       0.14
       0.01       0.00       0.04       0.17       0.21       0.09       0.08       0.23       0.31
       0.05       0.03       0.01       0.10       0.14       0.14       0.21       0.27       0.31
       0.04       0.02       0.00       0.04       0.11       0.18       0.23       0.30       0.25
    518400    9   13
       0.45       0.49       0.18       0.05       0.03       0.34       0.51       0.60       0.67
       0.23       0.43       0.27       0.20       0.17       0.11       0.26       0.51       0.43
       0.20       0.38       0.21       0.57       0.48       0.27       0.43       0.34       0.18
       0.44       0.14       0.17       0.22       0.44       0.47       0.82       0.51       0.39
       0.26       0.16       0.14       0.45       0.26       0.48       0.94       0.52       0.52
       0.08       0.14       0.10       0.52       0.19       0.26       0.51       0.53       0.66
       0.07       0.09       0.14       0.33       0.06       0.16       0.23       0.34       0.29
       0.04       0.03       0.08       0.23       0.02       0.08       0.16       0.23       0.20
       0.07       0.11       0.07       0.01       0.02       0.07       0.10       0.13       0.15
       0.17       0.08       0.00       0.01       0.05       0.13       0.08       0.08       0.08
       0.08       0.02       0.00       0.01       0.11       0.11       0.11       0.12       0.10
       0.03       0.03       0.00       0.00       0.02       0.04       0.09       0.11       0.08
       0.02       0.01       0.01       0.01       0.02       0.07       0.04       0.07       0.07
    604800    9   13
       0.49       0.28       0.09       0.35       0.36       0.43       0.46       0.29       0.53
       0.45       0.30       0.20       0.32       0.34       0.36       0.41       0.43       0.67
       0.58       0.86       0.27       0.84       0.55       0.56       0.48       0.53       0.65
       0.88       0.93       0.34       0.25       0.45       0.58       0.47       0.44       0.53
       0.69       0.57       0.55       0.51       0.19       0.35       0.45       0.35       0.64
       0.40       0.38       0.51       0.52       0.34       0.43       0.44       0.30       0.44
       0.26       0.26       0.43       0.36       0.53       0.69       0.36       0.38       0.51
       0.14       0.12       0.12       0.09       0.12       0.19       0.22       0.25       0.42
       0.13       0.18       0.04       0.04       0.13       0.26       0.17       0.27       0.49
       0.07       0.02       0.01       0.07       0.12       0.33       0.18       0.17       0.26
       0.02       0.00       0.00       0.04       0.12       0.26       0.23       0.12       0.24
       0.02       0.01       0.00       0.01       0.02       0.13       0.31       0.20       0.18
       0.04       0.04       0.03       0.01       0.06       0.12       0.17       0.23       0.12
    691200    9   13
       0.07       0.01       0.07       0.17       0.22       0.31       0.52       0.71       0.34
       0.09       0.00       0.00       0.13       0.16       0.43       0.78       0.24       0.27
       0.13       0.08       0.01       0.05       0.16       0.59       0.36       0.09       0.33
       0.15       0.08       0.10       0.14       0.18       0.49       0.34       0.32       0.35
       0.38       0.24       0.34       0.25       0.22       0.29       0.35       0.33       0.23
       0.75       0.47       0.45       0.28       0.13       0.20       0.28       0.31       0.27
       0.29       0.35       0.34       0.18       0.15       0.16       0.28       0.34       0.40
       0.23       0.41       0.44       0.10       0.27       0.35       0.43       0.50       0.62
       0.34       0.54       0.49       0.26       0.17       0.45       0.49       0.54       0.61
       0.13       0.07       0.19       0.26       0.14       0.44       0.67       0.52       0.37
       0.18       0.14       0.19       0.19       0.12       0.27       0.54       0.74       0.41
       0.25       0.23       0.17       0.16       0.20       0.27       0.39       0.42       0.33
       0.26       0.27       0.33       0.24       0.22       0.30       0.33       0.29       0.33
    777600    9   13
       0.94       0.67       0.52       0.52       0.60       0.49       0.48       0.53       0.53
       0.71       0.38       0.30       0.37       0.41       0.82       0.64       0.74       0.70
       0.50       0.49       0.45       0.47       0.27       0.64       0.76       0.95       0.80
       0.44       0.51       0.62       0.50       0.33       0.41       0.52       0.63       0.73
       0.52       0.48       0.65       0.67       0.44       0.26       0.41       0.48       0.70
       0.27       0.43       0.57       0.52       0.36       0.43       0.55       0.54       0.56
       0.15       0.20       0.34       0.09       0.33       0.46       0.56       0.39       0.32
       0.20       0.20       0.15       0.03       0.18       0.34       0.54       0.38       0.27
       0.10       0.06       0.01       0.00       0.09       0.31       0.43       0.36       0.21
       0.09       0.01       0.00       0.01       0.19       0.34       0.29       0.31       0.29
       0.06       0.00       0.01       0.13       0.23       0.36       0.35       0.45       0.50
       0.01       0.00       0.09       0.25       0.27       0.33       0.27       0.33       0.35
       0.06       0.09       0.31       0.31       0.23       0.23       0.19       0.20       0.24
    864000    9   13
       0.24       0.07       0.34       0.51       0.45       0.51       0.50       0.46       0.51
       0.20       0.10       0.07       0.18       0.16       0.56       0.33       0.20       0.51
       0.12       0.16       0.24       0.32       0.14       0.33       0.29       0.17       0.39
       0.08       0.09       0.24       0.25       0.10       0.18       0.25       0.13       0.08
       0.07       0.08       0.22       0.24       0.15       0.20       0.42       0.23       0.15
       0.03       0.05       0.16       0.13       0.16       0.46       0.45       0.28       0.13
       0.08       0.07       0.08       0.07       0.28       0.60       0.53       0.37       0.35
       0.20       0.13       0.11       0.43       0.65       0.70       0.63       0.47       0.44
       0.15       0.14       0.17       0.28       0.52       0.49       0.60       0.52       0.53
       0.16       0.23       0.18       0.13       0.38       0.32       0.48       0.53       0.28
       0.22       0.31       0.24       0.21       0.30       0.30       0.48       0.60       0.55
       0.14       0.20       0.18       0.21       0.23       0.29       0.35       0.46       0.53
       0.20       0.09       0.08       0.11       0.19       0.46       0.51       0.36       0.38
    950400    9   13
       0.32       0.31       0.76       0.95       0.56       0.57       0.52       0.69       0.90
       0.56       0.32       0.20       0.62       0.70       0.66       0.60       0.74       1.02
       0.60       0.65       0.32       0.99       1.09       0.72       0.95       0.89       0.98
       0.52       0.61       0.56       0.89       1.31       1.55       1.54       1.57       0.80
       0.90       0.89       0.70       0.66       1.71       1.74       1.73       1.72       0.95
       1.11       1.15       0.86       0.98       1.99       1.89       1.83       1.08       0.79
       1.09       1.17       1.04       1.92       1.92       1.83       0.95       0.81       0.86
       1.63       1.09       1.21       1.45       1.56       1.59       0.95       1.13       1.86
       1.04       0.95       1.06       1.03       1.36       1.25       1.17       1.53       1.76
       1.24       0.73       0.87       1.02       1.15       1.16       1.07       1.27       2.05
       0.95       0.73       0.71       0.78       0.62       0.95       1.09       1.21       1.14
       0.95       0.95       0.56       0.58       0.95       0.65       0.66       0.87       0.96
       1.19       0.90       0.51       0.56       0.88       0.55       0.46       0.52       0.65
   1036800    9   13
       0.48       0.51       0.61       0.47       0.30       0.40       0.46       0.33       0.43
       0.46       0.49       0.31       0.27       0.31       0.52       0.34       0.24       0.41
       0.20       0.43       0.26       0.23       0.23       0.32       0.23       0.26       0.38
       0.12       0.19       0.30       0.26       0.10       0.24       0.33       0.44       0.31
       0.11       0.03       0.26       0.44       0.39       0.60       0.39       0.41       0.49
       0.07       0.02       0.19       0.55       0.72       0.79       0.46       0.48       0.58
       0.03       0.05       0.21       0.46       0.77       0.52       0.40       0.53       0.65
       0.03       0.08       0.13       0.30       0.31       0.30       0.38       0.52       0.64
       0.02       0.05       0.08       0.14       0.21       0.45       0.51       0.49       0.66
       0.09       0.12       0.09       0.12       0.24       0.33       0.47       0.61       0.70
       0.14       0.22       0.14       0.14       0.24       0.19       0.34       0.30       0.30
       0.15       0.37       0.22       0.15       0.19       0.14       0.11       0.05       0.08
       0.32       0.48       0.22       0.17       0.18       0.12       0.06       0.05       0.06
   1123200    9   13
       0.63       0.48       0.31       0.34       0.48       0.51       0.46       0.55       0.54
       0.79       0.51       0.13       0.31       0.31       0.43       0.57       0.73       0.63
       0.80       0.72       0.37       0.52       0.41       0.55       0.79       0.71       0.58
       0.61       0.78       0.50       0.55       0.31       0.29       0.47       0.40       0.46
       0.66       0.79       0.57       0.75       0.46       0.17       0.29       0.45       0.72
       0.47       0.39       0.38       0.66       0.43       0.17       0.25       0.43       0.59
       0.20       0.23       0.31       0.48       0.25       0.23       0.29       0.33       0.31
       0.17       0.19       0.27       0.30       0.14       0.19       0.34       0.29       0.22
       0.10       0.11       0.14       0.18       0.10       0.22       0.40       0.30       0.30
       0.11       0.09       0.07       0.21       0.20       0.32       0.29       0.25       0.20
       0.07       0.07       0.05       0.24       0.15       0.19       0.18       0.28       0.29
       0.02       0.06       0.10       0.13       0.09       0.09       0.16       0.15       0.19
       0.03       0.06       0.13       0.12       0.14       0.25       0.09       0.14       0.18
   1209600    9   13
       0.12       0.03       0.06       0.16       0.23       0.40       0.41       0.33       0.43
       0.07       0.03       0.08       0.14       0.23       0.29       0.28       0.30       0.35
       0.09       0.13       0.11       0.08       0.14       0.17       0.27       0.32       0.30
       0.12       0.19       0.15       0.14       0.16       0.12       0.20       0.33       0.34
       0.31       0.28       0.25       0.38       0.31       0.19       0.27       0.55       0.62
       0.48       0.46       0.28       0.42       0.36       0.17       0.32       0.44       0.56
       0.37       0.36       0.25       0.52       0.34       0.20       0.26       0.34       0.53
       0.46       0.32       0.23       0.44       0.39       0.30       0.20       0.26       0.40
       0.44       0.40       0.22       0.28       0.32       0.45       0.40       0.33       0.40
       0.99       0.57       0.43       0.40       0.52       0.66       0.61       0.52       0.41
       0.48       0.40       0.47       0.43       0.52       0.84       0.46       0.56       0.76
       0.14       0.10       0.14       0.21       0.30       0.39       0.37       0.48       0.83
       0.11       0.30       0.29       0.25       0.75       0.88       0.64       0.66       0.52
   1296000    9   13
       0.67       0.44       0.14       0.27       0.38       0.30       0.30       0.28       0.24
       0.75       0.52       0.13       0.24       0.31       0.31       0.35       0.35       0.36
       0.80       0.72       0.30       0.39       0.31       0.40       0.41       0.52       0.40
       0.71       0.83       0.76       0.80       0.67       0.31       0.24       0.46       0.44
       0.65       0.79       0.95       0.82       0.75       0.23       0.17       0.28       0.46
       0.83       0.76       0.66       0.77       0.95       0.32       0.25       0.31       0.47
       0.91       0.95       0.64       0.55       0.61       0.70       0.36       0.42       0.53
       0.95       0.95       0.77       0.46       0.31       0.54       0.56       0.59       0.71
       0.95       0.79       0.57       0.31       0.33       0.50       0.79       0.58       0.48
       0.49       0.35       0.27       0.13       0.29       0.30       0.31       0.29       0.22
       0.25       0.32       0.19       0.07       0.19       0.17       0.15       0.16       0.23
       0.14       0.31       0.15       0.05       0.07       0.09       0.14       0.24       0.45
       0.20       0.29       0.08       0.05       0.11       0.25       0.26       0.30       0.27
