         0    9   13
       0.08       0.14       0.17       0.16       0.10       0.20       0.26       0.31       0.15
       0.08       0.10       0.14       0.08       0.12       0.19       0.24       0.50       0.23
       0.06       0.08       0.04       0.03       0.03       0.07       0.17       0.37       0.43
       0.09       0.05       0.02       0.03       0.02       0.05       0.24       0.35       0.84
       0.11       0.06       0.03       0.10       0.07       0.07       0.30       0.34       0.28
       0.10       0.08       0.07       0.11       0.06       0.10       0.19       0.22       0.23
       0.11       0.17       0.11       0.07       0.11       0.18       0.12       0.12       0.17
       0.22       0.10       0.16       0.27       0.32       0.15       0.08       0.14       0.17
       0.28       0.23       0.67       0.30       0.12       0.05       0.10       0.10       0.13
       0.25       0.26       0.49       0.16       0.06       0.05       0.14       0.17       0.17
       0.28       0.25       0.19       0.17       0.13       0.08       0.21       0.17       0.21
       0.20       0.22       0.14       0.04       0.05       0.10       0.68       0.42       0.30
       0.15       0.18       0.21       0.10       0.05       0.15       0.63       0.36       0.21
     86400    9   13
       0.16       0.34       0.18       0.13       0.16       0.37       0.30       0.32       0.43
       0.35       0.53       0.51       0.45       0.32       0.42       0.41       0.36       0.24
       0.32       0.55       0.45       0.49       0.62       0.63       0.97       0.79       0.87
       0.40       0.56       0.43       0.75       1.03       0.89       0.92       1.02       1.12
       0.31       0.67       0.64       1.02       0.83       0.86       0.93       0.83       0.63
       0.21       0.70       0.71       1.37       1.16       0.86       0.80       0.55       0.33
       0.18       0.44       0.75       0.57       0.25       0.25       0.30       0.25       0.21
       0.10       0.39       1.35       0.77       0.39       0.21       0.24       0.26       0.14
       0.14       0.72       0.75       0.37       0.62       0.36       0.37       0.30       0.31
       0.36       0.34       0.23       0.31       0.62       1.11       0.71       0.53       0.74
       0.29       0.26       0.24       0.39       0.62       0.67       0.69       0.63       0.72
       0.36       0.16       0.22       0.37       0.44       0.52       0.65       0.39       0.39
       0.16       0.09       0.19       0.36       0.72       0.90       0.63       0.55       0.44
    172800    9   13
       0.08       0.05       0.09       0.09       0.04       0.06       0.11       0.10       0.09
       0.08       0.05       0.09       0.09       0.07       0.06       0.07       0.06       0.05
       0.14       0.07       0.04       0.06       0.05       0.07       0.03       0.02       0.04
       0.50       0.43       0.08       0.05       0.03       0.09       0.04       0.02       0.06
       1.37       1.05       0.44       0.23       0.03       0.10       0.03       0.06       0.06
       1.23       1.43       1.42       0.62       0.07       0.16       0.07       0.07       0.07
       0.70       1.33       1.24       0.87       0.22       0.30       0.08       0.04       0.03
       0.18       0.32       0.66       0.44       0.27       0.16       0.07       0.03       0.01
       0.14       0.12       0.10       0.13       0.13       0.14       0.05       0.03       0.02
       0.15       0.21       0.12       0.05       0.06       0.09       0.11       0.02       0.03
       0.14       0.14       0.16       0.03       0.06       0.14       0.10       0.04       0.01
       0.09       0.07       0.11       0.04       0.06       0.11       0.08       0.04       0.00
       0.04       0.04       0.04       0.02       0.01       0.00       0.02       0.02       0.05
    259200    9   13
       0.04       0.01       0.00       0.05       0.14       0.18       0.19       0.08       0.05
       0.01       0.00       0.01       0.02       0.10       0.12       0.08       0.05       0.05
       0.01       0.00       0.01       0.04       0.04       0.03       0.14       0.20       0.06
       0.08       0.01       0.01       0.02       0.04       0.03       0.13       0.07       0.05
       0.27       0.04       0.00       0.01       0.03       0.08       0.13       0.08       0.02
       0.25       0.05       0.01       0.00       0.02       0.08       0.10       0.09       0.08
       0.10       0.11       0.02       0.02       0.09       0.09       0.12       0.12       0.18
       0.14       0.06       0.02       0.03       0.04       0.11       0.17       0.11       0.10
       0.15       0.05       0.03       0.04       0.12       0.16       0.20       0.14       0.06
       0.11       0.03       0.01       0.02       0.05       0.17       0.20       0.16       0.07
       0.03       0.03       0.03       0.03       0.06       0.10       0.13       0.09       0.09
       0.08       0.15       0.10       0.04       0.04       0.02       0.08       0.12       0.23
       0.17       0.12       0.04       0.04       0.01       0.02       0.04       0.24       0.31
    345600    9   13
       0.02       0.02       0.01       0.04       0.10       0.12       0.15       0.21       0.30
       0.01       0.01       0.03       0.02       0.09       0.14       0.07       0.09       0.11
       0.00       0.01       0.02       0.01       0.04       0.10       0.13       0.17       0.06
       0.00       0.01       0.03       0.01       0.03       0.10       0.12       0.09       0.06
       0.03       0.02       0.03       0.02       0.02       0.08       0.10       0.15       0.45
       0.03       0.05       0.04       0.03       0.07       0.10       0.07       0.11       0.24
       0.11       0.19       0.14       0.07       0.14       0.18       0.22       0.16       0.11
       0.19       0.19       0.12       0.14       0.21       0.28       0.26       0.17       0.11
       0.15       0.17       0.10       0.14       0.29       0.31       0.26       0.16       0.09
       0.05       0.18       0.08       0.02       0.13       0.25       0.29       0.17       0.11
       0.09       0.06       0.03       0.00       0.03       0.09       0.17       0.27       0.17
       0.05       0.01       0.03       0.02       0.05       0.09       0.12       0.51       0.30
       0.02       0.01       0.05       0.04       0.09       0.17       0.23       0.77       0.40
    432000    9   13
       0.02       0.02       0.04       0.14       0.09       0.10       0.17       0.25       0.33
       0.02       0.01       0.03       0.07       0.05       0.10       0.06       0.08       0.23
       0.02       0.02       0.02       0.02       0.04       0.11       0.08       0.10       0.09
       0.03       0.02       0.01       0.00       0.05       0.14       0.05       0.05       0.10
       0.03       0.02       0.00       0.01       0.08       0.15       0.07       0.02       0.02
       0.07       0.03       0.02       0.01       0.07       0.16       0.10       0.06       0.03
       0.17       0.11       0.19       0.08       0.07       0.17       0.17       0.09       0.11
       0.09       0.07       0.31       0.33       0.14       0.12       0.24       0.16       0.23
       0.04       0.11       0.18       0.13       0.56       0.18       0.15       0.14       0.16
       0.14       0.38       0.20       0.22       0.30       0.16       0.17       0.09       0.06
       0.42       0.20       0.13       0.37       0.37       0.24       0.28       0.10       0.04
       0.78       0.30       0.17       0.48       0.50       0.63       0.62       0.16       0.06
       0.53       0.48       0.41       0.25       0.56       0.43       0.40       0.16       0.05
    518400    9   13
       0.02       0.06       0.07       0.09       0.10       0.09       0.14       0.25       0.43
       0.02       0.05       0.07       0.07       0.20       0.11       0.10       0.21       0.50
       0.03       0.08       0.03       0.08       0.13       0.16       0.14       0.26       0.31
       0.06       0.09       0.02       0.04       0.09       0.21       0.17       0.32       0.47
       0.05       0.05       0.02       0.03       0.07       0.12       0.20       0.28       0.36
       0.05       0.06       0.04       0.09       0.09       0.20       0.19       0.23       0.25
       0.11       0.12       0.09       0.12       0.08       0.21       0.22       0.30       0.21
       0.14       0.09       0.07       0.03       0.07       0.16       0.17       0.21       0.15
       0.08       0.10       0.06       0.02       0.06       0.08       0.12       0.14       0.14
       0.14       0.11       0.06       0.05       0.07       0.05       0.07       0.11       0.10
       0.03       0.02       0.01       0.09       0.10       0.04       0.06       0.04       0.05
       0.01       0.00       0.01       0.04       0.04       0.04       0.07       0.02       0.01
       0.00       0.00       0.00       0.05       0.11       0.02       0.12       0.11       0.03
    604800    9   13
       0.29       0.84       2.02       1.72       0.90       0.37       0.59       0.37       0.24
       0.45       0.67       1.95       1.15       0.61       0.32       0.40       0.32       0.24
       0.76       1.06       1.72       1.14       0.57       0.82       0.32       0.35       0.56
       0.32       0.80       1.43       1.31       0.69       0.99       0.22       0.49       0.84
       0.14       0.34       1.13       1.13       1.01       0.39       0.39       0.78       0.57
       0.03       0.08       0.43       0.72       1.13       0.78       0.88       0.94       0.91
       0.10       0.09       0.23       0.34       0.80       0.80       0.86       0.92       0.63
       0.22       0.16       0.54       0.37       0.74       0.37       0.39       0.76       0.51
       0.16       0.24       0.34       0.64       1.41       0.23       0.23       0.34       0.37
       0.77       0.54       0.55       0.92       0.56       0.36       0.21       0.34       1.06
       0.44       0.44       0.76       0.71       0.62       0.56       0.37       0.22       0.30
       0.06       0.15       0.31       0.51       0.50       0.52       0.39       0.18       0.25
       0.02       0.11       0.28       0.13       0.27       0.43       0.37       0.17       0.34
    691200    9   13
       0.44       0.53       0.53       0.32       0.39       0.17       0.19       0.26       0.29
       0.12       0.16       0.18       0.28       0.12       0.10       0.16       0.19       0.23
       0.08       0.17       0.17       0.21       0.12       0.15       0.19       0.12       0.32
       0.16       0.15       0.14       0.20       0.11       0.08       0.06       0.08       0.20
       0.17       0.09       0.05       0.11       0.07       0.04       0.04       0.01       0.03
       0.14       0.13       0.06       0.03       0.06       0.14       0.10       0.01       0.01
       0.11       0.13       0.13       0.22       0.08       0.20       0.10       0.02       0.01
       0.10       0.16       0.14       0.19       0.17       0.12       0.11       0.08       0.05
       0.09       0.15       0.18       0.14       0.11       0.04       0.03       0.07       0.10
       0.12       0.13       0.32       0.21       0.08       0.04       0.01       0.06       0.05
       0.01       0.08       0.39       0.26       0.09       0.09       0.07       0.06       0.05
       0.04       0.04       0.19       0.21       0.08       0.07       0.16       0.07       0.09
       0.15       0.12       0.24       0.22       0.18       0.10       0.15       0.10       0.04
    777600    9   13
       3.06       2.54       0.45       0.28       0.47       0.63       0.59       0.37       0.24
       0.43       1.13       1.15       0.43       0.46       0.50       0.55       0.61       0.55
       0.04       0.20       0.45       0.36       0.43       0.51       0.56       0.91       0.94
       0.03       0.16       0.37       0.17       0.61       0.52       0.25       0.80       0.84
       0.09       0.11       0.23       0.11       0.65       0.37       0.18       0.58       0.64
       0.10       0.13       0.12       0.22       0.61       0.29       0.20       0.50       0.52
       0.21       0.18       0.18       0.21       0.44       0.13       0.15       0.36       0.40
       0.16       0.10       0.17       0.29       0.27       0.17       0.06       0.21       0.24
       0.05       0.08       0.18       0.24       0.16       0.19       0.15       0.17       0.39
       0.04       0.06       0.17       0.14       0.15       0.23       0.18       0.26       0.44
       0.01       0.12       0.17       0.09       0.10       0.26       0.16       0.21       0.28
       0.00       0.07       0.14       0.02       0.05       0.20       0.17       0.15       0.18
       0.00       0.03       0.10       0.07       0.01       0.16       0.23       0.18       0.22
    864000    9   13
       0.06       0.01       0.02       0.14       0.14       0.17       0.32       0.37       0.42
       0.10       0.16       0.05       0.09       0.18       0.17       0.17       0.23       0.36
       0.08       0.19       0.10       0.12       0.20       0.17       0.13       0.13       0.32
       0.09       0.10       0.10       0.09       0.11       0.14       0.10       0.10       0.25
       0.12       0.03       0.04       0.06       0.11       0.13       0.17       0.12       0.20
       0.06       0.11       0.08       0.16       0.13       0.25       0.44       0.26       0.32
       0.12       0.14       0.11       0.17       0.23       0.53       0.41       0.42       0.40
       0.11       0.05       0.09       0.17       0.59       0.51       0.44       0.46       0.32
       0.06       0.02       0.02       0.14       0.33       0.27       0.43       0.41       0.37
       0.08       0.01       0.01       0.17       0.25       0.22       0.37       0.23       0.33
       0.02       0.01       0.04       0.21       0.39       0.30       0.26       0.29       0.37
       0.01       0.01       0.02       0.14       0.23       0.33       0.32       0.26       0.43
       0.08       0.07       0.05       0.10       0.05       0.14       0.27       0.21       0.30
    950400    9   13
       0.06       0.20       0.17       0.19       0.30       0.15       0.33       0.43       0.19
       0.03       0.14       0.22       0.28       0.29       0.12       0.17       0.25       0.30
       0.03       0.07       0.16       0.21       0.20       0.23       0.28       0.21       0.32
       0.12       0.12       0.13       0.05       0.08       0.52       0.31       0.39       0.43
       0.19       0.08       0.14       0.06       0.08       0.21       0.36       0.59       0.55
       0.07       0.11       0.16       0.07       0.13       0.38       0.65       0.61       0.52
       0.07       0.08       0.11       0.06       0.15       0.59       0.46       0.39       0.34
       0.11       0.02       0.05       0.05       0.16       0.31       0.28       0.21       0.21
       0.06       0.03       0.09       0.05       0.11       0.15       0.20       0.20       0.25
       0.12       0.15       0.12       0.05       0.15       0.16       0.16       0.20       0.32
       0.21       0.11       0.04       0.08       0.18       0.18       0.12       0.14       0.15
       0.08       0.06       0.01       0.10       0.12       0.14       0.17       0.13       0.10
       0.01       0.01       0.03       0.05       0.08       0.03       0.08       0.14       0.13
   1036800    9   13
       0.17       0.08       0.05       0.14       0.10       0.07       0.11       0.15       0.21
       0.13       0.03       0.09       0.11       0.10       0.06       0.17       0.16       0.12
       0.17       0.05       0.05       0.10       0.16       0.15       0.16       0.13       0.08
       0.23       0.14       0.12       0.08       0.07       0.11       0.20       0.16       0.18
       0.39       0.16       0.29       0.13       0.06       0.15       0.30       0.40       0.31
       0.33       0.21       0.39       0.15       0.11       0.23       0.33       0.47       0.27
       0.33       0.22       0.59       0.34       0.15       0.28       0.39       0.44       0.34
       0.38       0.20       0.32       0.77       0.19       0.28       0.31       0.44       0.44
       0.19       0.14       0.24       0.31       0.29       0.30       0.28       0.48       0.60
       0.25       0.29       0.23       0.14       0.30       0.32       0.23       0.42       0.55
       0.22       0.26       0.14       0.13       0.26       0.29       0.30       0.30       0.47
       0.03       0.07       0.14       0.12       0.14       0.23       0.20       0.26       0.42
       0.03       0.04       0.09       0.13       0.17       0.19       0.20       0.24       0.30
   1123200    9   13
       0.43       0.58       0.54       0.30       0.17       0.24       0.15       0.37       0.39
       0.37       0.53       0.53       0.27       0.22       0.25       0.24       0.37       0.29
       0.42       0.39       0.45       0.26       0.11       0.15       0.22       0.36       0.33
       0.30       0.30       0.37       0.31       0.10       0.12       0.22       0.50       0.31
       0.19       0.29       0.20       0.25       0.28       0.17       0.40       0.60       0.45
       0.31       0.36       0.29       0.47       0.41       0.27       0.81       0.86       0.91
       0.27       0.56       0.35       0.57       0.28       0.29       0.61       0.55       0.88
       0.23       0.44       0.42       0.57       0.37       0.49       0.65       0.47       0.54
       0.14       0.24       0.60       0.64       0.56       0.49       0.77       0.58       0.60
       0.29       0.37       0.55       0.40       0.28       0.48       0.63       0.53       0.54
       0.16       0.23       0.30       0.24       0.25       0.24       0.28       0.32       0.35
       0.01       0.09       0.20       0.23       0.27       0.14       0.17       0.33       0.43
       0.01       0.02       0.10       0.18       0.14       0.10       0.22       0.31       0.36
   1209600    9   13
       0.45       0.66       1.17       1.72       0.91       0.61       0.27       0.27       0.37
       0.43       0.53       0.54       1.15       1.13       0.85       0.56       0.47       0.26
       0.65       0.71       0.55       1.14       1.29       0.57       0.64       0.82       0.23
       0.50       1.61       0.95       0.75       0.88       0.48       0.69       0.94       0.31
       0.20       1.10       1.23       1.02       0.76       0.62       0.64       0.70       0.48
       0.10       0.36       1.19       0.93       0.78       0.47       0.61       0.77       0.58
       0.17       0.31       0.46       1.38       1.38       0.57       0.72       0.75       0.88
       0.16       0.22       0.23       0.88       1.35       1.23       0.76       0.80       0.89
       0.10       0.17       0.27       0.59       0.98       1.28       1.06       0.82       0.77
       0.15       0.26       0.31       0.31       0.37       0.67       0.77       0.94       0.79
       0.08       0.15       0.18       0.17       0.24       0.29       0.66       0.50       0.48
       0.01       0.07       0.17       0.20       0.23       0.14       0.25       0.39       0.43
       0.01       0.03       0.12       0.13       0.13       0.17       0.30       0.36       0.44
   1296000    9   13
       0.60       0.58       0.53       0.77       0.43       0.27       0.37       0.49       0.78
       1.01       0.71       0.51       0.59       1.40       0.32       0.32       0.52       0.50
       0.95       0.70       0.42       0.56       0.78       0.37       0.54       0.79       0.35
       1.12       0.92       0.33       0.39       0.74       0.69       0.90       0.94       0.21
       0.63       0.90       0.56       0.72       1.01       0.90       1.20       0.96       0.45
       0.60       0.85       0.97       1.37       1.16       0.78       0.88       0.94       0.73
       0.43       1.09       1.23       1.40       1.66       0.94       1.44       1.10       0.63
       0.37       0.90       0.65       0.97       0.89       1.14       0.98       1.26       0.66
       0.28       0.25       0.48       0.72       0.68       0.89       0.96       0.87       0.74
       0.23       0.30       0.35       0.39       0.32       0.53       0.77       0.62       0.79
       0.22       0.14       0.18       0.12       0.18       0.29       0.39       0.50       0.47
       0.14       0.08       0.13       0.14       0.16       0.14       0.26       0.41       0.44
       0.14       0.05       0.11       0.17       0.12       0.15       0.24       0.32       0.43
