         0    9   13
       0.31       0.20       0.15       0.21       0.35       0.26       0.27       0.44       0.54
       0.16       0.18       0.28       0.41       0.32       0.22       0.36       0.57       0.54
       0.22       0.16       0.25       0.41       0.23       0.20       0.52       0.56       0.72
       0.30       0.21       0.31       0.40       0.22       0.23       0.49       0.59       0.47
       0.23       0.28       0.33       0.55       0.60       0.33       0.29       0.43       0.42
       0.22       0.25       0.22       0.46       0.89       1.10       0.45       0.24       0.32
       0.11       0.12       0.08       0.15       0.29       0.62       0.22       0.09       0.10
       0.12       0.09       0.03       0.01       0.03       0.04       0.05       0.04       0.07
       0.13       0.10       0.01       0.02       0.02       0.03       0.03       0.03       0.03
       0.12       0.07       0.08       0.06       0.04       0.03       0.03       0.02       0.02
       0.03       0.01       0.02       0.01       0.07       0.04       0.03       0.02       0.00
       0.00       0.00       0.00       0.00       0.03       0.00       0.00       0.00       0.00
       0.00       0.01       0.00       0.00       0.00       0.00       0.00       0.00       0.00
     86400    9   13
       0.43       0.15       0.06       0.09       0.12       0.28       0.35       0.33       0.37
       0.20       0.02       0.02       0.06       0.21       0.27       0.18       0.36       0.69
       0.07       0.04       0.03       0.04       0.27       0.39       0.54       0.84       0.86
       0.09       0.09       0.05       0.02       0.39       0.63       0.72       1.09       0.96
       0.10       0.06       0.07       0.22       0.40       0.28       0.18       0.30       0.21
       0.13       0.08       0.10       0.30       0.21       0.37       0.29       0.21       0.23
       0.16       0.07       0.12       0.22       0.15       0.22       0.26       0.44       0.40
       0.21       0.08       0.11       0.12       0.13       0.26       0.36       0.74       0.55
       0.24       0.13       0.17       0.21       0.30       0.34       0.40       0.63       0.63
       0.12       0.44       0.51       0.22       0.22       0.41       0.43       0.32       0.53
       0.16       0.38       0.30       0.17       0.13       0.25       0.22       0.26       0.46
       0.13       0.19       0.16       0.06       0.08       0.30       0.11       0.08       0.13
       0.14       0.10       0.15       0.14       0.22       0.25       0.00       0.00       0.02
    172800    9   13
       0.30       0.28       0.19       0.15       0.20       0.28       0.44       0.50       0.53
       0.30       0.19       0.18       0.22       0.25       0.31       0.49       0.57       0.81
       0.19       0.18       0.21       0.36       0.37       0.84       0.83       0.50       0.34
       0.22       0.22       0.27       0.44       0.74       0.95       0.50       0.26       0.12
       0.24       0.28       0.26       0.24       0.30       0.37       0.22       0.16       0.13
       0.45       0.34       0.39       0.32       0.21       0.43       0.22       0.16       0.14
       0.43       0.48       0.30       0.40       0.60       0.98       0.41       0.27       0.23
       0.77       0.73       0.48       0.62       0.86       0.74       0.45       0.34       0.37
       0.78       0.73       0.73       0.68       0.91       1.30       0.83       0.40       0.44
       1.57       1.24       1.21       1.81       1.51       1.41       0.69       0.44       0.50
       0.54       0.92       1.30       1.37       1.47       0.52       0.45       0.50       0.47
       0.66       0.99       0.95       1.37       0.97       0.43       0.31       0.24       0.27
       0.33       0.44       0.70       1.27       0.60       0.46       0.30       0.23       0.15
