         0    9   13
       1.05       1.18       1.11       1.50       0.97       1.09       1.13       0.94       1.25
       0.91       1.14       1.15       1.21       1.61       2.69       2.56       2.58       1.26
       0.85       1.21       1.31       2.52       2.97       2.85       2.73       2.61       1.10
       1.11       1.08       1.29       1.36       1.46       1.32       2.26       1.06       0.91
       1.06       1.02       1.05       0.89       1.01       0.91       0.94       0.89       0.94
       0.94       0.93       0.67       0.80       0.93       0.77       0.77       0.79       0.83
       0.78       1.04       0.67       0.75       0.72       0.64       0.57       0.67       0.77
       0.71       0.74       0.68       0.68       0.62       0.41       0.39       0.40       0.48
       0.55       0.61       0.70       0.49       0.39       0.24       0.27       0.29       0.29
       0.41       0.45       0.41       0.36       0.33       0.18       0.19       0.24       0.22
       0.29       0.25       0.27       0.34       0.36       0.31       0.21       0.16       0.12
       0.26       0.16       0.16       0.18       0.31       0.32       0.27       0.23       0.24
       0.27       0.16       0.17       0.27       0.29       0.28       0.27       0.25       0.31
     86400    9   13
       0.77       0.57       0.67       0.71       0.57       0.70       0.68       0.47       0.38
       0.71       0.66       0.86       0.97       0.87       0.49       0.58       0.49       0.31
       0.42       0.56       0.80       0.90       0.97       0.56       0.69       0.72       0.47
       0.40       0.51       0.79       1.05       1.35       1.21       0.93       0.70       0.60
       0.42       0.57       0.92       1.06       1.85       1.72       1.02       0.97       0.94
       0.33       0.49       0.63       0.96       1.81       1.19       0.90       1.62       1.55
       0.30       0.34       0.35       0.51       0.82       0.85       0.87       1.08       1.01
       0.40       0.44       0.34       0.38       0.35       0.52       0.85       0.71       0.51
       0.36       0.37       0.42       0.37       0.37       0.49       0.63       0.40       0.23
       0.35       0.38       0.43       0.40       0.38       0.55       0.67       0.31       0.18
       0.33       0.28       0.27       0.29       0.39       0.51       0.35       0.20       0.17
       0.32       0.21       0.13       0.12       0.24       0.29       0.23       0.15       0.14
       0.33       0.17       0.17       0.15       0.22       0.26       0.15       0.13       0.12
    172800    9   13
       0.07       0.04       0.07       0.26       0.21       0.20       0.34       0.27       0.43
       0.09       0.01       0.03       0.14       0.16       0.33       0.41       0.27       0.34
       0.26       0.07       0.07       0.12       0.28       0.30       0.19       0.20       0.22
       0.33       0.12       0.11       0.20       0.38       0.62       0.49       0.24       0.13
       0.09       0.10       0.07       0.10       0.27       0.39       0.51       0.51       0.38
       0.03       0.20       0.26       0.28       0.34       0.27       0.37       0.69       0.70
       0.06       0.17       0.42       0.36       0.15       0.20       0.44       0.59       0.44
       0.07       0.07       0.32       0.35       0.15       0.14       0.26       0.34       0.35
       0.02       0.04       0.32       0.50       0.48       0.36       0.55       0.40       0.30
       0.07       0.25       0.31       0.35       0.34       0.38       0.45       0.39       0.29
       0.17       0.24       0.21       0.15       0.15       0.18       0.21       0.20       0.12
       0.15       0.09       0.07       0.07       0.13       0.13       0.17       0.13       0.18
       0.08       0.03       0.01       0.01       0.04       0.08       0.13       0.08       0.10
    259200    9   13
       0.01       0.01       0.26       0.30       0.25       0.16       0.15       0.14       0.25
       0.01       0.01       0.08       0.04       0.15       0.18       0.18       0.18       0.15
       0.14       0.19       0.03       0.02       0.04       0.06       0.09       0.14       0.11
       0.34       0.23       0.11       0.14       0.08       0.01       0.05       0.25       0.09
       0.36       0.36       0.18       0.17       0.15       0.08       0.18       0.25       0.11
       0.16       0.22       0.26       0.21       0.25       0.39       0.25       0.20       0.16
       0.12       0.06       0.13       0.29       0.30       0.26       0.14       0.11       0.14
       0.12       0.03       0.15       0.38       0.40       0.28       0.19       0.18       0.10
       0.03       0.02       0.14       0.33       0.39       0.26       0.11       0.13       0.10
       0.01       0.00       0.23       0.34       0.37       0.23       0.21       0.10       0.13
       0.04       0.11       0.26       0.19       0.19       0.17       0.17       0.12       0.13
       0.06       0.21       0.14       0.04       0.08       0.13       0.15       0.14       0.13
       0.10       0.26       0.20       0.13       0.08       0.02       0.03       0.05       0.03
    345600    9   13
       0.22       0.27       0.20       0.13       0.40       0.27       0.15       0.24       0.37
       0.26       0.34       0.28       0.29       0.58       0.49       0.27       0.37       0.28
       0.53       0.45       0.42       0.29       0.39       0.80       0.39       0.39       0.41
       0.56       0.64       0.46       0.17       0.30       0.57       0.36       0.44       0.42
       0.44       0.48       0.25       0.34       0.28       0.39       0.38       0.43       0.43
       0.43       0.37       0.14       0.28       0.25       0.43       0.39       0.23       0.17
       0.30       0.24       0.04       0.09       0.19       0.42       0.32       0.24       0.25
       0.07       0.08       0.10       0.03       0.11       0.27       0.28       0.25       0.33
       0.05       0.14       0.12       0.08       0.21       0.31       0.22       0.21       0.32
       0.19       0.20       0.02       0.03       0.20       0.27       0.20       0.15       0.10
       0.04       0.27       0.20       0.07       0.04       0.06       0.15       0.12       0.10
       0.01       0.04       0.14       0.04       0.02       0.12       0.07       0.10       0.11
       0.04       0.02       0.03       0.14       0.17       0.15       0.07       0.12       0.10
    432000    9   13
       0.00       0.01       0.00       0.00       0.03       0.11       0.18       0.29       0.37
       0.01       0.06       0.01       0.01       0.06       0.15       0.23       0.41       0.35
       0.23       0.23       0.07       0.09       0.16       0.12       0.24       0.42       0.48
       0.25       0.22       0.07       0.05       0.17       0.20       0.39       0.30       0.35
       0.22       0.16       0.09       0.04       0.06       0.09       0.28       0.28       0.26
       0.25       0.20       0.14       0.06       0.07       0.04       0.06       0.18       0.18
       0.30       0.20       0.10       0.13       0.12       0.02       0.04       0.10       0.12
       0.07       0.04       0.01       0.06       0.04       0.00       0.06       0.10       0.07
       0.05       0.01       0.00       0.01       0.05       0.09       0.05       0.07       0.07
       0.03       0.00       0.01       0.02       0.04       0.09       0.06       0.04       0.04
       0.00       0.00       0.02       0.03       0.10       0.12       0.07       0.08       0.08
       0.00       0.00       0.04       0.05       0.04       0.02       0.02       0.10       0.16
       0.02       0.00       0.01       0.03       0.02       0.06       0.01       0.06       0.07
    518400    9   13
       0.00       0.14       0.09       0.13       0.11       0.07       0.07       0.18       0.19
       0.03       0.36       0.11       0.13       0.11       0.06       0.03       0.16       0.18
       0.01       0.13       0.12       0.12       0.21       0.05       0.07       0.20       0.25
       0.06       0.13       0.20       0.07       0.28       0.07       0.07       0.29       0.38
       0.10       0.20       0.24       0.27       0.26       0.15       0.06       0.15       0.26
       0.16       0.32       0.34       0.68       0.45       0.15       0.06       0.08       0.18
       0.17       0.27       0.16       0.56       0.33       0.08       0.04       0.06       0.16
       0.11       0.29       0.16       0.34       0.23       0.06       0.04       0.06       0.16
       0.18       0.28       0.24       0.26       0.07       0.07       0.08       0.09       0.06
       0.21       0.26       0.35       0.25       0.12       0.18       0.14       0.20       0.09
       0.29       0.33       0.40       0.27       0.20       0.26       0.09       0.15       0.11
       0.27       0.20       0.26       0.25       0.18       0.23       0.07       0.06       0.08
       0.13       0.11       0.14       0.24       0.13       0.03       0.02       0.03       0.03
    604800    9   13
       0.30       0.49       0.35       0.39       0.35       0.27       0.27       0.31       0.27
       0.32       0.47       0.29       0.37       0.34       0.28       0.27       0.32       0.24
       0.26       0.33       0.23       0.41       0.21       0.22       0.36       0.25       0.23
       0.23       0.30       0.18       0.24       0.13       0.15       0.24       0.25       0.31
       0.20       0.33       0.20       0.36       0.27       0.13       0.14       0.23       0.25
       0.20       0.36       0.27       0.41       0.42       0.17       0.06       0.12       0.14
       0.16       0.30       0.16       0.38       0.34       0.17       0.07       0.07       0.08
       0.21       0.26       0.15       0.32       0.30       0.14       0.07       0.05       0.05
       0.13       0.24       0.20       0.24       0.13       0.09       0.07       0.12       0.07
       0.04       0.14       0.17       0.23       0.17       0.18       0.11       0.11       0.11
       0.01       0.01       0.02       0.07       0.16       0.16       0.07       0.12       0.14
       0.01       0.00       0.00       0.00       0.02       0.03       0.02       0.05       0.07
       0.01       0.01       0.00       0.00       0.00       0.00       0.00       0.01       0.00
    691200    9   13
       0.19       0.08       0.14       0.26       0.30       0.26       0.26       0.29       0.24
       0.04       0.06       0.06       0.19       0.13       0.19       0.19       0.41       0.36
       0.02       0.05       0.03       0.12       0.04       0.13       0.23       0.24       0.28
       0.05       0.11       0.05       0.17       0.14       0.04       0.13       0.08       0.26
       0.14       0.20       0.07       0.18       0.20       0.02       0.07       0.15       0.13
       0.08       0.17       0.09       0.15       0.14       0.03       0.06       0.26       0.24
       0.08       0.16       0.05       0.13       0.13       0.03       0.05       0.17       0.27
       0.09       0.11       0.07       0.18       0.14       0.05       0.06       0.04       0.12
       0.17       0.20       0.25       0.25       0.11       0.10       0.11       0.10       0.06
       0.22       0.24       0.21       0.11       0.03       0.08       0.12       0.06       0.04
       0.03       0.06       0.07       0.06       0.00       0.00       0.02       0.01       0.01
       0.00       0.00       0.06       0.11       0.07       0.02       0.02       0.00       0.00
       0.02       0.09       0.24       0.20       0.14       0.06       0.02       0.01       0.01
    777600    9   13
       0.06       0.29       0.32       0.31       0.26       0.29       0.32       0.40       0.34
       0.07       0.27       0.28       0.32       0.11       0.27       0.27       0.46       0.49
       0.10       0.31       0.33       0.38       0.10       0.15       0.32       0.20       0.31
       0.16       0.35       0.41       0.36       0.21       0.06       0.24       0.16       0.28
       0.24       0.48       0.68       0.43       0.53       0.05       0.07       0.22       0.24
       0.15       0.36       0.46       0.27       0.65       0.08       0.06       0.24       0.26
       0.12       0.14       0.13       0.28       0.31       0.14       0.04       0.14       0.17
       0.09       0.15       0.16       0.17       0.08       0.09       0.11       0.10       0.10
       0.19       0.33       0.30       0.11       0.04       0.05       0.10       0.10       0.08
       0.22       0.27       0.16       0.03       0.02       0.04       0.07       0.05       0.07
       0.05       0.11       0.07       0.02       0.01       0.04       0.03       0.01       0.01
       0.03       0.07       0.13       0.07       0.05       0.03       0.02       0.00       0.01
       0.09       0.10       0.11       0.19       0.15       0.12       0.07       0.01       0.06
    864000    9   13
       0.01       0.12       0.33       0.21       0.16       0.16       0.20       0.27       0.34
       0.01       0.07       0.30       0.37       0.23       0.18       0.17       0.33       0.31
       0.01       0.03       0.17       0.27       0.21       0.15       0.23       0.44       0.45
       0.05       0.12       0.12       0.18       0.28       0.14       0.21       0.38       0.43
       0.23       0.36       0.23       0.36       0.34       0.14       0.06       0.20       0.25
       0.24       0.34       0.27       0.57       0.42       0.10       0.02       0.10       0.19
       0.13       0.14       0.10       0.40       0.34       0.07       0.04       0.06       0.12
       0.12       0.05       0.04       0.09       0.10       0.03       0.02       0.03       0.05
       0.09       0.08       0.12       0.07       0.01       0.02       0.04       0.07       0.03
       0.07       0.07       0.03       0.00       0.00       0.00       0.06       0.04       0.05
       0.02       0.03       0.06       0.01       0.00       0.00       0.01       0.00       0.00
       0.00       0.00       0.05       0.03       0.01       0.01       0.00       0.00       0.01
       0.00       0.00       0.02       0.01       0.00       0.00       0.00       0.00       0.00
    950400    9   13
       0.29       0.40       0.24       0.21       0.24       0.31       0.27       0.29       0.26
       0.32       0.54       0.41       0.29       0.21       0.18       0.33       0.34       0.26
       0.12       0.45       0.47       0.49       0.34       0.13       0.29       0.33       0.27
       0.21       0.43       0.52       0.61       0.36       0.13       0.33       0.39       0.25
       0.24       0.48       0.45       0.59       0.44       0.30       0.35       0.26       0.23
       0.22       0.33       0.35       0.32       0.36       0.19       0.34       0.29       0.30
       0.15       0.14       0.07       0.29       0.21       0.12       0.32       0.33       0.31
       0.08       0.06       0.01       0.12       0.10       0.06       0.23       0.32       0.40
       0.13       0.17       0.09       0.17       0.09       0.04       0.11       0.13       0.25
       0.10       0.14       0.21       0.14       0.03       0.01       0.06       0.12       0.23
       0.04       0.14       0.24       0.08       0.02       0.07       0.06       0.06       0.10
       0.01       0.03       0.11       0.11       0.03       0.01       0.02       0.01       0.07
       0.00       0.00       0.07       0.13       0.04       0.01       0.00       0.01       0.03
   1036800    9   13
       0.79       0.47       0.77       0.79       0.82       0.77       0.57       0.60       0.86
       0.74       0.48       0.71       0.76       0.78       0.54       0.50       0.57       0.54
       0.49       0.50       0.69       0.38       0.45       0.48       0.45       0.48       0.43
       0.22       0.23       0.32       0.25       0.22       0.38       0.48       0.26       0.32
       0.45       0.40       0.23       0.08       0.13       0.24       0.30       0.34       0.34
       0.42       0.38       0.20       0.13       0.33       0.25       0.25       0.40       0.38
       0.51       0.37       0.27       0.36       0.31       0.20       0.28       0.29       0.42
       0.33       0.40       0.26       0.39       0.30       0.36       0.44       0.37       0.34
       0.48       0.68       0.39       0.37       0.23       0.30       0.52       0.52       0.47
       0.22       0.33       0.26       0.25       0.21       0.07       0.14       0.21       0.33
       0.18       0.22       0.25       0.18       0.05       0.05       0.05       0.08       0.33
       0.09       0.07       0.17       0.20       0.07       0.02       0.02       0.12       0.27
       0.00       0.03       0.04       0.09       0.08       0.01       0.01       0.04       0.07
   1123200    9   13
       0.49       0.36       0.26       0.21       0.44       0.66       0.57       0.56       0.55
       1.26       0.54       0.30       0.33       0.54       0.58       0.76       0.49       0.51
       1.21       0.36       0.29       0.43       0.64       0.69       0.59       0.54       0.65
       1.11       0.85       0.75       0.73       0.69       0.97       1.05       0.72       1.03
       1.05       1.02       0.96       0.78       1.01       1.09       1.66       0.98       0.80
       1.40       0.95       1.02       0.99       1.38       1.84       1.79       0.79       0.69
       1.12       1.09       0.79       1.10       1.57       1.74       1.65       0.80       0.78
       0.88       1.08       1.09       1.08       0.92       0.93       0.95       0.78       0.76
       0.67       0.89       0.98       0.73       0.47       0.40       0.53       0.53       0.63
       0.43       0.24       0.25       0.25       0.22       0.24       0.26       0.28       0.40
       0.25       0.13       0.03       0.01       0.02       0.09       0.09       0.20       0.35
       0.03       0.00       0.00       0.01       0.02       0.03       0.03       0.12       0.24
       0.00       0.01       0.01       0.05       0.13       0.14       0.14       0.21       0.14
   1209600    9   13
       0.38       0.50       1.22       1.50       2.64       1.09       0.52       0.34       0.44
       0.25       0.66       1.04       2.78       1.19       0.36       0.64       0.41       0.35
       0.45       1.02       1.10       1.05       0.79       1.52       1.61       0.63       0.29
       0.35       0.44       0.57       2.38       1.57       2.34       1.77       0.39       0.29
       0.45       0.30       0.36       1.53       2.32       2.18       1.01       0.35       0.23
       0.38       0.20       0.14       0.28       0.96       1.84       0.84       0.34       0.18
       0.17       0.16       0.13       0.33       1.57       2.86       0.79       0.35       0.19
       0.17       0.22       0.08       0.08       0.38       0.85       0.46       0.29       0.21
       0.31       0.35       0.14       0.06       0.13       0.31       0.34       0.27       0.44
       0.30       0.27       0.31       0.21       0.12       0.24       0.47       0.88       0.52
       0.24       0.27       0.28       0.18       0.16       0.25       0.37       1.00       0.59
       0.07       0.14       0.24       0.29       0.26       0.24       0.25       0.64       0.77
       0.08       0.17       0.33       0.38       0.34       0.39       0.31       0.30       0.48
   1296000    9   13
       0.10       0.24       0.20       0.20       0.18       0.24       0.41       0.48       0.49
       0.04       0.16       0.16       0.16       0.10       0.16       0.29       0.29       0.28
       0.10       0.13       0.15       0.14       0.12       0.22       0.26       0.27       0.22
       0.33       0.14       0.21       0.21       0.13       0.17       0.15       0.17       0.14
       0.28       0.34       0.39       0.19       0.05       0.10       0.17       0.08       0.13
       0.10       0.10       0.10       0.02       0.09       0.21       0.14       0.15       0.17
       0.08       0.09       0.13       0.14       0.20       0.18       0.17       0.15       0.16
       0.08       0.06       0.24       0.38       0.40       0.28       0.14       0.08       0.18
       0.20       0.35       0.78       0.39       0.20       0.10       0.08       0.12       0.17
       0.22       0.11       0.08       0.03       0.08       0.21       0.19       0.27       0.28
       0.13       0.14       0.15       0.15       0.14       0.26       0.37       0.73       0.47
       0.27       0.30       0.26       0.14       0.11       0.17       0.25       0.36       0.35
       0.28       0.29       0.33       0.18       0.12       0.26       0.21       0.20       0.21
