         0    9   13
       0.00       0.00       0.02       0.13       0.09       0.06       0.15       0.17       0.16
       0.00       0.00       0.02       0.11       0.12       0.13       0.13       0.08       0.04
       0.00       0.00       0.02       0.05       0.10       0.07       0.04       0.03       0.03
       0.00       0.00       0.00       0.10       0.19       0.10       0.02       0.01       0.01
       0.01       0.00       0.00       0.01       0.04       0.06       0.00       0.03       0.08
       0.05       0.02       0.00       0.00       0.01       0.02       0.00       0.07       0.12
       0.08       0.06       0.01       0.00       0.01       0.03       0.00       0.02       0.02
       0.09       0.06       0.01       0.02       0.01       0.00       0.00       0.00       0.00
       0.12       0.07       0.09       0.10       0.02       0.00       0.00       0.00       0.00
       0.21       0.18       0.15       0.11       0.03       0.01       0.00       0.01       0.00
       0.20       0.24       0.20       0.14       0.10       0.12       0.00       0.01       0.01
       0.04       0.15       0.23       0.18       0.16       0.11       0.05       0.02       0.01
       0.00       0.03       0.14       0.18       0.16       0.10       0.05       0.03       0.01
     86400    9   13
       0.11       0.30       0.30       0.30       0.66       0.90       0.96       0.95       0.95
       0.05       0.19       0.48       0.24       0.70       0.97       1.16       0.91       0.97
       0.01       0.12       0.52       0.32       0.68       0.95       0.80       0.90       1.42
       0.01       0.05       0.11       0.20       0.30       0.52       0.74       0.85       1.02
       0.00       0.00       0.00       0.04       0.05       0.18       0.46       0.53       0.64
       0.00       0.00       0.00       0.00       0.01       0.03       0.05       0.12       0.40
       0.01       0.01       0.00       0.00       0.00       0.00       0.01       0.14       0.33
       0.00       0.00       0.00       0.00       0.00       0.00       0.01       0.06       0.08
       0.00       0.00       0.00       0.00       0.00       0.00       0.00       0.00       0.00
       0.01       0.00       0.00       0.00       0.00       0.00       0.00       0.00       0.00
       0.00       0.01       0.00       0.00       0.00       0.00       0.00       0.00       0.00
       0.01       0.01       0.00       0.00       0.00       0.00       0.00       0.00       0.00
       0.01       0.01       0.00       0.00       0.01       0.00       0.00       0.00       0.00
    172800    9   13
       0.26       0.55       0.51       0.53       0.58       0.88       0.96       0.95       0.95
       0.30       0.52       0.40       0.52       0.66       0.66       0.94       1.16       0.95
       0.20       0.33       0.22       0.38       0.31       0.40       0.67       0.89       0.78
       0.29       0.41       0.33       0.53       0.56       0.36       0.58       0.63       0.52
       0.66       0.79       0.54       0.60       0.58       0.17       0.31       0.43       0.33
       0.89       0.87       0.86       0.57       0.55       0.24       0.30       0.46       0.39
       0.64       0.82       0.82       0.86       0.56       0.35       0.40       0.41       0.34
       0.46       0.48       0.37       0.44       0.28       0.24       0.28       0.24       0.23
       0.17       0.14       0.14       0.20       0.04       0.02       0.15       0.13       0.04
       0.15       0.19       0.16       0.12       0.02       0.00       0.01       0.02       0.00
       0.06       0.11       0.13       0.04       0.01       0.00       0.00       0.06       0.02
       0.10       0.20       0.20       0.13       0.06       0.07       0.04       0.05       0.05
       0.20       0.23       0.25       0.17       0.20       0.14       0.06       0.03       0.08
    259200    9   13
       0.63       0.37       0.30       0.51       0.65       0.71       0.72       0.94       0.96
       0.79       0.52       0.45       0.68       0.86       0.95       0.88       0.91       0.97
       0.68       0.55       0.51       0.77       1.02       1.25       1.34       1.40       1.01
       0.43       0.45       0.56       0.80       0.95       0.95       1.54       1.57       1.08
       0.53       0.55       0.73       0.91       0.84       0.72       0.95       0.95       0.79
       0.27       0.33       0.44       0.77       0.73       0.45       0.48       0.72       0.72
       0.19       0.33       0.33       0.40       0.36       0.34       0.48       0.55       0.55
       0.17       0.22       0.22       0.16       0.25       0.26       0.29       0.31       0.30
       0.01       0.03       0.07       0.11       0.14       0.16       0.08       0.07       0.07
       0.10       0.18       0.21       0.14       0.20       0.17       0.06       0.05       0.02
       0.08       0.20       0.17       0.19       0.19       0.17       0.07       0.03       0.01
       0.02       0.05       0.04       0.08       0.15       0.14       0.09       0.04       0.04
       0.01       0.02       0.08       0.17       0.20       0.30       0.23       0.05       0.05
    345600    9   13
       0.19       0.15       0.12       0.47       0.79       0.83       0.55       0.64       1.12
       0.15       0.10       0.09       0.24       0.30       0.52       0.75       0.77       1.02
       0.00       0.03       0.04       0.14       0.15       0.25       0.70       0.74       0.85
       0.00       0.00       0.04       0.13       0.21       0.30       0.66       0.61       0.52
       0.00       0.00       0.00       0.01       0.04       0.13       0.35       0.30       0.24
       0.00       0.01       0.00       0.00       0.01       0.01       0.05       0.07       0.08
       0.14       0.22       0.15       0.12       0.04       0.03       0.01       0.01       0.04
       0.40       0.39       0.23       0.18       0.06       0.06       0.02       0.01       0.05
       0.06       0.06       0.16       0.11       0.03       0.02       0.01       0.00       0.00
       0.01       0.00       0.03       0.03       0.01       0.00       0.01       0.01       0.00
       0.01       0.02       0.06       0.01       0.03       0.12       0.02       0.01       0.05
       0.01       0.06       0.06       0.02       0.04       0.08       0.05       0.02       0.10
       0.01       0.06       0.13       0.13       0.11       0.06       0.08       0.10       0.07
    432000    9   13
       0.13       0.26       0.19       0.16       0.40       0.71       0.52       0.65       0.79
       0.07       0.17       0.13       0.18       0.47       0.52       0.33       0.79       0.61
       0.12       0.16       0.13       0.13       0.16       0.17       0.38       0.67       0.34
       0.14       0.19       0.18       0.18       0.05       0.14       0.24       0.26       0.09
       0.10       0.13       0.29       0.40       0.12       0.37       0.31       0.19       0.13
       0.16       0.11       0.12       0.22       0.03       0.16       0.24       0.12       0.04
       0.52       0.41       0.23       0.11       0.11       0.13       0.10       0.03       0.01
       0.52       0.52       0.36       0.24       0.12       0.10       0.12       0.06       0.04
       0.45       0.42       0.55       0.37       0.22       0.16       0.17       0.11       0.08
       0.71       0.56       0.43       0.33       0.24       0.23       0.19       0.01       0.11
       0.52       0.56       0.22       0.11       0.23       0.34       0.35       0.08       0.06
       0.31       0.37       0.26       0.13       0.24       0.14       0.25       0.28       0.12
       0.02       0.12       0.19       0.25       0.28       0.10       0.11       0.37       0.27
    518400    9   13
       0.00       0.02       0.04       0.16       0.04       0.15       0.26       0.21       0.17
       0.01       0.02       0.03       0.03       0.00       0.01       0.04       0.07       0.08
       0.04       0.01       0.04       0.13       0.03       0.05       0.04       0.09       0.11
       0.21       0.05       0.04       0.14       0.09       0.11       0.08       0.14       0.29
       0.50       0.28       0.18       0.06       0.09       0.17       0.07       0.12       0.36
       0.66       0.51       0.30       0.04       0.15       0.28       0.18       0.31       0.39
       0.66       0.59       0.44       0.14       0.14       0.29       0.13       0.09       0.24
       0.53       0.52       0.48       0.30       0.18       0.24       0.10       0.05       0.15
       0.52       0.56       0.42       0.25       0.24       0.14       0.18       0.06       0.13
       0.34       0.38       0.25       0.25       0.30       0.25       0.16       0.06       0.08
       0.09       0.17       0.17       0.21       0.49       0.40       0.18       0.07       0.02
       0.02       0.06       0.14       0.15       0.30       0.32       0.30       0.15       0.07
       0.05       0.03       0.08       0.10       0.13       0.40       0.28       0.29       0.19
    604800    9   13
       0.00       0.00       0.01       0.17       0.41       0.52       0.60       0.58       0.59
       0.00       0.02       0.18       0.21       0.24       0.52       0.59       0.57       0.59
       0.00       0.13       0.52       0.51       0.51       0.67       0.54       0.58       0.83
       0.00       0.03       0.42       0.60       0.68       0.72       0.60       0.67       0.90
       0.04       0.07       0.21       0.46       0.73       0.80       0.58       0.55       0.79
       0.04       0.09       0.10       0.28       0.55       0.68       0.56       0.41       0.55
       0.02       0.07       0.21       0.31       0.40       0.82       0.95       0.67       0.81
       0.01       0.06       0.48       0.42       0.89       0.84       0.80       1.08       1.86
       0.01       0.07       0.25       0.30       0.85       0.84       0.68       1.09       1.46
       0.03       0.06       0.09       0.19       0.66       0.87       0.59       0.76       0.76
       0.02       0.03       0.03       0.11       0.40       0.44       0.42       0.56       0.94
       0.02       0.01       0.01       0.10       0.16       0.18       0.32       0.31       0.44
       0.01       0.00       0.03       0.07       0.09       0.06       0.30       0.21       0.18
    691200    9   13
       0.63       0.67       0.66       0.39       0.48       0.60       0.73       0.60       0.55
       0.79       0.76       0.52       0.37       0.46       0.54       0.53       0.46       0.72
       0.80       0.51       0.32       0.14       0.24       0.17       0.32       0.52       0.73
       0.62       0.38       0.29       0.15       0.16       0.20       0.39       0.65       0.70
       0.68       0.57       0.46       0.11       0.23       0.23       0.40       1.04       0.83
       0.54       0.60       0.78       0.21       0.52       0.40       0.45       0.72       0.72
       0.56       0.70       0.72       0.35       0.77       0.82       0.40       0.27       0.17
       0.89       0.56       0.46       0.40       0.59       0.64       0.24       0.16       0.17
       0.53       0.55       0.34       0.31       0.32       0.21       0.11       0.10       0.08
       0.04       0.18       0.14       0.14       0.11       0.04       0.05       0.05       0.01
       0.02       0.03       0.00       0.07       0.14       0.17       0.07       0.05       0.01
       0.00       0.00       0.00       0.01       0.05       0.08       0.08       0.13       0.17
       0.00       0.00       0.00       0.00       0.01       0.00       0.04       0.10       0.25
    777600    9   13
       0.55       0.45       0.56       0.64       0.55       0.50       0.58       0.69       0.88
       0.56       0.33       0.31       0.59       0.52       0.33       0.37       0.79       0.87
       0.32       0.52       0.34       0.31       0.17       0.24       0.30       0.59       0.53
       0.22       0.23       0.19       0.19       0.15       0.16       0.22       0.35       0.52
       0.21       0.03       0.03       0.06       0.09       0.07       0.14       0.31       0.72
       0.12       0.01       0.01       0.07       0.09       0.06       0.10       0.37       0.53
       0.03       0.03       0.02       0.21       0.14       0.02       0.06       0.35       0.43
       0.12       0.41       0.28       0.44       0.31       0.05       0.03       0.15       0.23
       0.22       0.53       0.48       0.46       0.29       0.14       0.15       0.11       0.16
       0.30       0.33       0.23       0.23       0.16       0.19       0.27       0.24       0.24
       0.09       0.01       0.01       0.11       0.17       0.18       0.15       0.21       0.17
       0.02       0.00       0.00       0.04       0.11       0.14       0.12       0.09       0.11
       0.00       0.01       0.11       0.17       0.13       0.13       0.11       0.04       0.11
    864000    9   13
       0.46       0.68       0.96       1.02       1.12       0.95       0.92       0.93       0.90
       0.46       0.52       0.65       0.95       0.68       0.40       0.54       0.60       0.67
       0.09       0.14       0.35       0.52       0.96       0.57       0.61       0.71       0.79
       0.08       0.06       0.16       0.75       1.31       0.72       0.63       0.98       0.97
       0.10       0.02       0.21       0.78       0.84       0.37       0.58       0.97       0.84
       0.48       0.25       0.46       0.60       0.36       0.51       0.64       0.96       0.86
       0.64       0.61       0.56       0.53       0.34       0.55       0.66       0.74       0.71
       0.40       0.50       0.53       0.48       0.36       0.38       0.39       0.38       0.26
       0.17       0.28       0.35       0.37       0.34       0.31       0.24       0.12       0.12
       0.30       0.26       0.23       0.21       0.31       0.30       0.11       0.06       0.11
       0.35       0.19       0.24       0.25       0.31       0.19       0.13       0.13       0.16
       0.41       0.31       0.25       0.17       0.20       0.13       0.13       0.08       0.11
       0.46       0.22       0.16       0.10       0.17       0.14       0.11       0.09       0.07
    950400    9   13
       0.63       0.48       0.39       0.62       0.48       0.40       0.48       0.39       0.41
       0.95       0.78       0.52       0.65       0.51       0.55       0.59       0.53       0.50
       1.07       1.06       0.95       0.83       0.56       0.37       0.60       0.64       0.39
       1.24       1.22       1.26       1.27       0.95       0.70       0.66       0.64       0.53
       1.14       1.01       1.16       1.69       0.84       0.69       0.71       0.61       0.69
       0.83       0.87       1.11       1.15       1.16       0.95       0.81       0.81       0.73
       0.83       0.81       0.87       0.86       0.95       0.82       0.77       0.73       0.72
       0.70       0.77       0.71       0.74       0.65       0.60       0.66       0.66       0.67
       0.79       0.79       0.75       0.50       0.47       0.56       0.72       0.66       0.52
       0.21       0.33       0.42       0.47       0.56       0.59       0.72       0.56       0.37
       0.25       0.27       0.23       0.26       0.31       0.33       0.50       0.56       0.31
       0.33       0.21       0.13       0.18       0.40       0.83       0.95       1.16       1.06
       0.58       0.53       0.31       0.30       0.88       1.34       1.68       1.57       1.51
   1036800    9   13
       0.17       0.07       0.14       0.37       0.27       0.19       0.27       0.25       0.29
       0.07       0.05       0.25       0.32       0.21       0.19       0.25       0.30       0.25
       0.12       0.20       0.35       0.30       0.19       0.12       0.34       0.31       0.25
       0.29       0.49       0.53       0.52       0.54       0.40       0.52       0.37       0.29
       0.24       0.28       0.52       0.51       0.65       0.71       0.53       0.38       0.39
       0.09       0.15       0.31       0.28       0.49       0.74       0.51       0.28       0.29
       0.20       0.21       0.24       0.46       0.43       0.52       0.25       0.13       0.14
       0.25       0.23       0.23       0.24       0.24       0.14       0.13       0.23       0.22
       0.25       0.24       0.22       0.19       0.29       0.23       0.12       0.20       0.28
       0.30       0.38       0.25       0.22       0.29       0.18       0.18       0.18       0.18
       0.14       0.23       0.34       0.25       0.25       0.23       0.15       0.10       0.17
       0.08       0.11       0.23       0.28       0.24       0.20       0.14       0.07       0.11
       0.03       0.10       0.14       0.26       0.25       0.25       0.22       0.12       0.12
   1123200    9   13
       0.06       0.15       0.21       0.16       0.32       0.40       0.50       0.52       0.50
       0.07       0.33       0.38       0.26       0.30       0.33       0.35       0.34       0.40
       0.10       0.31       0.53       0.34       0.36       0.36       0.32       0.24       0.24
       0.16       0.19       0.40       0.26       0.30       0.36       0.16       0.12       0.20
       0.31       0.28       0.40       0.32       0.39       0.42       0.14       0.22       0.15
       0.36       0.47       0.61       0.36       0.50       0.45       0.26       0.41       0.40
       0.46       0.50       0.63       0.39       0.56       0.49       0.37       0.41       0.40
       0.30       0.48       0.75       0.50       0.65       0.43       0.33       0.43       0.59
       0.51       0.74       0.67       0.51       0.52       0.47       0.36       0.51       0.63
       0.97       0.59       0.30       0.46       0.62       0.79       0.74       0.83       0.76
       0.87       0.46       0.28       0.53       0.56       0.73       1.02       0.96       0.75
       0.56       0.31       0.30       0.50       0.42       0.51       0.85       0.87       0.43
       0.18       0.21       0.45       0.55       0.51       0.46       0.81       0.72       0.53
   1209600    9   13
       0.03       0.04       0.04       0.11       0.12       0.14       0.12       0.19       0.29
       0.11       0.17       0.16       0.22       0.28       0.25       0.24       0.34       0.50
       0.22       0.42       0.34       0.40       0.46       0.37       0.46       0.58       0.53
       0.31       0.44       0.51       0.70       0.72       0.67       0.65       0.57       0.46
       0.42       0.52       0.78       0.91       0.84       0.87       0.80       0.66       0.53
       0.48       0.69       0.95       1.03       0.95       0.88       0.81       0.83       0.86
       0.53       0.70       0.96       0.95       1.09       0.95       0.95       1.00       1.40
       0.50       0.66       0.91       1.00       0.89       0.84       0.90       1.04       1.44
       0.50       0.75       0.88       0.85       0.89       0.86       0.81       0.95       1.20
       0.54       0.59       0.57       0.86       0.95       0.87       0.89       0.95       1.29
       0.51       0.33       0.46       0.61       0.95       0.95       0.95       1.21       1.23
       0.22       0.22       0.31       0.53       0.63       0.83       0.95       1.10       1.09
       0.18       0.16       0.23       0.29       0.51       0.81       1.16       1.27       1.32
   1296000    9   13
       0.11       0.07       0.01       0.06       0.08       0.11       0.15       0.12       0.14
       0.30       0.16       0.06       0.10       0.11       0.11       0.12       0.14       0.12
       0.29       0.24       0.18       0.16       0.19       0.11       0.10       0.11       0.12
       0.29       0.38       0.42       0.46       0.47       0.27       0.12       0.14       0.09
       0.31       0.32       0.33       0.25       0.39       0.37       0.24       0.15       0.08
       0.24       0.28       0.20       0.23       0.49       0.48       0.40       0.25       0.14
       0.43       0.33       0.24       0.36       0.49       0.50       0.51       0.37       0.30
       0.40       0.21       0.22       0.43       0.49       0.54       0.66       0.55       0.42
       0.40       0.21       0.17       0.28       0.37       0.46       0.39       0.28       0.22
       0.34       0.18       0.18       0.25       0.62       0.53       0.41       0.25       0.16
       0.23       0.23       0.25       0.40       0.77       0.83       0.57       0.41       0.30
       0.18       0.30       0.24       0.48       0.53       0.59       0.83       0.45       0.29
       0.19       0.25       0.30       0.27       0.30       0.35       0.64       0.51       0.30
