         0    9   13
       0.08       0.01       0.04       0.05       0.10       0.14       0.16       0.13       0.13
       0.15       0.01       0.04       0.08       0.10       0.29       0.27       0.13       0.13
       0.20       0.03       0.03       0.14       0.13       0.31       0.32       0.31       0.22
       0.09       0.02       0.13       0.13       0.19       0.35       0.29       0.19       0.22
       0.13       0.06       0.35       0.31       0.22       0.42       0.48       0.45       0.35
       0.53       0.29       0.46       0.39       0.21       0.47       0.54       0.49       0.49
       0.52       0.67       0.52       0.43       0.64       0.75       0.46       0.48       0.59
       0.37       0.41       0.45       0.39       0.33       0.39       0.35       0.53       0.97
       0.30       0.28       0.47       0.39       0.46       0.67       0.35       0.54       0.80
       0.30       0.33       0.74       0.68       0.79       0.87       0.69       0.51       0.54
       0.16       0.24       0.76       0.85       0.51       0.50       0.62       0.42       0.22
       0.48       0.55       0.95       0.77       0.64       0.49       0.22       0.16       0.10
       1.05       1.03       1.10       0.67       0.54       0.30       0.19       0.22       0.12
     86400    9   13
       0.33       0.21       0.14       0.15       0.23       0.15       0.16       0.21       0.23
       0.27       0.10       0.08       0.20       0.21       0.20       0.33       0.23       0.17
       0.26       0.16       0.14       0.31       0.23       0.32       0.35       0.26       0.38
       0.45       0.31       0.20       0.34       0.24       0.22       0.38       0.33       0.36
       0.51       0.20       0.12       0.19       0.21       0.13       0.22       0.18       0.22
       0.38       0.14       0.06       0.06       0.13       0.10       0.20       0.13       0.18
       0.29       0.13       0.06       0.05       0.08       0.10       0.16       0.14       0.15
       0.17       0.08       0.02       0.03       0.00       0.09       0.21       0.17       0.16
       0.31       0.08       0.01       0.02       0.02       0.10       0.18       0.25       0.25
       0.21       0.11       0.01       0.00       0.05       0.16       0.12       0.15       0.29
       0.01       0.03       0.01       0.01       0.05       0.07       0.07       0.11       0.31
       0.08       0.08       0.10       0.02       0.00       0.00       0.07       0.15       0.27
       0.12       0.12       0.15       0.13       0.07       0.02       0.03       0.12       0.22
    172800    9   13
       0.68       0.64       0.72       0.73       0.67       0.46       0.35       0.38       0.55
       0.73       0.68       0.64       0.61       0.32       0.27       0.39       0.56       0.83
       0.59       0.52       0.38       0.22       0.26       0.22       0.44       0.65       0.63
       0.34       0.59       0.55       0.18       0.34       0.11       0.46       0.62       0.47
       0.18       0.40       0.64       0.56       0.50       0.21       0.43       0.50       0.45
       0.33       0.18       0.20       0.30       0.19       0.20       0.22       0.30       0.34
       0.36       0.19       0.22       0.23       0.11       0.23       0.26       0.29       0.31
       0.12       0.19       0.13       0.07       0.00       0.06       0.16       0.28       0.26
       0.05       0.10       0.01       0.01       0.01       0.07       0.13       0.30       0.37
       0.07       0.06       0.01       0.00       0.04       0.12       0.11       0.18       0.33
       0.02       0.03       0.01       0.01       0.03       0.07       0.13       0.16       0.22
       0.03       0.10       0.08       0.09       0.14       0.14       0.12       0.16       0.24
       0.01       0.01       0.11       0.18       0.17       0.16       0.12       0.27       0.32
    259200    9   13
       0.37       0.15       0.13       0.15       0.15       0.22       0.22       0.28       0.36
       0.31       0.13       0.16       0.14       0.17       0.24       0.19       0.26       0.48
       0.27       0.23       0.14       0.11       0.22       0.20       0.11       0.13       0.31
       0.38       0.39       0.31       0.11       0.22       0.26       0.28       0.18       0.13
       0.37       0.41       0.39       0.20       0.22       0.27       0.28       0.14       0.07
       0.14       0.27       0.20       0.22       0.21       0.19       0.16       0.14       0.11
       0.10       0.25       0.17       0.23       0.15       0.17       0.14       0.19       0.11
       0.12       0.26       0.14       0.13       0.21       0.21       0.17       0.16       0.13
       0.51       0.50       0.17       0.21       0.11       0.08       0.11       0.09       0.09
       0.34       0.24       0.27       0.17       0.12       0.04       0.10       0.13       0.06
       0.04       0.10       0.14       0.14       0.13       0.14       0.11       0.12       0.11
       0.09       0.13       0.17       0.22       0.25       0.25       0.15       0.16       0.16
       0.06       0.26       0.30       0.25       0.26       0.24       0.22       0.13       0.12
    345600    9   13
       0.16       0.18       0.10       0.12       0.14       0.17       0.16       0.25       0.30
       0.18       0.22       0.17       0.21       0.13       0.09       0.18       0.26       0.24
       0.20       0.23       0.22       0.27       0.17       0.10       0.27       0.30       0.24
       0.19       0.26       0.22       0.37       0.30       0.13       0.26       0.31       0.20
       0.18       0.32       0.21       0.38       0.36       0.14       0.15       0.30       0.21
       0.11       0.29       0.14       0.26       0.34       0.10       0.14       0.24       0.18
       0.20       0.37       0.21       0.25       0.17       0.10       0.14       0.20       0.20
       0.25       0.32       0.28       0.21       0.12       0.10       0.17       0.22       0.21
       0.16       0.14       0.12       0.14       0.04       0.07       0.23       0.18       0.12
       0.05       0.02       0.01       0.03       0.04       0.09       0.21       0.16       0.08
       0.00       0.01       0.01       0.01       0.03       0.01       0.04       0.08       0.14
       0.01       0.05       0.05       0.01       0.00       0.00       0.01       0.02       0.07
       0.07       0.21       0.23       0.16       0.03       0.08       0.07       0.01       0.03
    432000    9   13
       0.17       0.08       0.10       0.05       0.12       0.13       0.16       0.17       0.20
       0.08       0.01       0.05       0.05       0.01       0.06       0.13       0.14       0.21
       0.18       0.02       0.05       0.13       0.01       0.12       0.28       0.25       0.41
       0.07       0.01       0.02       0.19       0.08       0.09       0.34       0.26       0.45
       0.02       0.01       0.07       0.14       0.06       0.04       0.15       0.18       0.19
       0.09       0.02       0.07       0.13       0.02       0.08       0.16       0.14       0.11
       0.13       0.11       0.08       0.12       0.03       0.11       0.14       0.11       0.10
       0.13       0.12       0.11       0.05       0.04       0.04       0.08       0.12       0.09
       0.11       0.13       0.16       0.06       0.03       0.05       0.11       0.11       0.13
       0.16       0.25       0.25       0.13       0.05       0.11       0.14       0.10       0.10
       0.15       0.26       0.31       0.11       0.08       0.11       0.09       0.10       0.05
       0.26       0.51       0.52       0.27       0.12       0.13       0.05       0.08       0.06
       0.48       0.50       0.33       0.26       0.22       0.27       0.12       0.08       0.11
    518400    9   13
       0.14       0.25       0.49       0.73       0.72       0.52       0.54       0.54       0.31
       0.04       0.22       0.33       0.09       0.38       0.32       0.40       0.49       0.24
       0.03       0.05       0.18       0.22       0.58       0.31       0.34       0.50       0.33
       0.11       0.05       0.04       0.05       0.23       0.26       0.17       0.30       0.36
       0.03       0.02       0.02       0.03       0.22       0.32       0.18       0.16       0.21
       0.03       0.10       0.06       0.06       0.29       0.26       0.17       0.21       0.35
       0.07       0.18       0.29       0.18       0.18       0.21       0.24       0.41       0.71
       0.09       0.15       0.14       0.17       0.22       0.30       0.35       0.59       0.73
       0.07       0.05       0.16       0.37       0.34       0.30       0.43       0.62       0.60
       0.08       0.13       0.22       0.38       0.45       0.36       0.59       0.53       0.52
       0.20       0.15       0.23       0.26       0.28       0.31       0.34       0.36       0.51
       0.14       0.19       0.22       0.30       0.19       0.18       0.31       0.32       0.32
       0.08       0.10       0.16       0.25       0.12       0.10       0.25       0.26       0.22
    604800    9   13
       0.34       0.56       0.37       0.47       0.62       0.38       0.32       0.34       0.30
       0.26       0.47       0.60       0.58       0.56       0.43       0.36       0.29       0.18
       0.15       0.30       0.56       0.51       0.73       0.58       0.43       0.41       0.21
       0.16       0.23       0.41       0.34       0.68       0.70       0.52       0.31       0.31
       0.16       0.22       0.31       0.22       0.37       0.86       0.76       0.45       0.30
       0.24       0.29       0.46       0.32       0.32       0.78       0.72       0.49       0.25
       0.16       0.21       0.35       0.36       0.39       0.55       0.49       0.38       0.36
       0.09       0.12       0.26       0.52       0.57       0.38       0.38       0.45       0.45
       0.08       0.16       0.23       0.26       0.37       0.34       0.38       0.47       0.56
       0.14       0.13       0.19       0.22       0.26       0.26       0.32       0.36       0.49
       0.09       0.17       0.24       0.25       0.43       0.64       0.44       0.57       0.55
       0.10       0.13       0.16       0.31       0.57       0.58       0.66       0.42       0.33
       0.17       0.21       0.30       0.33       0.42       0.38       0.43       0.36       0.33
    691200    9   13
       0.31       0.32       0.18       0.12       0.13       0.10       0.08       0.05       0.11
       0.16       0.19       0.31       0.15       0.25       0.18       0.11       0.09       0.08
       0.08       0.13       0.36       0.20       0.16       0.13       0.11       0.05       0.06
       0.22       0.22       0.22       0.22       0.22       0.12       0.08       0.03       0.05
       0.30       0.33       0.36       0.26       0.36       0.31       0.33       0.13       0.09
       0.49       0.44       0.44       0.45       0.44       0.41       0.37       0.26       0.29
       0.48       0.37       0.41       0.48       0.48       0.62       0.38       0.38       0.43
       0.49       0.32       0.49       0.56       0.72       0.65       0.61       0.50       0.62
       0.67       0.56       0.58       0.57       0.83       0.88       0.85       0.82       0.85
       0.45       0.40       0.51       0.73       1.11       1.01       1.13       1.02       0.64
       0.35       0.58       0.95       0.97       1.13       1.24       0.91       0.87       0.71
       0.67       0.99       0.95       0.92       0.94       0.88       0.78       0.63       0.64
       1.05       1.03       0.85       1.15       0.82       0.65       0.58       0.71       0.67
    777600    9   13
       0.28       0.34       0.24       0.28       0.18       0.17       0.16       0.18       0.22
       0.32       0.36       0.32       0.34       0.32       0.22       0.18       0.14       0.13
       0.47       0.54       0.45       0.44       0.38       0.22       0.21       0.15       0.09
       0.56       0.45       0.57       0.56       0.51       0.33       0.32       0.21       0.14
       0.23       0.27       0.52       0.26       0.32       0.50       0.32       0.23       0.21
       0.11       0.19       0.48       0.10       0.37       0.59       0.47       0.47       0.41
       0.08       0.11       0.41       0.07       0.16       0.36       0.35       0.45       0.45
       0.02       0.05       0.07       0.04       0.15       0.28       0.32       0.43       0.73
       0.06       0.04       0.02       0.07       0.23       0.25       0.21       0.25       0.31
       0.09       0.08       0.09       0.07       0.22       0.22       0.24       0.36       0.51
       0.15       0.14       0.13       0.10       0.07       0.11       0.19       0.31       0.51
       0.19       0.21       0.21       0.26       0.23       0.15       0.13       0.18       0.23
       0.13       0.06       0.11       0.13       0.28       0.31       0.31       0.29       0.23
    864000    9   13
       0.34       0.44       0.37       0.50       0.48       0.34       0.30       0.26       0.33
       0.35       0.24       0.43       0.62       0.92       0.56       0.36       0.31       0.33
       0.15       0.18       0.31       0.33       0.50       0.57       0.43       0.48       0.40
       0.07       0.22       0.18       0.13       0.35       0.54       0.40       0.49       0.44
       0.06       0.15       0.22       0.16       0.36       0.60       0.50       0.50       0.49
       0.15       0.15       0.20       0.18       0.33       0.63       0.47       0.35       0.25
       0.43       0.22       0.20       0.22       0.37       0.62       0.58       0.43       0.28
       0.21       0.07       0.15       0.37       0.69       0.64       0.62       0.50       0.42
       0.15       0.11       0.17       0.39       0.75       0.82       0.75       0.64       0.46
       0.15       0.25       0.28       0.65       0.97       0.89       1.13       1.02       0.66
       0.30       0.29       0.50       0.89       1.13       1.01       0.91       0.87       0.71
       0.42       0.32       0.48       0.68       0.94       0.88       0.97       0.58       0.63
       0.43       0.31       0.27       0.41       0.82       1.17       1.27       0.89       0.72
    950400    9   13
       0.14       0.14       0.16       0.22       0.24       0.28       0.35       0.41       0.33
       0.11       0.11       0.15       0.16       0.24       0.26       0.34       0.30       0.31
       0.04       0.16       0.26       0.26       0.16       0.12       0.21       0.28       0.21
       0.08       0.23       0.31       0.35       0.29       0.22       0.22       0.29       0.16
       0.24       0.22       0.16       0.22       0.30       0.37       0.28       0.20       0.18
       0.41       0.14       0.07       0.09       0.15       0.30       0.27       0.23       0.16
       0.40       0.21       0.14       0.11       0.08       0.11       0.16       0.22       0.22
       0.42       0.38       0.35       0.22       0.15       0.17       0.14       0.11       0.21
       0.39       0.57       0.51       0.47       0.22       0.16       0.13       0.10       0.17
       0.72       0.79       0.65       0.41       0.42       0.27       0.21       0.21       0.25
       0.58       0.85       0.61       0.50       0.53       0.50       0.50       0.42       0.32
       0.40       0.32       0.36       0.43       0.43       0.42       0.60       0.58       0.61
       0.27       0.15       0.13       0.15       0.25       0.24       0.63       0.66       0.62
   1036800    9   13
       0.11       0.02       0.04       0.10       0.10       0.14       0.21       0.28       0.37
       0.05       0.01       0.04       0.05       0.04       0.08       0.11       0.13       0.12
       0.01       0.00       0.01       0.04       0.01       0.02       0.08       0.10       0.08
       0.00       0.00       0.00       0.01       0.03       0.03       0.08       0.07       0.06
       0.06       0.03       0.01       0.00       0.09       0.14       0.11       0.10       0.11
       0.15       0.16       0.10       0.02       0.04       0.16       0.13       0.10       0.11
       0.11       0.10       0.11       0.12       0.11       0.14       0.13       0.14       0.16
       0.06       0.03       0.08       0.08       0.11       0.14       0.11       0.12       0.13
       0.06       0.07       0.06       0.04       0.07       0.13       0.13       0.16       0.15
       0.05       0.07       0.07       0.05       0.06       0.08       0.14       0.15       0.21
       0.08       0.06       0.05       0.06       0.07       0.02       0.08       0.08       0.13
       0.25       0.05       0.04       0.05       0.04       0.02       0.08       0.02       0.02
       0.14       0.01       0.02       0.05       0.06       0.10       0.08       0.03       0.06
   1123200    9   13
       0.26       0.19       0.10       0.19       0.16       0.22       0.32       0.32       0.41
       0.46       0.47       0.35       0.26       0.15       0.28       0.35       0.35       0.45
       0.70       0.62       0.42       0.40       0.29       0.31       0.41       0.46       0.50
       0.47       0.52       0.35       0.41       0.28       0.25       0.54       0.77       0.76
       0.24       0.32       0.32       0.49       0.24       0.11       0.29       0.63       0.55
       0.35       0.27       0.18       0.12       0.09       0.08       0.17       0.31       0.51
       0.27       0.22       0.10       0.03       0.07       0.11       0.13       0.22       0.36
       0.25       0.19       0.10       0.03       0.03       0.08       0.07       0.16       0.18
       0.14       0.30       0.17       0.10       0.04       0.06       0.22       0.25       0.17
       0.17       0.19       0.20       0.17       0.09       0.15       0.30       0.30       0.29
       0.01       0.06       0.14       0.22       0.13       0.07       0.10       0.21       0.23
       0.00       0.04       0.09       0.15       0.11       0.05       0.08       0.06       0.12
       0.00       0.04       0.09       0.13       0.07       0.01       0.03       0.03       0.02
   1209600    9   13
       0.81       0.64       0.48       0.42       0.37       0.25       0.29       0.31       0.32
       0.56       0.30       0.25       0.27       0.26       0.21       0.26       0.24       0.25
       0.17       0.22       0.13       0.13       0.21       0.26       0.26       0.25       0.26
       0.07       0.13       0.12       0.14       0.21       0.26       0.21       0.32       0.32
       0.04       0.10       0.11       0.07       0.13       0.21       0.35       0.32       0.35
       0.06       0.08       0.10       0.03       0.04       0.11       0.26       0.24       0.28
       0.05       0.11       0.04       0.10       0.15       0.12       0.16       0.18       0.20
       0.02       0.06       0.12       0.22       0.21       0.17       0.15       0.11       0.09
       0.07       0.13       0.19       0.19       0.13       0.11       0.12       0.09       0.08
       0.10       0.12       0.16       0.12       0.13       0.14       0.22       0.15       0.14
       0.02       0.14       0.15       0.13       0.13       0.14       0.22       0.26       0.20
       0.03       0.09       0.11       0.09       0.05       0.08       0.22       0.22       0.27
       0.06       0.08       0.09       0.08       0.05       0.07       0.11       0.20       0.27
   1296000    9   13
       0.26       0.27       0.24       0.26       0.36       0.38       0.32       0.25       0.24
       0.28       0.26       0.21       0.22       0.28       0.24       0.34       0.29       0.23
       0.22       0.18       0.15       0.22       0.31       0.37       0.21       0.14       0.20
       0.18       0.13       0.11       0.20       0.25       0.31       0.13       0.11       0.22
       0.13       0.10       0.15       0.08       0.13       0.34       0.16       0.13       0.21
       0.17       0.20       0.22       0.07       0.08       0.19       0.16       0.17       0.19
       0.25       0.17       0.22       0.20       0.22       0.18       0.13       0.15       0.13
       0.42       0.37       0.44       0.50       0.37       0.32       0.25       0.17       0.13
       0.66       0.72       0.59       0.57       0.22       0.31       0.21       0.11       0.12
       0.54       0.39       0.32       0.20       0.11       0.21       0.23       0.26       0.25
       0.06       0.19       0.34       0.14       0.06       0.21       0.22       0.30       0.34
       0.09       0.12       0.13       0.12       0.02       0.08       0.21       0.22       0.33
       0.14       0.17       0.17       0.12       0.03       0.10       0.21       0.21       0.26
