         0    9   13
       0.23       0.03       0.02       0.21       0.17       0.11       0.10       0.14       0.22
       0.15       0.01       0.16       0.24       0.22       0.20       0.18       0.10       0.07
       0.02       0.00       0.08       0.20       0.20       0.17       0.13       0.15       0.06
       0.05       0.03       0.08       0.06       0.06       0.16       0.24       0.14       0.04
       0.11       0.09       0.06       0.06       0.02       0.15       0.27       0.07       0.03
       0.22       0.20       0.08       0.01       0.03       0.15       0.16       0.07       0.05
       0.26       0.15       0.07       0.01       0.02       0.09       0.06       0.06       0.09
       0.22       0.09       0.02       0.02       0.07       0.08       0.09       0.10       0.07
       0.16       0.01       0.00       0.02       0.19       0.15       0.22       0.09       0.12
       0.05       0.00       0.00       0.00       0.13       0.17       0.21       0.06       0.07
       0.07       0.01       0.00       0.02       0.07       0.04       0.09       0.05       0.04
       0.07       0.02       0.01       0.04       0.03       0.02       0.37       0.21       0.07
       0.09       0.04       0.03       0.04       0.03       0.11       1.24       0.49       0.12
     86400    9   13
       0.03       0.17       0.18       0.07       0.04       0.10       0.18       0.14       0.09
       0.14       0.23       0.24       0.10       0.10       0.07       0.09       0.10       0.07
       0.11       0.07       0.17       0.07       0.16       0.08       0.07       0.11       0.07
       0.21       0.19       0.18       0.05       0.04       0.13       0.06       0.18       0.10
       0.30       0.26       0.20       0.06       0.10       0.27       0.13       0.15       0.26
       0.23       0.22       0.20       0.14       0.19       0.20       0.07       0.07       0.18
       0.27       0.25       0.40       0.27       0.22       0.18       0.13       0.11       0.14
       0.21       0.33       0.46       0.17       0.19       0.18       0.15       0.12       0.13
       0.14       0.21       0.24       0.26       0.25       0.20       0.11       0.14       0.15
       0.19       0.27       0.32       0.29       0.36       0.34       0.17       0.16       0.16
       0.39       0.44       0.41       0.49       0.39       0.50       0.47       0.17       0.09
       0.48       0.64       0.52       0.29       0.29       0.37       0.49       0.27       0.11
       0.39       0.26       0.17       0.19       0.34       0.29       0.26       0.32       0.27
    172800    9   13
       0.17       0.01       0.00       0.03       0.06       0.05       0.07       0.13       0.14
       0.18       0.01       0.00       0.00       0.02       0.03       0.09       0.23       0.24
       0.16       0.11       0.08       0.01       0.04       0.13       0.17       0.39       0.35
       0.31       0.28       0.22       0.07       0.09       0.26       0.14       0.23       0.50
       0.11       0.15       0.26       0.11       0.18       0.22       0.15       0.26       0.26
       0.22       0.13       0.27       0.09       0.22       0.19       0.19       0.14       0.27
       0.23       0.24       0.17       0.10       0.17       0.27       0.21       0.06       0.17
       0.14       0.26       0.20       0.02       0.03       0.09       0.09       0.07       0.07
       0.16       0.19       0.07       0.00       0.02       0.04       0.05       0.06       0.02
       0.06       0.06       0.04       0.02       0.02       0.08       0.07       0.05       0.04
       0.01       0.07       0.20       0.04       0.03       0.09       0.05       0.05       0.06
       0.02       0.07       0.19       0.16       0.07       0.04       0.03       0.03       0.04
       0.09       0.23       0.37       0.25       0.14       0.09       0.09       0.07       0.08
    259200    9   13
       0.02       0.02       0.06       0.17       0.26       0.39       0.34       0.52       0.53
       0.26       0.13       0.18       0.24       0.20       0.24       0.38       0.31       0.43
       0.45       0.19       0.20       0.34       0.25       0.53       0.48       0.24       0.65
       0.12       0.17       0.24       0.46       0.28       0.68       0.39       0.35       0.63
       0.10       0.08       0.28       0.29       0.14       0.31       0.38       0.52       0.66
       0.10       0.03       0.19       0.29       0.06       0.11       0.32       0.43       0.40
       0.02       0.02       0.03       0.24       0.11       0.09       0.16       0.46       0.31
       0.01       0.00       0.00       0.11       0.20       0.08       0.05       0.06       0.09
       0.00       0.02       0.01       0.02       0.10       0.10       0.03       0.03       0.02
       0.02       0.04       0.01       0.00       0.09       0.24       0.11       0.05       0.06
       0.02       0.02       0.00       0.01       0.15       0.21       0.16       0.16       0.13
       0.01       0.00       0.01       0.02       0.06       0.06       0.11       0.25       0.18
       0.01       0.01       0.03       0.02       0.03       0.06       0.06       0.18       0.16
    345600    9   13
       0.67       0.66       0.53       0.66       0.52       0.34       0.61       0.73       0.46
       0.52       0.55       0.64       0.55       0.51       0.33       0.59       0.53       0.33
       0.56       0.55       0.56       0.54       0.52       0.33       0.51       0.37       0.33
       0.35       0.52       0.53       0.46       0.33       0.38       0.39       0.34       0.30
       0.32       0.52       0.44       0.43       0.46       0.51       0.38       0.40       0.52
       0.47       0.52       0.60       0.46       0.52       0.47       0.48       0.52       0.49
       0.43       0.37       0.38       0.37       0.56       0.60       0.46       0.39       0.55
       0.51       0.45       0.48       0.46       0.52       0.54       0.50       0.48       0.65
       0.19       0.34       0.48       0.48       0.35       0.32       0.32       0.56       0.60
       0.26       0.40       0.54       0.48       0.46       0.46       0.44       0.58       0.67
       0.45       0.46       0.46       0.38       0.45       0.64       0.60       0.93       1.00
       0.37       0.23       0.34       0.40       0.52       0.53       0.69       0.88       0.99
       0.17       0.13       0.19       0.25       0.46       0.55       0.74       0.72       0.80
    432000    9   13
       0.70       0.63       0.32       0.47       0.34       0.53       0.46       0.40       0.23
       0.60       0.48       0.48       0.51       0.31       0.33       0.46       0.48       0.35
       0.35       0.20       0.29       0.16       0.17       0.17       0.30       0.49       0.43
       0.39       0.28       0.14       0.06       0.14       0.03       0.11       0.24       0.22
       0.35       0.24       0.03       0.05       0.17       0.07       0.18       0.33       0.35
       0.17       0.21       0.00       0.02       0.17       0.05       0.18       0.42       0.34
       0.25       0.22       0.01       0.04       0.06       0.03       0.22       0.37       0.35
       0.64       0.26       0.08       0.10       0.07       0.03       0.20       0.38       0.37
       0.57       0.57       0.40       0.14       0.14       0.11       0.29       0.40       0.34
       0.49       0.46       0.60       0.30       0.16       0.32       0.44       0.56       0.52
       0.46       0.34       0.52       0.33       0.25       0.36       0.40       0.81       0.78
       0.62       0.31       0.46       0.50       0.23       0.51       0.51       0.81       0.68
       1.92       0.74       0.46       0.44       0.06       0.25       0.25       0.35       0.35
    518400    9   13
       0.31       0.34       0.31       0.53       0.46       0.40       0.41       0.50       0.29
       0.21       0.17       0.36       0.53       0.34       0.30       0.31       0.34       0.31
       0.05       0.01       0.14       0.27       0.35       0.32       0.12       0.10       0.35
       0.05       0.21       0.09       0.05       0.28       0.22       0.26       0.15       0.53
       0.20       0.30       0.03       0.02       0.18       0.25       0.27       0.48       0.46
       0.39       0.43       0.23       0.30       0.17       0.18       0.24       0.54       0.52
       0.34       0.31       0.35       0.34       0.22       0.26       0.31       0.45       0.60
       0.24       0.23       0.27       0.43       0.41       0.38       0.32       0.35       0.37
       0.30       0.30       0.30       0.48       0.42       0.47       0.42       0.47       0.56
       0.33       0.30       0.28       0.35       0.31       0.22       0.31       0.58       1.01
       0.14       0.34       0.32       0.31       0.29       0.45       0.44       0.49       0.79
       0.24       0.51       0.50       0.35       0.31       0.51       0.44       0.16       0.14
       0.46       0.81       0.89       0.64       0.52       0.30       0.56       0.25       0.15
    604800    9   13
       0.04       0.05       0.24       0.25       0.46       0.34       0.45       0.40       0.56
       0.05       0.07       0.35       0.34       0.30       0.24       0.28       0.36       0.52
       0.07       0.13       0.37       0.32       0.30       0.31       0.32       0.46       0.66
       0.29       0.19       0.27       0.14       0.30       0.39       0.32       0.59       0.82
       0.24       0.15       0.22       0.01       0.34       0.40       0.29       0.46       0.53
       0.05       0.18       0.30       0.02       0.30       0.35       0.25       0.42       0.58
       0.15       0.18       0.24       0.18       0.36       0.41       0.27       0.30       0.63
       0.24       0.35       0.28       0.39       0.36       0.34       0.19       0.24       0.54
       0.17       0.31       0.25       0.38       0.45       0.49       0.30       0.18       0.53
       0.08       0.14       0.30       0.52       0.79       0.52       0.46       0.17       0.30
       0.06       0.42       0.47       0.51       0.87       0.52       0.53       0.40       0.29
       0.19       0.56       1.20       0.69       0.67       0.52       0.69       0.55       0.51
       0.47       0.81       0.85       0.85       0.66       0.53       0.39       0.55       0.50
    691200    9   13
       0.18       0.01       0.01       0.07       0.29       0.46       0.58       0.60       0.40
       0.12       0.05       0.01       0.01       0.04       0.21       0.56       0.54       0.34
       0.15       0.13       0.01       0.01       0.06       0.33       0.48       0.35       0.53
       0.11       0.02       0.01       0.04       0.01       0.13       0.18       0.60       0.52
       0.21       0.27       0.09       0.05       0.03       0.01       0.07       0.53       0.62
       0.20       0.30       0.23       0.09       0.20       0.10       0.02       0.13       0.11
       0.37       0.09       0.11       0.13       0.12       0.28       0.05       0.00       0.01
       0.11       0.03       0.04       0.05       0.03       0.07       0.03       0.02       0.00
       0.17       0.20       0.14       0.11       0.01       0.08       0.08       0.05       0.06
       0.12       0.31       0.27       0.25       0.15       0.24       0.20       0.16       0.12
       0.17       0.30       0.39       0.43       0.32       0.28       0.22       0.42       0.28
       0.09       0.32       0.50       0.54       0.50       0.35       0.14       0.30       0.31
       0.46       0.52       0.55       0.53       0.52       0.46       0.09       0.12       0.09
    777600    9   13
       0.05       0.02       0.18       0.17       0.13       0.15       0.24       0.40       0.50
       0.02       0.02       0.13       0.14       0.11       0.16       0.22       0.31       0.54
       0.02       0.02       0.05       0.17       0.15       0.28       0.33       0.31       0.38
       0.07       0.02       0.01       0.18       0.30       0.53       0.47       0.29       0.49
       0.10       0.07       0.04       0.06       0.05       0.32       0.35       0.50       0.66
       0.06       0.07       0.10       0.14       0.02       0.28       0.45       0.59       0.80
       0.08       0.25       0.15       0.30       0.12       0.31       0.40       0.48       0.55
       0.03       0.17       0.30       0.37       0.24       0.18       0.06       0.21       0.39
       0.01       0.24       0.28       0.19       0.06       0.10       0.04       0.05       0.05
       0.14       0.23       0.16       0.14       0.18       0.34       0.19       0.05       0.00
       0.12       0.27       0.10       0.01       0.29       0.39       0.17       0.28       0.17
       0.01       0.06       0.14       0.14       0.16       0.07       0.08       0.18       0.20
       0.03       0.22       0.24       0.22       0.17       0.09       0.10       0.17       0.06
    864000    9   13
       0.48       0.52       0.29       0.34       0.46       0.50       0.53       0.65       0.88
       0.29       0.40       0.39       0.51       0.56       0.57       0.59       0.66       0.65
       0.22       0.20       0.38       0.53       0.64       0.50       0.66       0.51       0.31
       0.29       0.33       0.55       0.51       0.73       0.63       0.63       0.45       0.46
       0.54       0.52       0.56       0.46       0.73       0.69       0.55       0.66       0.79
       0.66       0.57       0.61       0.58       0.77       0.79       0.74       0.61       0.52
       0.91       0.70       0.77       0.62       0.71       0.79       0.69       0.51       0.22
       0.82       0.77       0.77       0.71       0.69       0.59       0.52       0.35       0.16
       0.37       0.48       0.51       0.30       0.35       0.24       0.22       0.16       0.14
       0.49       0.62       0.19       0.15       0.21       0.19       0.13       0.05       0.08
       0.56       0.29       0.22       0.31       0.29       0.18       0.15       0.08       0.08
       0.52       0.21       0.17       0.30       0.24       0.28       0.19       0.12       0.12
       0.33       0.13       0.08       0.25       0.26       0.25       0.17       0.16       0.14
    950400    9   13
       0.83       0.91       0.65       0.40       0.32       0.53       0.53       0.53       0.55
       0.75       0.86       0.35       0.46       0.44       0.33       0.39       0.51       0.50
       0.15       0.18       0.22       0.51       0.65       0.48       0.52       0.37       0.34
       0.12       0.24       0.30       0.42       0.49       0.51       0.46       0.40       0.40
       0.30       0.43       0.48       0.44       0.39       0.35       0.31       0.37       0.51
       0.40       0.24       0.32       0.45       0.46       0.35       0.34       0.51       0.51
       0.30       0.44       0.22       0.18       0.36       0.51       1.04       1.81       1.12
       0.19       0.36       0.29       0.31       0.39       0.95       1.63       1.73       0.95
       0.32       0.24       0.28       0.37       0.53       1.27       1.37       1.23       0.98
       0.52       0.52       0.40       0.36       0.42       0.95       1.21       1.63       1.29
       0.46       0.56       0.47       0.30       0.33       0.95       1.10       1.26       1.23
       0.08       0.20       0.23       0.30       0.34       0.83       1.14       1.17       1.09
       0.20       0.22       0.15       0.40       0.44       0.88       1.01       1.27       0.95
   1036800    9   13
       0.23       0.29       0.60       0.78       0.79       0.77       0.55       0.53       0.63
       0.04       0.15       0.46       0.71       0.69       0.71       0.70       0.63       0.63
       0.09       0.15       0.37       0.42       0.29       0.36       0.60       0.67       0.59
       0.07       0.11       0.31       0.48       0.57       0.54       0.46       0.54       0.70
       0.02       0.09       0.03       0.20       0.48       0.67       0.80       0.68       0.75
       0.02       0.12       0.05       0.11       0.53       1.01       1.83       1.14       0.72
       0.04       0.16       0.23       0.36       0.78       1.00       1.80       1.81       0.69
       0.03       0.12       0.27       0.74       0.82       0.84       0.96       0.90       0.52
       0.06       0.12       0.67       1.30       1.22       1.25       1.06       0.85       0.55
       0.07       0.07       0.14       0.32       0.62       1.16       1.21       0.78       1.29
       0.02       0.07       0.07       0.14       0.15       0.30       0.40       0.88       1.23
       0.03       0.04       0.06       0.18       0.18       0.31       0.35       0.72       0.98
       0.05       0.03       0.08       0.18       0.12       0.16       0.33       0.47       0.65
   1123200    9   13
       1.25       1.03       1.11       1.02       0.92       0.71       0.70       0.72       0.72
       0.96       0.80       0.79       0.81       0.95       0.95       0.95       0.95       0.87
       0.29       0.47       0.72       0.77       0.96       0.78       1.09       0.95       0.98
       0.32       0.33       0.52       0.53       0.79       0.72       0.74       0.77       0.80
       0.48       0.55       0.56       0.52       0.65       0.66       0.67       0.62       0.69
       0.64       0.76       0.55       0.53       0.68       0.46       0.48       0.52       0.55
       0.43       0.82       0.66       0.51       0.29       0.36       0.41       0.48       0.61
       0.15       0.22       0.35       0.45       0.31       0.33       0.52       0.50       0.59
       0.45       0.22       0.22       0.35       0.30       0.20       0.39       0.56       0.56
       0.89       0.38       0.31       0.46       0.29       0.17       0.14       0.48       0.65
       0.56       0.34       0.41       0.47       0.30       0.28       0.17       0.45       0.54
       0.63       0.57       0.50       0.52       0.46       0.33       0.34       0.46       0.44
       0.89       0.48       0.37       0.43       0.46       0.30       0.44       0.23       0.27
   1209600    9   13
       0.44       0.41       0.25       0.31       0.36       0.34       0.35       0.31       0.51
       0.15       0.29       0.13       0.11       0.29       0.24       0.24       0.29       0.52
       0.13       0.13       0.12       0.05       0.16       0.12       0.14       0.27       0.34
       0.41       0.24       0.24       0.11       0.12       0.21       0.33       0.25       0.12
       0.66       0.62       0.52       0.35       0.29       0.13       0.23       0.17       0.18
       0.83       0.84       0.61       0.57       0.54       0.18       0.18       0.19       0.24
       0.64       1.17       0.95       0.66       0.58       0.30       0.37       0.37       0.36
       0.41       1.06       1.22       0.86       0.69       0.66       0.71       0.66       0.52
       0.06       0.42       0.67       0.82       0.84       0.74       0.95       1.01       1.72
       0.07       0.12       0.45       0.53       0.71       0.79       0.80       0.82       0.99
       0.13       0.17       0.24       0.31       0.57       0.60       0.66       0.82       0.78
       0.08       0.14       0.23       0.27       0.53       0.25       0.41       0.61       0.92
       0.04       0.11       0.14       0.24       0.34       0.10       0.08       0.30       0.48
   1296000    9   13
       0.49       0.55       0.78       0.98       0.92       0.88       0.77       0.79       0.66
       0.46       0.66       0.66       0.71       0.68       0.74       0.75       0.80       0.88
       0.16       0.26       0.80       0.79       1.09       1.23       0.92       0.75       0.89
       0.06       0.19       0.75       0.83       1.26       0.95       0.89       0.66       0.66
       0.14       0.16       0.39       0.45       0.48       0.74       0.80       0.68       0.58
       0.31       0.12       0.12       0.23       0.52       0.95       0.81       0.64       0.95
       0.44       0.42       0.21       0.24       0.48       0.56       0.51       0.88       1.12
       0.46       0.15       0.11       0.16       0.32       0.31       0.31       0.41       0.95
       0.40       0.13       0.08       0.10       0.30       0.29       0.29       0.39       0.52
       0.32       0.40       0.29       0.14       0.24       0.24       0.23       0.30       0.37
       0.45       0.51       0.55       0.48       0.51       0.50       0.39       0.26       0.28
       0.52       0.60       0.83       0.66       0.60       0.53       0.66       0.47       0.31
       0.67       0.95       1.41       1.06       0.91       0.66       0.56       0.61       0.49
