         0    9   13
       0.42       0.42       0.51       0.51       0.40       0.22       0.16       0.10       0.09
       0.16       0.31       0.44       0.39       0.40       0.28       0.21       0.10       0.11
       0.21       0.23       0.50       0.44       0.85       0.57       0.37       0.26       0.21
       0.41       0.26       0.44       0.34       0.68       0.60       0.43       0.41       0.41
       0.57       0.28       0.30       0.13       0.46       0.57       0.37       0.42       0.43
       0.50       0.41       0.41       0.26       0.47       0.43       0.43       0.54       0.96
       0.74       0.79       0.80       0.73       0.65       0.54       0.60       0.70       0.65
       0.95       0.94       0.92       1.09       0.87       0.74       0.69       0.64       0.59
       0.53       0.52       0.60       0.70       0.90       0.89       0.83       0.64       0.63
       0.50       0.60       0.43       0.66       0.80       0.90       0.93       1.02       0.59
       0.46       0.46       0.42       0.42       0.69       0.69       1.19       0.85       0.71
       0.66       0.34       0.36       0.31       0.25       0.31       0.53       0.64       0.64
       0.38       0.32       0.27       0.17       0.13       0.13       0.22       0.43       0.55
     86400    9   13
       0.29       0.49       0.51       0.46       0.57       0.52       0.45       0.53       0.53
       0.32       0.43       0.52       0.35       0.72       0.56       0.36       0.53       0.38
       0.27       0.31       0.44       0.27       0.63       0.34       0.20       0.49       0.40
       0.37       0.34       0.32       0.30       0.55       0.37       0.32       0.37       0.40
       0.30       0.55       0.42       0.50       0.55       0.60       0.57       0.59       0.50
       0.47       0.62       0.59       0.79       0.61       0.60       0.89       0.71       0.63
       0.60       0.85       1.02       1.01       0.84       0.64       0.95       0.84       0.99
       1.01       1.00       1.50       1.09       1.15       1.03       0.95       1.01       1.26
       1.00       1.30       1.79       1.79       1.52       1.52       0.95       1.00       1.32
       2.03       1.72       1.52       1.81       1.51       1.41       1.32       1.13       0.57
       0.70       0.82       0.70       0.72       0.74       0.70       0.66       0.87       0.62
       0.66       0.57       0.52       0.62       0.68       0.42       0.43       0.48       0.55
       0.24       0.26       0.27       0.31       0.27       0.12       0.13       0.19       0.42
    172800    9   13
       0.08       0.21       0.33       0.41       0.48       0.53       0.54       0.65       0.62
       0.13       0.07       0.19       0.20       0.35       0.47       0.59       0.50       0.34
       0.09       0.09       0.29       0.29       0.28       0.45       0.59       0.37       0.37
       0.13       0.16       0.29       0.56       0.56       0.58       0.53       0.59       0.46
       0.19       0.13       0.25       0.37       0.46       0.60       0.61       0.84       0.46
       0.18       0.15       0.17       0.44       0.44       0.35       0.55       0.62       0.45
       0.06       0.21       0.22       0.37       0.62       0.35       0.42       0.43       0.45
       0.10       0.15       0.17       0.21       0.23       0.29       0.34       0.35       0.37
       0.07       0.07       0.18       0.21       0.09       0.12       0.30       0.34       0.47
       0.17       0.24       0.25       0.22       0.15       0.11       0.28       0.37       0.53
       0.31       0.33       0.27       0.22       0.25       0.21       0.25       0.54       0.71
       0.32       0.33       0.44       0.38       0.37       0.30       0.25       0.33       0.41
       0.45       0.82       0.46       0.31       0.32       0.43       0.22       0.15       0.30
    259200    9   13
       0.03       0.08       0.04       0.10       0.20       0.23       0.26       0.39       0.51
       0.15       0.16       0.17       0.38       0.63       0.32       0.24       0.34       0.39
       0.08       0.10       0.40       0.68       0.26       0.12       0.11       0.18       0.16
       0.03       0.17       0.30       0.20       0.13       0.08       0.13       0.20       0.27
       0.09       0.17       0.16       0.14       0.12       0.16       0.17       0.25       0.26
       0.15       0.13       0.16       0.20       0.14       0.15       0.15       0.11       0.18
       0.14       0.18       0.24       0.43       0.21       0.19       0.22       0.27       0.32
       0.12       0.15       0.15       0.39       0.54       0.31       0.21       0.25       0.29
       0.29       0.22       0.22       0.20       0.14       0.19       0.28       0.21       0.23
       0.57       0.48       0.31       0.19       0.13       0.07       0.10       0.10       0.13
       0.69       0.82       0.37       0.23       0.19       0.08       0.07       0.04       0.08
       0.32       0.32       0.26       0.16       0.15       0.17       0.16       0.17       0.26
       0.14       0.07       0.09       0.08       0.11       0.17       0.18       0.22       0.35
    345600    9   13
       0.01       0.03       0.13       0.19       0.20       0.31       0.22       0.21       0.24
       0.03       0.08       0.17       0.29       0.30       0.27       0.21       0.19       0.22
       0.01       0.02       0.13       0.30       0.22       0.16       0.25       0.35       0.34
       0.08       0.05       0.13       0.19       0.18       0.28       0.21       0.41       0.41
       0.50       0.73       0.75       0.71       0.35       0.62       0.33       0.20       0.31
       0.55       0.56       0.42       0.83       0.93       0.94       0.45       0.11       0.11
       0.57       0.62       0.22       0.15       0.79       1.13       0.49       0.18       0.12
       0.95       0.90       0.45       0.54       0.49       0.54       0.25       0.15       0.07
       0.82       0.98       0.73       0.47       0.48       0.25       0.17       0.16       0.08
       0.38       0.44       0.31       0.12       0.09       0.07       0.07       0.08       0.07
       0.21       0.19       0.22       0.22       0.24       0.26       0.18       0.14       0.13
       0.29       0.31       0.31       0.28       0.29       0.34       0.28       0.17       0.15
       0.13       0.23       0.21       0.22       0.14       0.13       0.13       0.08       0.09
    432000    9   13
       0.47       0.45       0.33       0.26       0.15       0.25       0.50       0.66       0.59
       0.20       0.19       0.34       0.41       0.30       0.15       0.18       0.42       0.48
       0.02       0.03       0.14       0.48       0.58       0.35       0.21       0.29       0.29
       0.01       0.04       0.09       0.13       0.32       0.35       0.19       0.20       0.20
       0.02       0.05       0.08       0.07       0.09       0.18       0.11       0.13       0.08
       0.05       0.11       0.06       0.05       0.07       0.14       0.14       0.09       0.11
       0.16       0.17       0.17       0.22       0.17       0.14       0.20       0.15       0.14
       0.12       0.06       0.05       0.14       0.13       0.13       0.11       0.10       0.07
       0.09       0.10       0.13       0.16       0.13       0.11       0.08       0.05       0.05
       0.14       0.20       0.13       0.07       0.05       0.05       0.09       0.10       0.14
       0.15       0.08       0.07       0.06       0.05       0.02       0.07       0.07       0.06
       0.07       0.05       0.08       0.06       0.05       0.03       0.05       0.03       0.02
       0.04       0.02       0.09       0.06       0.05       0.03       0.04       0.08       0.03
    518400    9   13
       0.68       0.46       0.24       0.23       0.37       0.52       0.43       0.50       1.05
       0.68       0.74       0.80       0.78       0.61       0.56       0.47       0.45       0.78
       0.27       0.68       0.77       0.88       0.76       0.49       0.43       0.69       0.66
       0.17       0.22       0.41       0.56       0.35       0.35       0.34       0.47       0.58
       0.12       0.13       0.26       0.37       0.22       0.21       0.20       0.29       0.35
       0.23       0.32       0.41       0.64       0.44       0.38       0.22       0.23       0.25
       0.52       0.71       0.58       0.77       0.64       0.50       0.48       0.36       0.34
       0.67       0.74       0.71       0.73       0.73       0.42       0.38       0.32       0.27
       0.60       0.65       0.59       0.60       0.54       0.30       0.30       0.28       0.22
       0.54       0.60       0.47       0.37       0.22       0.11       0.14       0.16       0.21
       0.30       0.36       0.36       0.32       0.20       0.08       0.04       0.04       0.04
       0.16       0.19       0.21       0.27       0.19       0.10       0.08       0.03       0.02
       0.10       0.07       0.13       0.15       0.13       0.12       0.16       0.09       0.15
    604800    9   13
       0.56       0.23       0.16       0.15       0.10       0.09       0.14       0.21       0.24
       0.32       0.26       0.22       0.31       0.20       0.10       0.11       0.13       0.15
       0.22       0.23       0.21       0.35       0.28       0.08       0.08       0.13       0.09
       0.19       0.21       0.17       0.11       0.21       0.15       0.09       0.09       0.08
       0.21       0.15       0.10       0.06       0.06       0.16       0.10       0.08       0.08
       0.29       0.15       0.06       0.03       0.05       0.10       0.10       0.09       0.08
       0.37       0.54       0.15       0.07       0.08       0.13       0.16       0.12       0.08
       0.26       0.48       0.27       0.22       0.22       0.21       0.22       0.29       0.15
       0.25       0.37       0.71       0.45       0.23       0.18       0.30       0.33       0.31
       0.67       0.77       0.64       0.31       0.19       0.09       0.21       0.29       0.23
       0.56       0.62       0.57       0.40       0.23       0.20       0.13       0.14       0.19
       0.66       0.59       0.52       0.52       0.45       0.33       0.29       0.20       0.13
       0.85       0.74       0.66       0.44       0.34       0.32       0.30       0.22       0.15
    691200    9   13
       0.01       0.00       0.01       0.12       0.08       0.04       0.07       0.14       0.13
       0.01       0.00       0.03       0.06       0.08       0.07       0.10       0.09       0.11
       0.01       0.01       0.01       0.05       0.17       0.13       0.09       0.10       0.06
       0.00       0.01       0.01       0.05       0.16       0.23       0.15       0.12       0.06
       0.03       0.03       0.01       0.05       0.19       0.27       0.13       0.10       0.08
       0.04       0.02       0.01       0.01       0.05       0.15       0.09       0.09       0.06
       0.04       0.03       0.02       0.02       0.02       0.08       0.10       0.10       0.08
       0.01       0.06       0.07       0.08       0.09       0.08       0.06       0.08       0.09
       0.02       0.11       0.19       0.12       0.08       0.03       0.03       0.04       0.06
       0.04       0.13       0.32       0.14       0.08       0.02       0.02       0.01       0.02
       0.02       0.07       0.17       0.21       0.09       0.05       0.02       0.01       0.00
       0.09       0.05       0.05       0.09       0.09       0.05       0.02       0.00       0.01
       0.11       0.03       0.03       0.02       0.01       0.00       0.01       0.01       0.02
    777600    9   13
       0.11       0.03       0.07       0.10       0.05       0.05       0.08       0.18       0.25
       0.21       0.11       0.08       0.13       0.04       0.03       0.09       0.11       0.15
       0.19       0.20       0.11       0.11       0.02       0.05       0.14       0.11       0.11
       0.09       0.04       0.04       0.07       0.08       0.03       0.03       0.02       0.12
       0.02       0.03       0.02       0.03       0.06       0.05       0.03       0.04       0.02
       0.01       0.03       0.00       0.01       0.05       0.08       0.02       0.00       0.00
       0.05       0.05       0.01       0.02       0.04       0.05       0.02       0.01       0.01
       0.01       0.02       0.04       0.07       0.09       0.03       0.00       0.02       0.01
       0.03       0.07       0.13       0.18       0.12       0.04       0.08       0.07       0.01
       0.08       0.13       0.15       0.12       0.09       0.03       0.10       0.10       0.03
       0.15       0.11       0.09       0.10       0.09       0.04       0.02       0.03       0.02
       0.10       0.08       0.08       0.10       0.13       0.12       0.10       0.02       0.02
       0.04       0.02       0.01       0.02       0.03       0.09       0.13       0.08       0.01
    864000    9   13
       0.12       0.07       0.10       0.21       0.28       0.28       0.27       0.29       0.26
       0.08       0.08       0.07       0.16       0.20       0.10       0.12       0.29       0.33
       0.08       0.06       0.04       0.12       0.14       0.07       0.15       0.27       0.27
       0.17       0.17       0.04       0.13       0.19       0.08       0.13       0.17       0.25
       0.08       0.08       0.04       0.09       0.16       0.15       0.04       0.10       0.08
       0.02       0.03       0.02       0.02       0.04       0.08       0.02       0.04       0.01
       0.09       0.08       0.00       0.00       0.01       0.04       0.02       0.01       0.03
       0.02       0.02       0.02       0.02       0.03       0.02       0.00       0.06       0.07
       0.00       0.01       0.01       0.02       0.04       0.00       0.00       0.01       0.02
       0.01       0.02       0.02       0.03       0.02       0.00       0.00       0.01       0.00
       0.00       0.02       0.05       0.03       0.03       0.00       0.00       0.00       0.00
       0.00       0.01       0.04       0.03       0.05       0.01       0.02       0.00       0.00
       0.00       0.00       0.01       0.02       0.02       0.01       0.03       0.00       0.00
    950400    9   13
       0.35       0.16       0.03       0.02       0.03       0.02       0.04       0.10       0.16
       0.27       0.14       0.07       0.07       0.05       0.00       0.04       0.09       0.11
       0.18       0.13       0.12       0.13       0.08       0.07       0.07       0.10       0.08
       0.14       0.08       0.13       0.20       0.12       0.21       0.15       0.21       0.16
       0.08       0.03       0.06       0.09       0.13       0.18       0.14       0.16       0.25
       0.01       0.01       0.00       0.01       0.09       0.11       0.10       0.11       0.10
       0.00       0.01       0.00       0.00       0.05       0.08       0.08       0.06       0.04
       0.00       0.00       0.04       0.04       0.06       0.04       0.04       0.04       0.01
       0.00       0.00       0.01       0.02       0.04       0.03       0.08       0.08       0.05
       0.01       0.01       0.01       0.02       0.06       0.01       0.05       0.06       0.04
       0.01       0.01       0.02       0.03       0.03       0.00       0.00       0.02       0.02
       0.05       0.01       0.01       0.02       0.03       0.01       0.02       0.02       0.01
       0.02       0.01       0.01       0.00       0.00       0.00       0.02       0.03       0.06
   1036800    9   13
       0.22       0.13       0.24       0.42       0.37       0.37       0.49       0.59       0.67
       0.16       0.06       0.11       0.20       0.17       0.21       0.33       0.56       0.56
       0.04       0.07       0.04       0.10       0.17       0.29       0.49       0.49       0.60
       0.09       0.12       0.05       0.14       0.26       0.26       0.46       0.75       0.53
       0.11       0.10       0.12       0.20       0.21       0.22       0.33       0.59       0.34
       0.09       0.08       0.08       0.14       0.17       0.20       0.22       0.25       0.21
       0.13       0.11       0.03       0.10       0.14       0.10       0.10       0.16       0.11
       0.16       0.09       0.12       0.11       0.08       0.04       0.06       0.09       0.13
       0.09       0.13       0.18       0.20       0.10       0.07       0.09       0.09       0.07
       0.12       0.15       0.21       0.15       0.13       0.06       0.13       0.13       0.11
       0.13       0.24       0.22       0.24       0.17       0.12       0.10       0.14       0.22
       0.13       0.27       0.32       0.26       0.21       0.17       0.17       0.08       0.22
       0.17       0.25       0.22       0.21       0.19       0.18       0.18       0.07       0.11
   1123200    9   13
       0.11       0.13       0.32       0.48       0.40       0.31       0.35       0.38       0.37
       0.06       0.10       0.32       0.60       0.49       0.50       0.42       0.46       0.31
       0.07       0.10       0.27       0.37       0.50       0.57       0.47       0.39       0.16
       0.07       0.09       0.23       0.26       0.26       0.36       0.26       0.31       0.38
       0.16       0.10       0.21       0.30       0.21       0.28       0.48       0.67       0.82
       0.10       0.12       0.19       0.32       0.34       0.65       0.97       1.36       1.51
       0.10       0.15       0.17       0.37       0.54       0.62       0.81       1.12       1.63
       0.13       0.17       0.37       0.51       0.31       0.32       0.32       0.35       0.53
       0.21       0.20       0.30       0.25       0.14       0.22       0.34       0.34       0.48
       0.33       0.32       0.30       0.20       0.19       0.11       0.26       0.37       0.53
       0.31       0.35       0.24       0.13       0.09       0.03       0.10       0.17       0.19
       0.18       0.19       0.17       0.12       0.09       0.05       0.08       0.05       0.08
       0.06       0.10       0.11       0.12       0.07       0.02       0.03       0.06       0.06
   1209600    9   13
       0.20       0.08       0.14       0.25       0.23       0.25       0.22       0.25       0.24
       0.14       0.07       0.17       0.25       0.26       0.28       0.32       0.29       0.26
       0.06       0.04       0.08       0.19       0.22       0.31       0.32       0.29       0.35
       0.02       0.01       0.02       0.03       0.07       0.30       0.23       0.22       0.36
       0.02       0.03       0.04       0.04       0.05       0.26       0.43       0.34       0.41
       0.10       0.22       0.15       0.27       0.18       0.37       0.76       0.87       0.96
       0.30       0.63       0.53       0.55       0.26       0.32       0.37       0.49       0.87
       0.22       0.16       0.33       0.31       0.22       0.31       0.29       0.29       0.29
       0.08       0.16       0.27       0.26       0.27       0.30       0.30       0.37       0.48
       0.03       0.10       0.16       0.21       0.26       0.32       0.39       0.55       0.63
       0.04       0.08       0.15       0.21       0.19       0.23       0.32       0.50       0.53
       0.02       0.04       0.11       0.14       0.15       0.22       0.24       0.28       0.34
       0.01       0.02       0.06       0.08       0.10       0.13       0.10       0.12       0.29
   1296000    9   13
       0.21       0.22       0.24       0.32       0.34       0.38       0.50       0.47       0.55
       0.34       0.34       0.37       0.38       0.78       0.54       0.44       0.49       0.55
       0.29       0.38       0.35       0.33       0.62       0.27       0.26       0.48       0.48
       0.27       0.28       0.15       0.13       0.22       0.21       0.26       0.39       0.27
       0.17       0.38       0.16       0.15       0.26       0.29       0.32       0.35       0.35
       0.21       0.50       0.27       0.26       0.29       0.31       0.36       0.44       0.56
       0.27       0.78       0.46       0.52       0.48       0.41       0.65       0.62       0.59
       0.23       0.48       0.37       0.58       0.60       0.74       0.79       0.77       0.75
       0.19       0.27       0.54       1.01       0.59       0.52       0.77       0.95       0.82
       0.18       0.38       0.95       1.35       1.03       0.38       0.53       1.00       1.03
       0.14       0.30       0.49       0.98       1.18       0.70       0.43       0.61       1.01
       0.07       0.14       0.30       0.52       1.63       0.42       0.34       0.31       0.63
       0.06       0.08       0.24       0.59       0.52       0.31       1.00       0.85       0.53
