         0    9   13
       0.03       0.06       0.04       0.07       0.09       0.05       0.02       0.05       0.02
       0.05       0.06       0.07       0.12       0.09       0.06       0.06       0.05       0.05
       0.06       0.19       0.18       0.21       0.04       0.03       0.08       0.13       0.07
       0.04       0.15       0.15       0.17       0.11       0.02       0.08       0.07       0.08
       0.08       0.07       0.05       0.16       0.19       0.03       0.06       0.13       0.08
       0.05       0.11       0.04       0.06       0.10       0.03       0.02       0.11       0.12
       0.08       0.12       0.09       0.07       0.07       0.03       0.03       0.05       0.05
       0.06       0.09       0.14       0.13       0.17       0.10       0.02       0.01       0.01
       0.06       0.16       0.18       0.13       0.04       0.02       0.01       0.03       0.02
       0.14       0.14       0.12       0.11       0.02       0.01       0.01       0.02       0.02
       0.10       0.06       0.11       0.07       0.04       0.05       0.01       0.01       0.00
       0.01       0.01       0.13       0.17       0.12       0.05       0.02       0.00       0.01
       0.02       0.04       0.08       0.31       0.22       0.17       0.09       0.02       0.01
     86400    9   13
       0.02       0.01       0.02       0.04       0.05       0.03       0.06       0.11       0.39
       0.01       0.01       0.03       0.05       0.04       0.02       0.04       0.08       0.24
       0.00       0.00       0.01       0.04       0.03       0.03       0.02       0.07       0.12
       0.02       0.00       0.01       0.03       0.05       0.02       0.03       0.10       0.06
       0.01       0.01       0.01       0.04       0.10       0.01       0.03       0.07       0.09
       0.01       0.02       0.01       0.05       0.07       0.02       0.01       0.05       0.08
       0.02       0.02       0.02       0.03       0.02       0.06       0.03       0.02       0.02
       0.03       0.01       0.02       0.03       0.01       0.03       0.04       0.03       0.01
       0.02       0.02       0.01       0.02       0.01       0.04       0.03       0.01       0.01
       0.01       0.03       0.02       0.00       0.01       0.02       0.02       0.01       0.00
       0.01       0.01       0.00       0.00       0.01       0.02       0.01       0.01       0.01
       0.07       0.01       0.00       0.01       0.01       0.01       0.00       0.00       0.00
       0.01       0.00       0.00       0.01       0.01       0.00       0.02       0.00       0.00
    172800    9   13
       0.04       0.17       0.30       0.19       0.16       0.26       0.13       0.31       0.36
       0.00       0.12       0.26       0.23       0.20       0.15       0.09       0.13       0.21
       0.00       0.05       0.20       0.44       0.43       0.17       0.14       0.11       0.14
       0.02       0.02       0.23       0.29       0.78       0.57       0.62       0.22       0.22
       0.01       0.01       0.17       0.24       0.56       0.58       0.32       0.14       0.17
       0.04       0.03       0.11       0.11       0.43       0.47       0.39       0.43       0.29
       0.06       0.03       0.05       0.02       0.41       0.53       0.47       0.67       0.49
       0.03       0.02       0.00       0.03       0.31       0.60       0.36       0.33       0.25
       0.01       0.01       0.00       0.17       0.27       0.46       0.52       0.45       0.48
       0.02       0.02       0.02       0.08       0.31       0.21       0.45       0.48       1.25
       0.01       0.04       0.04       0.06       0.12       0.17       0.31       0.31       0.71
       0.07       0.07       0.03       0.03       0.05       0.18       0.27       0.30       0.38
       0.05       0.06       0.03       0.05       0.06       0.12       0.31       0.31       0.31
    259200    9   13
       0.70       0.08       0.14       0.34       0.16       0.11       0.24       0.34       0.51
       0.29       0.05       0.07       0.04       0.04       0.04       0.08       0.16       0.34
       0.08       0.16       0.11       0.03       0.15       0.12       0.05       0.10       0.19
       0.03       0.14       0.22       0.10       0.17       0.23       0.14       0.10       0.12
       0.04       0.03       0.12       0.17       0.15       0.17       0.13       0.13       0.15
       0.03       0.04       0.13       0.14       0.26       0.33       0.23       0.22       0.26
       0.04       0.07       0.14       0.23       0.42       0.53       0.35       0.28       0.38
       0.04       0.19       0.21       0.26       0.44       0.50       0.39       0.32       0.51
       0.15       0.10       0.16       0.18       0.21       0.47       0.61       0.64       0.52
       0.09       0.14       0.31       0.27       0.44       0.46       0.55       0.72       0.48
       0.19       0.19       0.36       0.46       0.67       0.47       0.65       0.65       0.39
       0.19       0.27       0.37       0.41       0.47       0.41       0.32       0.31       0.45
       0.38       0.41       0.26       0.47       0.49       0.31       0.19       0.19       0.29
    345600    9   13
       0.92       0.80       0.67       0.40       0.37       0.44       0.36       0.33       0.36
       0.40       0.40       0.48       0.72       0.73       0.91       0.82       0.59       0.48
       0.56       0.51       0.76       0.89       0.96       0.85       0.92       0.59       0.23
       0.44       0.51       0.60       0.92       0.95       0.91       0.74       0.58       0.29
       0.44       0.32       0.52       0.89       0.97       0.97       0.65       0.38       0.31
       0.60       0.66       0.84       0.95       0.70       0.68       0.56       0.51       0.31
       0.51       0.68       0.79       0.72       0.55       0.36       0.45       0.50       0.37
       0.33       0.42       0.47       0.43       0.44       0.36       0.37       0.31       0.31
       0.16       0.22       0.21       0.32       0.38       0.28       0.21       0.19       0.19
       0.26       0.36       0.34       0.38       0.26       0.18       0.19       0.28       0.24
       0.26       0.34       0.34       0.28       0.12       0.05       0.14       0.23       0.24
       0.29       0.31       0.18       0.17       0.26       0.17       0.14       0.09       0.14
       0.31       0.16       0.12       0.09       0.13       0.12       0.10       0.05       0.05
    432000    9   13
       0.64       0.28       0.03       0.04       0.05       0.09       0.10       0.09       0.08
       0.15       0.08       0.08       0.13       0.11       0.16       0.17       0.11       0.06
       0.02       0.03       0.07       0.21       0.11       0.13       0.12       0.12       0.08
       0.01       0.06       0.09       0.22       0.17       0.15       0.12       0.13       0.11
       0.03       0.07       0.11       0.16       0.09       0.17       0.17       0.11       0.14
       0.07       0.08       0.09       0.11       0.04       0.10       0.14       0.14       0.16
       0.10       0.11       0.10       0.09       0.05       0.09       0.15       0.21       0.16
       0.07       0.12       0.11       0.05       0.04       0.12       0.19       0.21       0.17
       0.06       0.09       0.08       0.09       0.13       0.16       0.15       0.11       0.13
       0.06       0.08       0.05       0.06       0.12       0.09       0.07       0.07       0.09
       0.08       0.04       0.04       0.01       0.02       0.03       0.02       0.07       0.08
       0.12       0.08       0.09       0.04       0.08       0.08       0.05       0.05       0.09
       0.17       0.11       0.11       0.09       0.10       0.12       0.12       0.09       0.12
    518400    9   13
       0.01       0.00       0.00       0.11       0.12       0.11       0.09       0.12       0.27
       0.01       0.02       0.04       0.04       0.04       0.05       0.07       0.13       0.20
       0.14       0.04       0.04       0.04       0.02       0.05       0.12       0.27       0.27
       0.15       0.07       0.07       0.11       0.04       0.04       0.14       0.35       0.33
       0.19       0.17       0.16       0.12       0.11       0.11       0.15       0.32       0.31
       0.17       0.12       0.13       0.12       0.13       0.16       0.18       0.27       0.24
       0.13       0.13       0.12       0.11       0.14       0.18       0.14       0.14       0.17
       0.15       0.13       0.11       0.05       0.09       0.10       0.11       0.12       0.15
       0.09       0.11       0.05       0.09       0.11       0.10       0.17       0.19       0.20
       0.05       0.06       0.09       0.11       0.11       0.09       0.13       0.17       0.15
       0.08       0.04       0.07       0.07       0.12       0.11       0.08       0.09       0.12
       0.07       0.10       0.11       0.11       0.11       0.12       0.12       0.09       0.14
       0.09       0.11       0.11       0.11       0.10       0.14       0.20       0.13       0.20
    604800    9   13
       0.68       0.64       0.76       0.82       0.87       0.90       0.92       0.80       0.57
       0.62       0.61       0.85       0.87       0.89       0.92       0.92       0.93       0.72
       0.56       0.47       0.86       0.89       0.98       0.95       0.71       0.88       0.90
       0.22       0.31       0.83       1.02       0.91       0.91       0.88       0.89       0.75
       0.11       0.10       0.34       0.78       0.69       0.58       0.87       0.85       0.64
       0.16       0.09       0.15       0.10       0.04       0.19       0.54       0.83       0.67
       0.11       0.11       0.14       0.17       0.11       0.16       0.40       0.47       0.50
       0.03       0.04       0.15       0.19       0.18       0.22       0.37       0.31       0.39
       0.02       0.03       0.09       0.16       0.13       0.17       0.44       0.67       0.64
       0.04       0.08       0.14       0.12       0.10       0.13       0.25       0.80       0.93
       0.10       0.15       0.17       0.11       0.10       0.07       0.18       0.39       0.56
       0.15       0.17       0.15       0.18       0.12       0.18       0.17       0.16       0.18
       0.17       0.11       0.11       0.15       0.12       0.21       0.20       0.09       0.22
    691200    9   13
       0.25       0.39       0.94       0.96       2.13       0.91       0.72       0.69       0.48
       0.26       0.30       0.84       0.84       1.05       0.92       0.82       0.52       0.44
       0.13       0.14       0.76       0.86       1.02       1.04       1.00       0.87       0.65
       0.35       0.16       0.65       0.92       0.95       1.06       0.91       0.97       0.92
       0.34       0.09       0.25       0.21       0.33       0.85       1.61       0.96       0.90
       0.08       0.09       0.23       0.24       0.27       0.65       0.97       0.92       0.42
       0.31       0.13       0.14       0.28       0.55       0.49       0.38       0.41       0.36
       0.61       0.62       0.21       0.21       0.24       0.31       0.25       0.40       0.43
       0.62       0.70       0.49       0.26       0.21       0.19       0.22       0.27       0.26
       0.25       0.24       0.27       0.17       0.26       0.30       0.34       0.36       0.51
       0.12       0.10       0.06       0.07       0.12       0.18       0.23       0.22       0.23
       0.05       0.02       0.02       0.07       0.07       0.04       0.08       0.07       0.15
       0.04       0.02       0.02       0.05       0.05       0.06       0.05       0.06       0.14
    777600    9   13
       0.27       0.47       0.07       0.04       0.23       0.17       0.08       0.12       0.17
       0.23       0.40       0.16       0.05       0.31       0.30       0.09       0.09       0.17
       0.13       0.13       0.24       0.29       0.76       1.01       0.12       0.05       0.04
       0.09       0.05       0.15       0.16       0.65       1.06       0.17       0.04       0.02
       0.09       0.06       0.09       0.02       0.25       0.65       0.15       0.04       0.03
       0.06       0.13       0.11       0.02       0.19       0.51       0.17       0.05       0.04
       0.10       0.19       0.23       0.05       0.20       0.35       0.16       0.06       0.15
       0.25       0.17       0.19       0.23       0.23       0.37       0.46       0.19       0.25
       0.26       0.19       0.30       0.23       0.31       0.59       0.81       0.46       0.26
       0.18       0.22       0.23       0.26       0.33       0.43       0.52       0.51       0.41
       0.14       0.20       0.18       0.28       0.46       0.38       0.31       0.52       0.55
       0.06       0.09       0.11       0.15       0.32       0.32       0.35       0.40       0.63
       0.01       0.00       0.01       0.03       0.11       0.31       0.31       0.32       0.39
    864000    9   13
       0.14       0.23       0.11       0.11       0.13       0.31       0.44       0.32       0.36
       0.13       0.14       0.11       0.13       0.19       0.58       0.49       0.40       0.56
       0.13       0.10       0.09       0.18       0.34       0.57       0.40       0.59       0.59
       0.16       0.11       0.12       0.17       0.27       0.45       0.61       0.55       0.33
       0.10       0.12       0.13       0.11       0.15       0.51       0.55       0.51       0.41
       0.04       0.12       0.14       0.10       0.16       0.40       0.30       0.36       0.53
       0.05       0.11       0.12       0.12       0.34       0.33       0.27       0.32       0.37
       0.13       0.05       0.08       0.10       0.15       0.24       0.32       0.20       0.14
       0.09       0.05       0.10       0.13       0.13       0.17       0.19       0.10       0.08
       0.14       0.15       0.17       0.08       0.08       0.07       0.07       0.08       0.11
       0.12       0.09       0.09       0.02       0.03       0.05       0.09       0.05       0.11
       0.04       0.03       0.07       0.04       0.08       0.11       0.10       0.11       0.15
       0.03       0.00       0.01       0.07       0.09       0.07       0.06       0.06       0.14
    950400    9   13
       0.06       0.08       0.11       0.14       0.13       0.20       0.23       0.26       0.16
       0.05       0.14       0.17       0.19       0.17       0.24       0.30       0.26       0.20
       0.05       0.20       0.20       0.21       0.19       0.19       0.20       0.26       0.20
       0.05       0.08       0.15       0.15       0.13       0.18       0.33       0.21       0.19
       0.01       0.05       0.17       0.08       0.11       0.25       0.33       0.19       0.25
       0.02       0.03       0.17       0.07       0.16       0.30       0.24       0.30       0.31
       0.03       0.06       0.08       0.09       0.17       0.21       0.26       0.31       0.29
       0.05       0.03       0.04       0.11       0.19       0.17       0.19       0.20       0.26
       0.04       0.02       0.05       0.13       0.12       0.12       0.12       0.17       0.22
       0.10       0.10       0.04       0.03       0.04       0.07       0.07       0.10       0.13
       0.05       0.02       0.01       0.01       0.03       0.06       0.05       0.04       0.05
       0.01       0.00       0.00       0.02       0.10       0.19       0.14       0.02       0.06
       0.00       0.00       0.00       0.00       0.04       0.11       0.09       0.03       0.05
   1036800    9   13
       0.06       0.12       0.11       0.09       0.05       0.15       0.20       0.17       0.09
       0.01       0.08       0.14       0.05       0.11       0.21       0.20       0.11       0.08
       0.00       0.03       0.09       0.04       0.14       0.15       0.14       0.12       0.11
       0.01       0.02       0.04       0.06       0.18       0.20       0.17       0.21       0.16
       0.01       0.02       0.01       0.03       0.11       0.27       0.29       0.19       0.19
       0.01       0.03       0.01       0.02       0.08       0.35       0.30       0.15       0.18
       0.04       0.04       0.01       0.02       0.12       0.15       0.12       0.17       0.21
       0.05       0.01       0.00       0.06       0.15       0.13       0.11       0.15       0.25
       0.05       0.02       0.02       0.10       0.14       0.12       0.09       0.07       0.13
       0.05       0.04       0.05       0.06       0.09       0.06       0.05       0.03       0.01
       0.06       0.06       0.03       0.03       0.04       0.04       0.02       0.02       0.01
       0.07       0.04       0.03       0.02       0.06       0.04       0.04       0.05       0.04
       0.06       0.04       0.03       0.00       0.01       0.01       0.03       0.07       0.05
   1123200    9   13
       0.01       0.01       0.03       0.11       0.07       0.04       0.06       0.08       0.08
       0.03       0.00       0.02       0.09       0.01       0.02       0.04       0.05       0.06
       0.04       0.00       0.01       0.01       0.00       0.01       0.01       0.02       0.05
       0.03       0.01       0.01       0.00       0.00       0.01       0.01       0.00       0.02
       0.02       0.01       0.00       0.00       0.00       0.00       0.00       0.00       0.00
       0.03       0.01       0.00       0.00       0.00       0.00       0.00       0.00       0.00
       0.03       0.02       0.01       0.00       0.00       0.00       0.02       0.04       0.02
       0.01       0.00       0.00       0.00       0.00       0.02       0.02       0.00       0.02
       0.01       0.00       0.00       0.00       0.01       0.04       0.05       0.05       0.09
       0.03       0.00       0.00       0.00       0.02       0.08       0.12       0.06       0.06
       0.01       0.00       0.00       0.01       0.01       0.01       0.03       0.02       0.01
       0.01       0.00       0.00       0.02       0.01       0.01       0.01       0.01       0.00
       0.03       0.03       0.01       0.00       0.01       0.00       0.00       0.01       0.00
   1209600    9   13
       0.02       0.02       0.03       0.04       0.05       0.03       0.02       0.04       0.04
       0.02       0.07       0.09       0.09       0.15       0.08       0.04       0.04       0.03
       0.10       0.19       0.22       0.20       0.10       0.08       0.12       0.08       0.05
       0.07       0.08       0.11       0.17       0.21       0.16       0.15       0.10       0.14
       0.10       0.08       0.02       0.11       0.26       0.12       0.09       0.07       0.05
       0.03       0.04       0.01       0.03       0.07       0.03       0.04       0.01       0.03
       0.05       0.09       0.02       0.03       0.03       0.03       0.03       0.00       0.00
       0.04       0.04       0.08       0.07       0.05       0.05       0.05       0.02       0.01
       0.09       0.04       0.05       0.01       0.01       0.04       0.02       0.04       0.02
       0.09       0.04       0.02       0.04       0.05       0.01       0.00       0.03       0.04
       0.03       0.04       0.01       0.05       0.07       0.02       0.01       0.02       0.03
       0.02       0.08       0.09       0.11       0.11       0.09       0.02       0.00       0.02
       0.03       0.13       0.22       0.15       0.12       0.17       0.09       0.03       0.08
   1296000    9   13
       0.02       0.00       0.02       0.04       0.04       0.02       0.01       0.02       0.02
       0.01       0.01       0.01       0.04       0.03       0.03       0.01       0.01       0.02
       0.03       0.10       0.04       0.03       0.01       0.03       0.04       0.04       0.03
       0.01       0.07       0.07       0.06       0.07       0.03       0.06       0.09       0.04
       0.01       0.02       0.04       0.11       0.17       0.11       0.04       0.06       0.09
       0.02       0.04       0.01       0.02       0.11       0.06       0.01       0.05       0.10
       0.10       0.13       0.02       0.06       0.07       0.03       0.01       0.03       0.04
       0.06       0.10       0.04       0.06       0.04       0.03       0.05       0.04       0.03
       0.08       0.10       0.14       0.02       0.00       0.02       0.02       0.04       0.03
       0.03       0.06       0.11       0.04       0.01       0.00       0.00       0.02       0.03
       0.02       0.02       0.09       0.06       0.01       0.00       0.01       0.01       0.00
       0.01       0.01       0.07       0.07       0.04       0.00       0.01       0.00       0.00
       0.00       0.00       0.04       0.07       0.04       0.00       0.03       0.00       0.00
