         0    9   13
       0.78       1.03       0.96       0.98       1.12       1.37       1.01       0.95       0.88
       0.40       0.68       0.92       0.96       1.29       1.05       0.95       1.16       0.95
       0.29       0.60       0.80       0.95       1.09       0.95       0.67       0.95       1.42
       0.14       0.41       0.76       0.80       0.81       0.68       0.53       0.64       0.80
       0.00       0.08       0.24       0.56       0.58       0.31       0.39       0.53       0.53
       0.00       0.00       0.00       0.07       0.13       0.08       0.21       0.32       0.45
       0.00       0.00       0.00       0.00       0.00       0.01       0.08       0.23       0.17
       0.00       0.00       0.00       0.00       0.00       0.00       0.03       0.06       0.05
       0.00       0.00       0.00       0.00       0.00       0.00       0.00       0.00       0.00
       0.00       0.00       0.00       0.00       0.00       0.00       0.00       0.00       0.00
       0.00       0.00       0.00       0.00       0.00       0.00       0.00       0.00       0.00
       0.00       0.00       0.00       0.00       0.00       0.00       0.00       0.00       0.00
       0.01       0.00       0.00       0.00       0.00       0.00       0.00       0.00       0.00
     86400    9   13
       1.12       1.15       1.13       1.04       0.95       0.98       1.01       1.09       1.15
       0.95       1.17       0.95       0.96       0.95       0.77       0.95       0.95       1.28
       0.80       0.79       0.87       0.95       0.95       0.63       0.72       0.90       0.95
       0.82       0.71       0.75       0.83       0.79       0.65       0.68       0.84       0.72
       0.82       0.71       0.76       0.74       0.62       0.51       0.54       0.68       0.57
       0.73       0.62       0.58       0.61       0.49       0.24       0.25       0.37       0.49
       0.56       0.62       0.30       0.55       0.26       0.15       0.17       0.15       0.17
       0.40       0.52       0.36       0.50       0.31       0.17       0.24       0.17       0.08
       0.45       0.55       0.53       0.48       0.23       0.12       0.22       0.16       0.05
       0.30       0.47       0.46       0.33       0.18       0.11       0.09       0.06       0.06
       0.08       0.14       0.20       0.17       0.10       0.01       0.05       0.06       0.10
       0.02       0.02       0.05       0.06       0.06       0.04       0.06       0.02       0.04
       0.01       0.00       0.02       0.03       0.06       0.09       0.10       0.05       0.07
    172800    9   13
       0.56       0.48       0.43       0.57       0.55       0.46       0.30       0.28       0.35
       0.51       0.37       0.13       0.16       0.22       0.30       0.25       0.26       0.34
       0.31       0.41       0.13       0.15       0.11       0.17       0.26       0.33       0.32
       0.03       0.05       0.06       0.16       0.18       0.14       0.30       0.45       0.21
       0.14       0.18       0.15       0.24       0.27       0.12       0.23       0.30       0.20
       0.44       0.49       0.28       0.44       0.40       0.25       0.31       0.32       0.28
       0.37       0.46       0.30       0.38       0.30       0.24       0.25       0.19       0.15
       0.31       0.25       0.24       0.16       0.20       0.17       0.16       0.13       0.11
       0.14       0.13       0.16       0.17       0.18       0.12       0.22       0.10       0.03
       0.11       0.23       0.19       0.19       0.17       0.14       0.13       0.06       0.03
       0.20       0.24       0.17       0.07       0.12       0.09       0.01       0.06       0.06
       0.20       0.18       0.10       0.07       0.11       0.11       0.02       0.02       0.01
       0.11       0.13       0.09       0.09       0.14       0.09       0.05       0.02       0.01
    259200    9   13
       0.02       0.03       0.11       0.23       0.25       0.48       0.61       0.60       0.71
       0.01       0.01       0.02       0.18       0.27       0.41       0.51       0.69       0.86
       0.03       0.04       0.03       0.15       0.21       0.25       0.28       0.35       0.39
       0.01       0.01       0.02       0.24       0.20       0.56       0.47       0.35       0.34
       0.01       0.00       0.00       0.08       0.11       0.48       0.51       0.36       0.32
       0.01       0.01       0.00       0.00       0.02       0.14       0.31       0.33       0.35
       0.02       0.04       0.00       0.00       0.02       0.03       0.07       0.09       0.11
       0.04       0.11       0.02       0.04       0.03       0.03       0.05       0.04       0.04
       0.10       0.11       0.14       0.09       0.03       0.00       0.02       0.00       0.00
       0.02       0.01       0.02       0.03       0.06       0.00       0.04       0.01       0.00
       0.00       0.01       0.02       0.06       0.06       0.06       0.11       0.07       0.05
       0.00       0.01       0.05       0.06       0.06       0.03       0.07       0.08       0.23
       0.00       0.01       0.06       0.06       0.04       0.07       0.03       0.04       0.12
    345600    9   13
       0.02       0.12       0.22       0.36       0.77       0.91       0.92       0.84       0.76
       0.00       0.02       0.20       0.52       0.69       0.57       0.62       0.72       0.76
       0.00       0.00       0.13       0.45       0.36       0.37       0.61       0.72       0.79
       0.00       0.03       0.07       0.27       0.30       0.35       0.47       0.59       0.52
       0.01       0.02       0.10       0.22       0.30       0.25       0.23       0.46       0.56
       0.17       0.47       0.45       0.29       0.40       0.60       0.70       0.64       0.72
       0.02       0.52       0.56       0.21       0.61       0.64       0.63       0.88       0.81
       0.11       0.22       0.35       0.38       0.38       0.27       0.34       0.58       0.50
       0.07       0.13       0.24       0.32       0.29       0.28       0.29       0.49       0.30
       0.03       0.01       0.08       0.16       0.12       0.18       0.31       0.29       0.07
       0.13       0.08       0.02       0.11       0.13       0.16       0.13       0.16       0.16
       0.21       0.20       0.09       0.10       0.11       0.07       0.07       0.10       0.23
       0.13       0.22       0.12       0.15       0.07       0.05       0.05       0.29       0.32
    432000    9   13
       0.52       0.24       0.09       0.07       0.08       0.12       0.11       0.20       0.50
       0.39       0.09       0.00       0.02       0.04       0.04       0.03       0.19       0.52
       0.29       0.01       0.00       0.00       0.01       0.03       0.14       0.37       0.40
       0.08       0.19       0.06       0.10       0.05       0.12       0.28       0.37       0.31
       0.33       0.16       0.20       0.29       0.14       0.19       0.47       0.38       0.51
       0.44       0.28       0.30       0.55       0.37       0.17       0.33       0.44       0.52
       0.51       0.20       0.24       0.44       0.17       0.19       0.32       0.51       0.60
       0.45       0.12       0.22       0.31       0.25       0.40       0.32       0.23       0.12
       0.54       0.40       0.42       0.22       0.20       0.24       0.09       0.02       0.07
       0.38       0.23       0.16       0.08       0.12       0.07       0.04       0.05       0.17
       0.30       0.24       0.10       0.04       0.09       0.04       0.06       0.11       0.17
       0.35       0.39       0.25       0.10       0.06       0.02       0.04       0.17       0.22
       0.34       0.24       0.44       0.31       0.13       0.05       0.00       0.10       0.27
    518400    9   13
       0.85       1.09       0.94       0.72       0.79       0.88       0.70       0.65       0.39
       0.96       1.17       0.95       0.78       0.74       0.95       0.79       0.72       0.52
       1.04       1.06       0.95       0.95       0.73       0.72       0.78       0.78       0.65
       1.06       0.95       0.95       0.95       1.26       0.79       0.84       0.84       0.75
       1.14       1.16       1.16       0.95       1.71       1.74       1.23       0.79       1.14
       0.95       1.15       1.34       2.00       1.99       1.10       1.04       1.81       1.80
       1.01       1.31       1.60       1.92       1.92       0.85       0.73       0.98       0.81
       1.02       1.62       1.22       1.45       1.03       0.53       0.34       0.24       0.24
       0.61       1.53       1.06       0.66       0.24       0.16       0.21       0.20       0.28
       0.30       0.80       0.56       0.11       0.15       0.23       0.16       0.30       0.30
       0.02       0.11       0.10       0.06       0.16       0.17       0.06       0.04       0.01
       0.01       0.02       0.07       0.05       0.05       0.02       0.00       0.01       0.00
       0.00       0.01       0.03       0.03       0.04       0.01       0.00       0.00       0.00
    604800    9   13
       0.24       0.38       0.19       0.37       0.33       0.30       0.41       0.53       0.35
       0.75       0.55       0.09       0.25       0.24       0.24       0.29       0.30       0.32
       1.07       0.98       0.29       0.14       0.41       0.57       0.12       0.21       0.24
       0.86       0.37       0.20       0.18       0.95       0.68       0.30       0.30       0.80
       0.36       0.29       0.16       0.26       0.73       0.32       0.46       0.37       0.77
       0.25       0.40       0.28       0.30       0.47       0.30       0.48       0.60       0.95
       0.23       0.28       0.20       0.36       0.30       0.18       0.11       0.28       0.24
       0.16       0.16       0.20       0.21       0.15       0.05       0.03       0.07       0.09
       0.16       0.06       0.11       0.08       0.02       0.02       0.11       0.05       0.02
       0.29       0.14       0.04       0.00       0.01       0.08       0.15       0.03       0.00
       0.19       0.16       0.07       0.04       0.14       0.17       0.09       0.03       0.01
       0.01       0.02       0.07       0.10       0.17       0.11       0.02       0.00       0.00
       0.01       0.02       0.08       0.14       0.14       0.11       0.00       0.00       0.04
    691200    9   13
       0.23       0.03       0.16       0.31       0.27       0.21       0.18       0.14       0.11
       0.24       0.01       0.11       0.31       0.27       0.25       0.31       0.26       0.15
       0.38       0.04       0.13       0.24       0.14       0.25       0.26       0.18       0.20
       0.48       0.09       0.10       0.34       0.11       0.24       0.22       0.14       0.20
       0.14       0.09       0.13       0.42       0.21       0.12       0.26       0.14       0.04
       0.02       0.03       0.09       0.35       0.29       0.17       0.29       0.19       0.06
       0.05       0.06       0.12       0.36       0.33       0.29       0.31       0.17       0.08
       0.16       0.31       0.35       0.22       0.25       0.18       0.22       0.12       0.04
       0.31       0.21       0.11       0.06       0.11       0.13       0.25       0.19       0.12
       0.07       0.05       0.00       0.00       0.08       0.12       0.18       0.27       0.18
       0.02       0.02       0.00       0.00       0.01       0.01       0.02       0.16       0.19
       0.02       0.02       0.00       0.00       0.00       0.00       0.00       0.07       0.18
       0.01       0.07       0.11       0.08       0.04       0.09       0.10       0.02       0.08
    777600    9   13
       0.72       0.67       0.63       0.55       0.56       0.77       0.92       0.73       0.51
       0.67       0.68       0.65       0.46       0.52       0.52       0.53       0.60       0.43
       0.60       0.65       0.47       0.40       0.30       0.25       0.38       0.54       0.37
       0.66       0.61       0.46       0.41       0.30       0.33       0.33       0.32       0.42
       0.68       0.71       0.57       0.43       0.28       0.29       0.31       0.30       0.46
       0.81       0.52       0.52       0.53       0.47       0.46       0.52       0.49       0.51
       0.56       0.64       0.46       0.55       0.52       0.51       0.63       0.51       0.48
       0.44       0.35       0.40       0.50       0.53       0.52       0.55       0.44       0.46
       0.44       0.41       0.49       0.47       0.36       0.30       0.29       0.31       0.46
       0.54       0.46       0.45       0.40       0.32       0.48       0.39       0.25       0.37
       0.35       0.26       0.33       0.28       0.37       0.46       0.55       0.59       0.51
       0.06       0.10       0.19       0.20       0.23       0.32       0.55       0.56       0.52
       0.05       0.08       0.17       0.22       0.22       0.31       0.46       0.44       0.49
    864000    9   13
       0.39       0.16       0.22       0.57       0.66       0.52       0.52       0.37       0.50
       0.46       0.21       0.36       0.55       0.77       0.74       0.72       0.58       0.58
       0.31       0.40       0.46       0.54       0.33       0.46       0.60       0.58       0.40
       0.70       0.51       0.52       0.65       0.52       0.38       0.50       0.46       0.48
       0.82       0.81       0.66       0.60       0.29       0.19       0.35       0.38       0.39
       1.32       1.52       1.76       1.03       0.55       0.30       0.36       0.38       0.33
       1.25       1.31       1.04       1.92       1.92       0.95       0.95       0.75       0.55
       0.91       0.95       1.04       1.45       1.56       1.59       1.63       0.91       0.64
       0.60       0.50       0.70       0.85       0.89       0.96       0.90       0.66       0.60
       0.69       0.41       0.55       0.74       0.86       1.00       1.04       0.83       0.76
       0.80       0.97       0.83       0.85       0.87       1.29       1.09       1.21       0.97
       1.44       0.95       0.95       0.84       1.08       1.05       0.95       0.97       0.80
       1.01       0.55       0.45       0.53       0.66       0.65       0.40       0.49       0.50
    950400    9   13
       0.03       0.00       0.00       0.02       0.02       0.08       0.17       0.21       0.30
       0.04       0.01       0.00       0.00       0.02       0.06       0.12       0.19       0.21
       0.05       0.02       0.01       0.01       0.01       0.06       0.14       0.10       0.07
       0.09       0.11       0.05       0.05       0.09       0.06       0.12       0.07       0.08
       0.31       0.33       0.21       0.16       0.16       0.09       0.12       0.10       0.05
       0.46       0.52       0.44       0.48       0.49       0.18       0.14       0.18       0.23
       0.65       0.62       0.46       0.52       0.52       0.31       0.30       0.33       0.24
       0.46       0.23       0.33       0.52       0.36       0.35       0.47       0.48       0.34
       0.45       0.28       0.26       0.33       0.39       0.49       0.58       0.56       0.48
       0.59       0.58       0.52       0.32       0.36       0.44       0.40       0.39       0.41
       0.87       0.67       0.53       0.24       0.29       0.37       0.44       0.45       0.56
       0.82       0.93       0.50       0.22       0.30       0.36       0.69       1.06       0.99
       0.80       0.86       0.66       0.43       0.22       0.35       0.52       0.84       0.58
   1036800    9   13
       0.04       0.00       0.00       0.00       0.03       0.09       0.13       0.16       0.26
       0.11       0.02       0.01       0.02       0.03       0.07       0.11       0.19       0.28
       0.13       0.14       0.03       0.06       0.03       0.07       0.08       0.12       0.18
       0.30       0.25       0.12       0.05       0.09       0.11       0.07       0.09       0.12
       0.24       0.28       0.21       0.13       0.17       0.19       0.14       0.14       0.14
       0.17       0.21       0.24       0.28       0.30       0.28       0.25       0.30       0.26
       0.10       0.12       0.23       0.20       0.36       0.33       0.30       0.40       0.42
       0.06       0.06       0.11       0.21       0.37       0.35       0.30       0.23       0.24
       0.01       0.02       0.11       0.17       0.24       0.31       0.38       0.40       0.32
       0.07       0.06       0.08       0.09       0.18       0.16       0.19       0.26       0.39
       0.19       0.05       0.05       0.16       0.17       0.29       0.32       0.48       0.52
       0.35       0.17       0.15       0.24       0.25       0.32       0.48       0.45       0.36
       0.46       0.45       0.40       0.30       0.21       0.19       0.24       0.21       0.14
   1123200    9   13
       0.00       0.02       0.19       0.25       0.21       0.24       0.22       0.30       0.33
       0.00       0.02       0.15       0.24       0.22       0.24       0.30       0.36       0.19
       0.00       0.05       0.24       0.37       0.30       0.18       0.51       0.39       0.15
       0.00       0.08       0.40       0.50       0.35       0.52       0.66       0.56       0.40
       0.09       0.14       0.53       0.48       0.49       0.68       0.60       0.53       0.64
       0.07       0.21       0.52       0.29       0.46       0.64       0.35       0.23       0.46
       0.11       0.23       0.43       0.13       0.36       0.46       0.27       0.26       0.35
       0.09       0.14       0.40       0.36       0.37       0.31       0.22       0.23       0.26
       0.13       0.25       0.29       0.35       0.36       0.29       0.32       0.29       0.48
       0.21       0.21       0.23       0.33       0.25       0.30       0.35       0.38       0.61
       0.08       0.15       0.29       0.39       0.30       0.35       0.24       0.31       0.35
       0.03       0.11       0.18       0.27       0.39       0.37       0.22       0.30       0.29
       0.02       0.08       0.15       0.22       0.28       0.26       0.28       0.30       0.30
   1209600    9   13
       0.01       0.08       0.17       0.14       0.19       0.15       0.15       0.10       0.10
       0.00       0.05       0.20       0.16       0.21       0.17       0.17       0.12       0.14
       0.00       0.05       0.21       0.15       0.21       0.20       0.13       0.09       0.18
       0.01       0.01       0.11       0.17       0.21       0.30       0.20       0.17       0.25
       0.04       0.08       0.12       0.14       0.30       0.51       0.29       0.19       0.13
       0.12       0.21       0.22       0.12       0.40       0.51       0.27       0.24       0.14
       0.22       0.23       0.34       0.14       0.40       0.32       0.27       0.24       0.15
       0.07       0.15       0.33       0.20       0.34       0.31       0.29       0.24       0.28
       0.01       0.06       0.08       0.11       0.35       0.40       0.32       0.27       0.30
       0.03       0.01       0.03       0.13       0.32       0.25       0.23       0.15       0.17
       0.01       0.00       0.02       0.14       0.19       0.16       0.19       0.13       0.08
       0.02       0.00       0.03       0.14       0.20       0.21       0.13       0.04       0.04
       0.00       0.00       0.00       0.06       0.12       0.05       0.06       0.02       0.01
   1296000    9   13
       0.05       0.00       0.02       0.15       0.13       0.15       0.16       0.20       0.24
       0.01       0.00       0.01       0.04       0.10       0.17       0.17       0.18       0.24
       0.00       0.01       0.05       0.08       0.10       0.17       0.12       0.15       0.18
       0.00       0.02       0.07       0.06       0.22       0.19       0.12       0.12       0.15
       0.02       0.02       0.12       0.06       0.17       0.24       0.17       0.11       0.07
       0.08       0.09       0.18       0.03       0.16       0.25       0.12       0.14       0.13
       0.15       0.10       0.23       0.13       0.17       0.20       0.09       0.13       0.13
       0.03       0.07       0.22       0.25       0.31       0.30       0.16       0.10       0.10
       0.02       0.07       0.13       0.19       0.34       0.30       0.10       0.11       0.14
       0.06       0.07       0.07       0.21       0.33       0.20       0.08       0.12       0.13
       0.08       0.08       0.07       0.38       0.33       0.24       0.29       0.10       0.09
       0.04       0.06       0.07       0.24       0.34       0.30       0.27       0.17       0.12
       0.02       0.03       0.03       0.17       0.23       0.25       0.23       0.29       0.23
