         0    9   13
       0.44       0.31       0.29       0.26       0.20       0.38       0.33       0.50       0.74
       0.53       0.48       0.36       0.32       0.36       0.44       0.48       0.71       0.83
       0.60       0.86       0.45       0.41       0.37       0.34       0.48       0.57       0.84
       0.63       0.55       0.38       0.34       0.30       0.38       0.54       0.72       0.66
       0.40       0.46       0.36       0.28       0.43       0.52       0.77       0.82       0.52
       0.59       0.62       0.45       0.46       0.52       0.60       0.75       0.74       0.66
       0.81       0.65       0.45       0.34       0.40       0.63       0.69       0.65       0.60
       0.69       0.56       0.45       0.38       0.37       0.52       0.58       0.56       0.45
       0.44       0.37       0.35       0.42       0.38       0.49       0.49       0.48       0.47
       0.34       0.30       0.35       0.42       0.31       0.34       0.32       0.40       0.43
       0.32       0.28       0.29       0.33       0.23       0.38       0.49       0.33       0.28
       0.26       0.27       0.29       0.18       0.17       0.46       0.27       0.17       0.24
       0.23       0.35       0.53       0.34       0.34       0.32       0.15       0.15       0.19
     86400    9   13
       0.29       0.17       0.05       0.09       0.09       0.16       0.15       0.12       0.14
       0.12       0.05       0.01       0.01       0.07       0.08       0.21       0.17       0.24
       0.06       0.02       0.01       0.00       0.05       0.07       0.07       0.20       0.38
       0.01       0.01       0.01       0.02       0.15       0.22       0.15       0.39       0.49
       0.04       0.07       0.14       0.08       0.30       0.52       0.37       0.46       0.70
       0.15       0.33       0.42       0.27       0.40       0.55       0.64       0.59       0.48
       0.38       0.55       0.57       0.36       0.40       0.43       0.53       0.49       0.34
       0.52       0.57       0.54       0.41       0.34       0.44       0.42       0.40       0.37
       0.43       0.45       0.41       0.33       0.30       0.33       0.40       0.30       0.33
       0.45       0.32       0.44       0.35       0.35       0.35       0.36       0.28       0.33
       0.50       0.37       0.38       0.34       0.28       0.26       0.36       0.33       0.34
       0.37       0.34       0.31       0.26       0.27       0.33       0.30       0.29       0.29
       0.33       0.21       0.21       0.27       0.49       0.31       0.27       0.27       0.25
    172800    9   13
       0.00       0.01       0.00       0.01       0.00       0.00       0.02       0.02       0.08
       0.00       0.00       0.00       0.00       0.02       0.05       0.08       0.10       0.14
       0.00       0.00       0.00       0.00       0.14       0.26       0.04       0.07       0.27
       0.00       0.00       0.00       0.00       0.13       0.18       0.04       0.15       0.25
       0.09       0.03       0.03       0.01       0.07       0.24       0.19       0.21       0.23
       0.24       0.22       0.14       0.00       0.15       0.36       0.32       0.30       0.21
       0.35       0.26       0.24       0.12       0.52       0.44       0.34       0.33       0.25
       0.27       0.20       0.18       0.33       0.45       0.46       0.39       0.52       0.40
       0.17       0.18       0.20       0.30       0.41       0.51       0.36       0.51       0.37
       0.19       0.22       0.20       0.26       0.38       0.50       0.34       0.37       0.32
       0.03       0.03       0.24       0.32       0.39       0.48       0.32       0.29       0.35
       0.06       0.11       0.25       0.33       0.36       0.36       0.32       0.39       0.45
       0.11       0.16       0.34       0.46       0.32       0.27       0.34       0.37       0.45
    259200    9   13
       0.10       0.43       0.27       0.26       0.17       0.07       0.08       0.10       0.07
       0.32       0.37       0.15       0.14       0.12       0.07       0.17       0.12       0.13
       0.06       0.07       0.05       0.00       0.07       0.02       0.10       0.15       0.22
       0.00       0.00       0.03       0.00       0.18       0.13       0.06       0.24       0.24
       0.01       0.01       0.03       0.00       0.10       0.29       0.25       0.21       0.13
       0.11       0.06       0.09       0.00       0.07       0.28       0.31       0.25       0.18
       0.26       0.07       0.10       0.07       0.17       0.20       0.19       0.18       0.18
       0.08       0.06       0.06       0.21       0.28       0.26       0.18       0.07       0.12
       0.16       0.13       0.29       0.31       0.28       0.22       0.14       0.05       0.14
       0.29       0.26       0.35       0.22       0.19       0.14       0.11       0.01       0.02
       0.32       0.39       0.32       0.08       0.14       0.19       0.16       0.02       0.00
       0.20       0.19       0.08       0.09       0.14       0.17       0.17       0.08       0.01
       0.10       0.03       0.01       0.03       0.07       0.02       0.03       0.09       0.01
    345600    9   13
       0.02       0.01       0.09       0.01       0.00       0.04       0.09       0.09       0.03
       0.01       0.00       0.02       0.01       0.01       0.06       0.02       0.02       0.01
       0.06       0.01       0.00       0.00       0.00       0.03       0.04       0.03       0.08
       0.08       0.06       0.00       0.00       0.01       0.06       0.04       0.01       0.27
       0.14       0.09       0.00       0.00       0.01       0.07       0.05       0.03       0.15
       0.24       0.12       0.06       0.00       0.00       0.10       0.06       0.00       0.19
       0.04       0.02       0.04       0.09       0.02       0.02       0.05       0.02       0.19
       0.03       0.00       0.01       0.07       0.08       0.00       0.02       0.10       0.12
       0.09       0.01       0.00       0.00       0.03       0.07       0.00       0.07       0.05
       0.17       0.05       0.00       0.00       0.17       0.07       0.00       0.04       0.00
       0.17       0.03       0.01       0.02       0.06       0.00       0.00       0.01       0.04
       0.07       0.00       0.02       0.02       0.00       0.00       0.00       0.01       0.02
       0.00       0.01       0.00       0.00       0.00       0.00       0.00       0.00       0.02
    432000    9   13
       0.04       0.16       0.18       0.28       0.24       0.24       0.20       0.09       0.07
       0.27       0.28       0.16       0.18       0.21       0.27       0.24       0.10       0.07
       0.29       0.35       0.33       0.27       0.26       0.32       0.26       0.10       0.22
       0.32       0.43       0.38       0.34       0.30       0.38       0.32       0.17       0.24
       0.36       0.40       0.30       0.43       0.21       0.33       0.34       0.27       0.31
       0.25       0.34       0.34       0.29       0.25       0.32       0.35       0.26       0.27
       0.13       0.23       0.18       0.20       0.31       0.34       0.20       0.14       0.15
       0.02       0.08       0.15       0.12       0.19       0.20       0.05       0.07       0.16
       0.04       0.10       0.06       0.01       0.02       0.13       0.09       0.13       0.13
       0.02       0.01       0.00       0.01       0.08       0.16       0.06       0.16       0.13
       0.01       0.01       0.00       0.00       0.05       0.07       0.07       0.17       0.10
       0.01       0.00       0.00       0.00       0.00       0.03       0.07       0.12       0.09
       0.01       0.00       0.00       0.01       0.03       0.08       0.10       0.08       0.06
    518400    9   13
       0.27       0.21       0.11       0.16       0.17       0.24       0.19       0.20       0.32
       0.21       0.25       0.17       0.19       0.14       0.22       0.25       0.35       0.29
       0.63       0.41       0.17       0.35       0.21       0.26       0.24       0.24       0.23
       0.46       0.26       0.25       0.23       0.28       0.22       0.25       0.20       0.23
       0.17       0.10       0.35       0.38       0.44       0.23       0.25       0.22       0.21
       0.06       0.07       0.17       0.32       0.29       0.33       0.29       0.29       0.26
       0.03       0.04       0.07       0.09       0.12       0.39       0.25       0.26       0.39
       0.02       0.02       0.06       0.16       0.14       0.18       0.17       0.21       0.37
       0.05       0.06       0.16       0.12       0.12       0.13       0.11       0.17       0.20
       0.09       0.09       0.15       0.10       0.13       0.19       0.11       0.10       0.13
       0.09       0.06       0.06       0.09       0.13       0.16       0.15       0.19       0.17
       0.07       0.08       0.05       0.03       0.03       0.07       0.11       0.13       0.15
       0.11       0.16       0.10       0.02       0.01       0.08       0.13       0.09       0.07
    604800    9   13
       0.39       0.47       0.39       0.41       0.53       0.54       0.51       0.60       0.54
       0.48       0.35       0.37       0.52       0.57       0.74       0.57       0.61       0.53
       0.50       0.50       0.60       0.74       0.88       0.90       0.59       0.56       0.52
       0.81       0.89       0.75       0.77       0.77       0.97       0.72       0.91       0.71
       1.06       2.93       1.05       0.61       0.52       0.91       1.01       0.89       0.52
       0.93       0.93       0.72       0.68       0.36       0.70       0.84       0.70       0.43
       0.84       0.74       0.46       0.43       0.47       0.61       0.52       0.38       0.34
       0.44       0.48       0.53       0.41       0.42       0.44       0.39       0.38       0.23
       0.29       0.41       0.38       0.31       0.27       0.31       0.39       0.42       0.33
       0.26       0.26       0.26       0.22       0.28       0.29       0.36       0.37       0.30
       0.15       0.13       0.30       0.19       0.21       0.21       0.32       0.45       0.34
       0.02       0.08       0.36       0.19       0.16       0.20       0.28       0.33       0.34
       0.07       0.09       0.34       0.23       0.20       0.26       0.32       0.31       0.32
    691200    9   13
       0.04       0.05       0.37       0.27       0.38       0.37       0.27       0.36       0.55
       0.03       0.07       0.28       0.33       0.35       0.34       0.40       0.50       0.45
       0.11       0.12       0.43       0.47       0.52       0.57       0.42       0.48       0.48
       0.04       0.08       0.30       0.50       0.74       0.64       0.52       0.44       0.51
       0.14       0.03       0.06       0.14       0.41       0.75       0.52       0.51       0.48
       0.04       0.02       0.02       0.07       0.47       0.69       0.48       0.47       0.37
       0.03       0.03       0.12       0.23       0.32       0.45       0.44       0.49       0.51
       0.07       0.11       0.25       0.18       0.11       0.26       0.44       0.38       0.44
       0.11       0.14       0.09       0.08       0.03       0.27       0.39       0.32       0.38
       0.04       0.17       0.11       0.03       0.15       0.19       0.25       0.26       0.11
       0.06       0.22       0.15       0.11       0.12       0.09       0.28       0.29       0.30
       0.24       0.17       0.15       0.10       0.13       0.14       0.29       0.33       0.28
       0.20       0.07       0.09       0.11       0.17       0.20       0.27       0.39       0.19
    777600    9   13
       0.24       0.12       0.03       0.17       0.33       0.34       0.43       0.61       0.51
       0.32       0.13       0.11       0.23       0.46       0.42       0.65       0.73       0.40
       0.29       0.24       0.24       0.21       0.31       0.29       0.46       0.60       0.52
       0.35       0.19       0.19       0.21       0.23       0.27       0.23       0.24       0.40
       0.19       0.13       0.10       0.24       0.21       0.24       0.16       0.13       0.23
       0.29       0.28       0.14       0.21       0.17       0.28       0.23       0.15       0.31
       0.32       0.40       0.08       0.06       0.17       0.18       0.24       0.39       0.52
       0.45       0.48       0.22       0.22       0.42       0.31       0.38       0.51       0.60
       0.56       0.56       0.45       0.30       0.45       0.48       0.53       0.42       0.55
       0.53       0.42       0.36       0.39       0.37       0.29       0.36       0.60       0.70
       0.45       0.31       0.26       0.30       0.40       0.40       0.22       0.54       0.79
       0.42       0.41       0.43       0.30       0.39       0.51       0.38       0.38       0.52
       0.46       0.32       0.52       0.46       0.54       0.55       0.52       0.47       0.47
    864000    9   13
       0.30       0.40       0.35       0.30       0.24       0.14       0.19       0.39       0.71
       0.18       0.37       0.33       0.17       0.19       0.19       0.13       0.23       0.52
       0.28       0.24       0.15       0.10       0.16       0.10       0.07       0.16       0.32
       0.11       0.19       0.19       0.12       0.14       0.05       0.06       0.11       0.15
       0.08       0.09       0.06       0.22       0.14       0.07       0.08       0.09       0.09
       0.20       0.19       0.03       0.30       0.17       0.10       0.14       0.10       0.17
       0.37       0.41       0.23       0.14       0.23       0.15       0.25       0.29       0.41
       0.15       0.22       0.35       0.27       0.28       0.25       0.30       0.31       0.40
       0.34       0.34       0.26       0.37       0.31       0.38       0.47       0.47       0.56
       0.53       0.40       0.47       0.47       0.46       0.32       0.46       0.56       0.60
       0.24       0.24       0.40       0.55       0.60       0.83       0.40       0.45       0.41
       0.08       0.14       0.23       0.52       0.59       0.87       0.53       0.40       0.37
       0.09       0.11       0.24       0.35       0.55       0.88       0.79       0.44       0.25
    950400    9   13
       0.14       0.13       0.11       0.16       0.18       0.15       0.09       0.18       0.24
       0.47       0.48       0.30       0.34       0.38       0.27       0.24       0.33       0.29
       0.53       0.46       0.19       0.21       0.40       0.40       0.53       0.43       0.46
       0.53       0.52       0.35       0.21       0.30       0.52       0.48       0.45       0.52
       0.66       0.79       0.60       0.64       0.28       0.17       0.29       0.30       0.30
       0.83       0.69       0.72       0.55       0.49       0.23       0.15       0.09       0.14
       0.51       0.55       0.80       0.62       0.46       0.35       0.31       0.37       0.37
       0.46       0.56       0.74       0.81       0.68       0.59       0.52       0.59       0.46
       0.36       0.41       0.43       0.55       0.82       0.84       0.53       0.64       0.56
       0.48       0.23       0.25       0.30       0.34       0.60       0.53       0.70       0.65
       0.11       0.18       0.25       0.25       0.29       0.21       0.39       0.49       0.57
       0.15       0.30       0.29       0.33       0.24       0.20       0.20       0.29       0.52
       0.06       0.13       0.30       0.22       0.18       0.25       0.22       0.14       0.35
   1036800    9   13
       0.70       0.46       0.20       0.17       0.58       0.55       0.60       0.55       0.55
       0.79       0.66       0.37       0.41       0.39       0.40       0.55       0.60       0.56
       0.72       0.90       0.62       0.75       0.53       0.57       0.60       0.71       0.72
       0.53       0.95       0.59       0.83       0.69       0.52       0.46       0.77       0.97
       0.66       1.46       0.73       0.80       0.73       0.30       0.49       0.81       1.11
       0.72       0.95       0.72       0.58       0.47       0.14       0.60       0.84       0.86
       0.48       0.52       0.52       0.20       0.12       0.20       0.40       0.64       0.72
       0.08       0.12       0.22       0.11       0.13       0.49       0.29       0.48       0.81
       0.01       0.03       0.06       0.02       0.11       0.18       0.17       0.58       0.96
       0.04       0.01       0.03       0.01       0.02       0.05       0.11       0.21       0.60
       0.15       0.06       0.02       0.01       0.08       0.12       0.07       0.06       0.10
       0.04       0.04       0.02       0.03       0.06       0.03       0.02       0.07       0.09
       0.01       0.01       0.03       0.07       0.04       0.00       0.01       0.02       0.04
   1123200    9   13
       0.68       0.55       0.61       0.26       0.17       0.31       0.35       0.40       0.75
       0.48       0.30       0.48       0.26       0.28       0.55       0.43       0.56       0.72
       0.39       0.25       0.37       0.42       0.46       0.46       0.33       0.45       0.40
       0.86       0.56       0.18       0.40       0.29       0.31       0.37       0.37       0.56
       1.35       1.01       0.49       0.58       0.30       0.23       0.48       0.41       0.57
       0.83       0.66       0.69       0.92       0.73       0.27       0.36       0.46       0.52
       0.51       0.54       0.57       0.52       0.34       0.29       0.31       0.35       0.35
       0.44       0.29       0.24       0.22       0.28       0.29       0.29       0.44       0.59
       0.29       0.12       0.21       0.19       0.33       0.36       0.22       0.35       0.46
       0.28       0.12       0.11       0.13       0.25       0.32       0.29       0.22       0.29
       0.22       0.17       0.06       0.04       0.13       0.18       0.19       0.18       0.17
       0.04       0.16       0.10       0.08       0.06       0.08       0.21       0.16       0.12
       0.04       0.14       0.11       0.06       0.04       0.06       0.15       0.20       0.18
   1209600    9   13
       0.63       0.50       0.73       0.95       0.92       0.88       0.76       0.65       0.89
       0.45       0.17       0.41       0.66       0.67       0.71       0.79       0.71       0.78
       0.71       0.56       0.48       0.45       0.54       0.74       0.80       0.95       0.55
       0.71       0.73       0.77       0.80       0.68       0.91       0.95       0.85       0.78
       0.71       0.79       0.95       0.82       0.75       0.90       0.95       1.05       1.07
       0.47       0.24       0.50       0.66       0.95       1.10       0.99       0.96       1.17
       0.31       0.22       0.11       0.17       0.38       0.64       0.77       0.88       0.68
       0.46       0.44       0.47       0.22       0.12       0.29       0.30       0.28       0.41
       0.42       0.60       0.54       0.17       0.06       0.10       0.16       0.17       0.29
       0.27       0.25       0.22       0.10       0.01       0.01       0.08       0.08       0.26
       0.23       0.34       0.22       0.09       0.01       0.00       0.09       0.08       0.17
       0.20       0.46       0.48       0.21       0.10       0.05       0.07       0.06       0.11
       0.29       0.55       0.40       0.24       0.12       0.07       0.02       0.04       0.18
   1296000    9   13
       0.22       0.08       0.06       0.10       0.15       0.32       0.60       1.09       1.12
       0.17       0.05       0.04       0.09       0.13       0.18       0.33       0.60       0.94
       0.10       0.08       0.13       0.20       0.10       0.17       0.30       0.56       0.62
       0.18       0.24       0.20       0.50       0.15       0.16       0.34       0.60       0.59
       0.25       0.09       0.10       0.24       0.24       0.14       0.30       0.53       0.75
       0.23       0.40       0.19       0.14       0.11       0.18       0.30       0.51       0.85
       0.51       0.66       0.46       0.21       0.03       0.14       0.25       0.29       0.28
       0.48       0.60       0.74       0.40       0.08       0.07       0.16       0.13       0.31
       0.31       0.46       0.52       0.48       0.29       0.14       0.29       0.28       0.63
       0.30       0.42       0.46       0.33       0.25       0.25       0.18       0.17       0.41
       0.24       0.38       0.33       0.17       0.15       0.17       0.07       0.06       0.12
       0.32       0.48       0.66       0.39       0.12       0.06       0.04       0.06       0.09
       0.85       0.74       0.70       0.44       0.16       0.04       0.07       0.13       0.12
