         0    9   13
       0.30       0.14       0.16       0.21       0.16       0.20       0.36       0.59       0.53
       0.14       0.11       0.22       0.21       0.20       0.30       0.40       0.48       0.40
       0.02       0.05       0.14       0.37       1.01       0.96       1.07       1.11       1.71
       0.02       0.14       0.41       0.84       1.32       1.61       1.06       0.90       1.03
       0.02       0.22       0.58       0.74       0.74       0.86       0.72       0.45       0.66
       0.03       0.12       0.13       0.19       0.22       0.21       0.21       0.22       0.32
       0.04       0.07       0.03       0.07       0.08       0.11       0.15       0.15       0.20
       0.05       0.06       0.03       0.03       0.07       0.12       0.12       0.13       0.13
       0.14       0.12       0.07       0.07       0.07       0.08       0.15       0.15       0.16
       0.09       0.13       0.09       0.08       0.13       0.11       0.14       0.21       0.23
       0.16       0.24       0.23       0.26       0.20       0.15       0.11       0.19       0.15
       0.43       0.99       1.11       1.25       1.02       1.02       0.62       0.27       0.21
       0.30       0.50       0.70       0.81       0.82       1.69       1.27       0.37       0.33
     86400    9   13
       0.01       0.03       0.10       0.42       0.37       0.34       0.50       0.52       0.56
       0.02       0.02       0.18       0.41       0.33       0.26       0.37       0.50       0.50
       0.01       0.02       0.12       0.24       0.15       0.22       0.43       0.36       0.45
       0.01       0.02       0.02       0.18       0.13       0.10       0.10       0.18       0.38
       0.03       0.01       0.01       0.04       0.09       0.08       0.07       0.14       0.22
       0.15       0.13       0.03       0.02       0.02       0.08       0.07       0.07       0.05
       0.21       0.17       0.07       0.04       0.02       0.04       0.08       0.04       0.03
       0.17       0.10       0.18       0.04       0.03       0.04       0.11       0.12       0.08
       0.17       0.22       0.51       0.22       0.05       0.02       0.08       0.10       0.06
       0.16       0.14       0.21       0.12       0.09       0.05       0.05       0.02       0.02
       0.15       0.17       0.13       0.06       0.08       0.03       0.01       0.01       0.00
       0.07       0.06       0.06       0.07       0.06       0.01       0.02       0.03       0.01
       0.03       0.04       0.06       0.03       0.03       0.02       0.04       0.03       0.04
    172800    9   13
       0.78       0.66       0.60       0.61       0.52       0.57       0.37       0.33       0.34
       0.68       0.72       0.56       0.41       0.49       0.43       0.58       0.64       0.41
       0.32       0.40       0.39       0.39       0.49       0.59       0.86       0.78       0.39
       0.30       0.27       0.30       0.31       0.35       1.00       0.90       0.43       0.34
       0.33       0.32       0.35       0.36       0.46       0.47       0.37       0.16       0.15
       0.30       0.35       0.42       0.44       0.74       0.45       0.15       0.15       0.13
       0.22       0.12       0.22       0.54       0.40       0.15       0.13       0.13       0.11
       0.21       0.18       0.23       0.20       0.14       0.32       0.26       0.12       0.12
       0.00       0.04       0.27       0.18       0.14       0.22       0.20       0.14       0.13
       0.00       0.00       0.08       0.10       0.08       0.05       0.11       0.11       0.12
       0.00       0.00       0.02       0.08       0.09       0.10       0.08       0.08       0.08
       0.00       0.01       0.03       0.10       0.20       0.14       0.13       0.10       0.17
       0.00       0.03       0.09       0.11       0.13       0.10       0.13       0.03       0.07
    259200    9   13
       0.01       0.10       0.16       0.21       0.28       0.28       0.16       0.25       0.42
       0.08       0.26       0.22       0.30       0.37       0.30       0.16       0.29       0.45
       0.03       0.16       0.19       0.30       0.35       0.23       0.20       0.31       0.31
       0.02       0.13       0.17       0.32       0.28       0.31       0.35       0.39       0.25
       0.02       0.13       0.20       0.39       0.37       0.27       0.25       0.30       0.21
       0.12       0.31       0.27       0.45       0.39       0.16       0.18       0.22       0.05
       0.18       0.27       0.22       0.23       0.28       0.08       0.10       0.20       0.08
       0.15       0.22       0.23       0.35       0.26       0.10       0.08       0.08       0.09
       0.23       0.32       0.32       0.28       0.11       0.01       0.03       0.06       0.05
       0.26       0.32       0.21       0.17       0.05       0.02       0.08       0.10       0.04
       0.05       0.12       0.15       0.14       0.04       0.03       0.03       0.05       0.05
       0.00       0.01       0.09       0.11       0.09       0.02       0.02       0.02       0.10
       0.00       0.01       0.08       0.12       0.08       0.01       0.04       0.00       0.02
    345600    9   13
       0.07       0.09       0.09       0.20       0.19       0.19       0.19       0.21       0.22
       0.05       0.10       0.10       0.17       0.22       0.13       0.18       0.23       0.29
       0.03       0.10       0.13       0.19       0.14       0.04       0.14       0.30       0.22
       0.04       0.09       0.09       0.15       0.20       0.11       0.09       0.13       0.15
       0.02       0.05       0.08       0.09       0.16       0.16       0.05       0.05       0.05
       0.03       0.08       0.06       0.06       0.13       0.14       0.07       0.03       0.04
       0.04       0.10       0.08       0.12       0.16       0.11       0.09       0.10       0.08
       0.06       0.15       0.21       0.31       0.22       0.15       0.10       0.08       0.08
       0.14       0.30       0.43       0.51       0.22       0.06       0.04       0.06       0.04
       0.15       0.21       0.20       0.22       0.22       0.05       0.08       0.12       0.05
       0.04       0.08       0.12       0.10       0.10       0.11       0.10       0.08       0.05
       0.00       0.02       0.07       0.10       0.10       0.08       0.12       0.10       0.08
       0.01       0.06       0.13       0.14       0.12       0.06       0.13       0.11       0.14
    432000    9   13
       0.07       0.03       0.02       0.05       0.06       0.08       0.08       0.19       0.25
       0.08       0.09       0.05       0.09       0.09       0.03       0.07       0.21       0.24
       0.05       0.11       0.12       0.15       0.08       0.03       0.11       0.21       0.15
       0.18       0.17       0.12       0.14       0.12       0.03       0.08       0.12       0.14
       0.23       0.22       0.14       0.13       0.06       0.08       0.05       0.11       0.14
       0.22       0.20       0.11       0.09       0.08       0.08       0.06       0.13       0.13
       0.21       0.16       0.13       0.10       0.08       0.09       0.09       0.14       0.11
       0.10       0.05       0.13       0.11       0.09       0.07       0.10       0.14       0.10
       0.02       0.04       0.07       0.09       0.08       0.04       0.09       0.11       0.09
       0.02       0.04       0.06       0.05       0.08       0.04       0.05       0.06       0.05
       0.01       0.01       0.02       0.02       0.05       0.05       0.06       0.03       0.05
       0.00       0.00       0.01       0.02       0.04       0.07       0.10       0.11       0.15
       0.00       0.00       0.00       0.01       0.01       0.01       0.04       0.15       0.26
    518400    9   13
       0.31       0.26       0.12       0.20       0.25       0.31       0.33       0.31       0.22
       0.37       0.24       0.17       0.31       0.20       0.24       0.26       0.25       0.20
       0.61       0.23       0.14       0.16       0.19       0.20       0.37       0.31       0.20
       0.48       0.39       0.15       0.19       0.22       0.20       0.35       0.22       0.34
       0.24       0.22       0.13       0.13       0.22       0.11       0.16       0.22       0.31
       0.17       0.19       0.15       0.16       0.26       0.08       0.08       0.19       0.15
       0.17       0.21       0.28       0.37       0.31       0.10       0.06       0.12       0.11
       0.09       0.15       0.45       0.48       0.26       0.15       0.11       0.15       0.10
       0.02       0.16       0.28       0.26       0.22       0.15       0.13       0.15       0.13
       0.04       0.20       0.25       0.22       0.17       0.12       0.18       0.11       0.14
       0.13       0.13       0.19       0.23       0.17       0.09       0.15       0.11       0.12
       0.05       0.02       0.03       0.09       0.10       0.05       0.16       0.17       0.11
       0.01       0.02       0.05       0.02       0.03       0.05       0.06       0.10       0.10
    604800    9   13
       0.35       0.21       0.15       0.22       0.14       0.22       0.41       0.47       0.34
       0.46       0.22       0.12       0.05       0.03       0.07       0.33       0.31       0.17
       0.32       0.23       0.31       0.14       0.05       0.04       0.11       0.14       0.09
       0.38       0.29       0.37       0.23       0.10       0.10       0.13       0.13       0.11
       0.31       0.12       0.22       0.27       0.13       0.20       0.24       0.20       0.21
       0.24       0.12       0.10       0.22       0.15       0.22       0.30       0.28       0.28
       0.25       0.17       0.03       0.07       0.13       0.17       0.23       0.26       0.23
       0.30       0.15       0.02       0.03       0.08       0.11       0.14       0.14       0.16
       0.13       0.12       0.05       0.03       0.05       0.10       0.08       0.10       0.11
       0.05       0.07       0.02       0.01       0.02       0.04       0.05       0.06       0.10
       0.02       0.04       0.02       0.03       0.08       0.04       0.03       0.04       0.15
       0.03       0.05       0.01       0.02       0.18       0.10       0.06       0.05       0.11
       0.02       0.03       0.01       0.01       0.03       0.03       0.03       0.06       0.09
    691200    9   13
       0.06       0.09       0.17       0.21       0.16       0.20       0.22       0.24       0.20
       0.02       0.04       0.11       0.13       0.12       0.14       0.18       0.10       0.17
       0.02       0.04       0.11       0.06       0.11       0.18       0.13       0.15       0.17
       0.03       0.02       0.03       0.03       0.06       0.14       0.13       0.15       0.13
       0.02       0.01       0.02       0.01       0.05       0.16       0.16       0.14       0.15
       0.00       0.00       0.01       0.04       0.10       0.21       0.22       0.15       0.16
       0.00       0.01       0.03       0.08       0.17       0.25       0.30       0.22       0.23
       0.01       0.01       0.11       0.11       0.10       0.10       0.21       0.28       0.27
       0.01       0.02       0.03       0.07       0.08       0.12       0.23       0.25       0.30
       0.03       0.05       0.05       0.05       0.10       0.16       0.22       0.27       0.25
       0.01       0.03       0.05       0.06       0.08       0.09       0.08       0.17       0.20
       0.02       0.05       0.03       0.02       0.09       0.12       0.05       0.05       0.08
       0.04       0.05       0.01       0.00       0.06       0.03       0.00       0.00       0.07
    777600    9   13
       0.01       0.00       0.04       0.14       0.24       0.28       0.51       0.70       0.66
       0.01       0.04       0.06       0.05       0.06       0.13       0.32       0.50       0.69
       0.01       0.01       0.06       0.02       0.08       0.12       0.14       0.14       0.29
       0.05       0.01       0.04       0.03       0.01       0.29       0.29       0.18       0.09
       0.03       0.00       0.03       0.04       0.01       0.22       0.44       0.36       0.21
       0.01       0.01       0.04       0.10       0.04       0.13       0.22       0.28       0.20
       0.01       0.04       0.10       0.31       0.21       0.16       0.16       0.13       0.09
       0.01       0.05       0.22       0.33       0.25       0.23       0.22       0.16       0.13
       0.02       0.03       0.10       0.13       0.15       0.22       0.28       0.28       0.30
       0.07       0.11       0.16       0.22       0.22       0.22       0.25       0.27       0.31
       0.16       0.19       0.20       0.21       0.23       0.17       0.16       0.35       0.26
       0.27       0.19       0.20       0.15       0.20       0.18       0.12       0.31       0.30
       0.27       0.22       0.22       0.14       0.25       0.14       0.13       0.17       0.25
    864000    9   13
       0.29       0.02       0.05       0.10       0.22       0.30       0.33       0.47       0.43
       0.26       0.10       0.19       0.26       0.22       0.14       0.25       0.36       0.28
       0.10       0.14       0.26       0.27       0.31       0.31       0.40       0.35       0.23
       0.12       0.17       0.33       0.59       0.31       0.56       0.56       0.48       0.45
       0.23       0.30       0.77       0.71       0.46       0.44       0.51       0.71       0.63
       0.23       0.16       0.45       0.62       0.44       0.38       0.57       0.89       0.96
       0.17       0.09       0.17       0.23       0.21       0.22       0.32       0.30       0.25
       0.05       0.08       0.20       0.21       0.19       0.27       0.11       0.10       0.08
       0.16       0.22       0.15       0.13       0.10       0.12       0.13       0.11       0.13
       0.28       0.16       0.11       0.12       0.12       0.25       0.27       0.23       0.15
       0.10       0.12       0.14       0.11       0.22       0.38       0.26       0.37       0.32
       0.05       0.14       0.21       0.18       0.19       0.25       0.24       0.35       0.41
       0.15       0.34       0.40       0.32       0.18       0.17       0.23       0.27       0.40
    950400    9   13
       0.29       0.48       0.22       0.08       0.11       0.17       0.22       0.34       0.26
       0.06       0.13       0.27       0.26       0.10       0.09       0.31       0.34       0.30
       0.01       0.02       0.14       0.22       0.07       0.22       0.29       0.21       0.35
       0.01       0.01       0.01       0.04       0.08       0.31       0.40       0.35       0.69
       0.03       0.06       0.00       0.00       0.03       0.14       0.22       0.29       0.35
       0.00       0.00       0.00       0.00       0.00       0.08       0.21       0.23       0.26
       0.00       0.01       0.00       0.00       0.00       0.10       0.13       0.14       0.11
       0.03       0.02       0.01       0.03       0.02       0.03       0.04       0.06       0.05
       0.06       0.05       0.06       0.05       0.02       0.01       0.01       0.01       0.05
       0.12       0.11       0.09       0.07       0.02       0.07       0.08       0.04       0.03
       0.16       0.15       0.15       0.11       0.10       0.19       0.13       0.19       0.12
       0.03       0.11       0.21       0.24       0.12       0.11       0.17       0.30       0.27
       0.00       0.03       0.16       0.15       0.16       0.15       0.21       0.22       0.29
   1036800    9   13
       0.38       0.36       0.65       0.61       0.65       0.53       0.99       2.52       0.74
       0.48       0.22       0.56       0.66       0.12       0.52       0.80       1.25       0.70
       0.58       0.28       0.20       0.20       0.07       0.64       1.22       0.61       1.10
       0.33       0.14       0.04       0.07       0.11       0.29       0.97       0.93       0.88
       0.24       0.08       0.04       0.11       0.10       0.15       0.40       0.60       0.52
       0.05       0.02       0.06       0.09       0.07       0.33       0.48       0.52       0.52
       0.07       0.02       0.10       0.05       0.10       0.26       0.37       0.49       0.52
       0.02       0.01       0.15       0.10       0.20       0.25       0.40       0.60       0.75
       0.01       0.04       0.11       0.22       0.33       0.45       0.63       0.69       0.63
       0.04       0.06       0.03       0.04       0.23       0.37       0.44       0.47       0.45
       0.02       0.03       0.02       0.02       0.06       0.12       0.15       0.23       0.29
       0.03       0.03       0.04       0.04       0.05       0.07       0.12       0.17       0.27
       0.07       0.02       0.04       0.17       0.12       0.13       0.13       0.16       0.12
   1123200    9   13
       0.70       0.30       0.32       0.34       0.28       0.74       0.93       0.73       0.63
       0.58       0.30       0.49       0.28       0.07       0.31       0.41       0.44       0.29
       0.26       0.31       0.51       0.20       0.07       0.34       0.39       0.27       0.51
       0.11       0.06       0.03       0.07       0.12       0.24       0.42       0.40       0.45
       0.01       0.01       0.02       0.07       0.07       0.15       0.31       0.36       0.35
       0.01       0.01       0.01       0.02       0.05       0.17       0.26       0.28       0.35
       0.02       0.01       0.04       0.01       0.03       0.09       0.17       0.23       0.34
       0.06       0.01       0.01       0.01       0.02       0.05       0.11       0.17       0.27
       0.06       0.01       0.01       0.03       0.03       0.07       0.14       0.21       0.26
       0.08       0.05       0.06       0.14       0.20       0.13       0.22       0.30       0.32
       0.05       0.09       0.20       0.27       0.23       0.09       0.09       0.24       0.27
       0.12       0.24       0.30       0.32       0.29       0.18       0.06       0.08       0.15
       0.27       0.35       0.33       0.31       0.27       0.26       0.05       0.08       0.13
   1209600    9   13
       0.91       0.46       0.30       0.34       0.24       0.21       0.36       0.49       0.55
       1.00       0.44       0.21       0.14       0.07       0.22       0.34       0.53       0.60
       1.01       0.49       0.19       0.17       0.21       0.25       0.52       0.94       0.92
       0.88       0.64       0.26       0.55       0.58       0.30       0.58       0.63       0.74
       0.38       0.46       0.58       0.92       0.65       0.30       0.36       0.43       0.70
       0.28       0.35       0.34       0.84       0.69       0.23       0.25       0.28       0.46
       0.28       0.37       0.34       0.57       0.38       0.16       0.19       0.23       0.30
       0.29       0.28       0.35       0.26       0.10       0.09       0.17       0.24       0.25
       0.20       0.14       0.11       0.17       0.09       0.10       0.27       0.27       0.34
       0.05       0.17       0.15       0.13       0.08       0.08       0.25       0.26       0.28
       0.08       0.29       0.32       0.24       0.12       0.07       0.05       0.16       0.11
       0.16       0.30       0.42       0.33       0.23       0.21       0.07       0.11       0.14
       0.18       0.27       0.35       0.27       0.28       0.26       0.03       0.07       0.10
   1296000    9   13
       0.29       0.16       0.12       0.14       0.22       0.28       0.39       0.46       0.53
       0.08       0.09       0.14       0.30       0.35       0.28       0.30       0.36       0.43
       0.05       0.20       0.33       0.56       0.28       0.24       0.31       0.33       0.46
       0.06       0.23       0.27       0.34       0.27       0.23       0.34       0.33       0.52
       0.09       0.18       0.20       0.18       0.25       0.23       0.29       0.39       0.50
       0.12       0.22       0.16       0.09       0.22       0.21       0.26       0.38       0.43
       0.26       0.30       0.14       0.10       0.20       0.21       0.24       0.30       0.28
       0.23       0.15       0.14       0.26       0.29       0.26       0.26       0.25       0.21
       0.22       0.18       0.27       0.29       0.25       0.20       0.26       0.22       0.23
       0.19       0.27       0.29       0.28       0.23       0.24       0.30       0.34       0.23
       0.28       0.35       0.32       0.27       0.26       0.22       0.14       0.22       0.08
       0.27       0.32       0.35       0.38       0.35       0.22       0.03       0.01       0.04
       0.34       0.35       0.36       0.27       0.33       0.25       0.03       0.04       0.12
