         0    9   13
       0.03       0.12       0.18       0.14       0.05       0.08       0.08       0.08       0.18
       0.12       0.19       0.11       0.21       0.07       0.11       0.14       0.18       0.29
       0.41       0.20       0.14       0.21       0.00       0.11       0.19       0.24       0.29
       0.11       0.08       0.20       0.26       0.03       0.03       0.09       0.30       0.32
       0.18       0.08       0.14       0.40       0.08       0.02       0.03       0.14       0.14
       0.24       0.14       0.18       0.28       0.14       0.02       0.01       0.06       0.18
       0.10       0.08       0.09       0.14       0.03       0.01       0.00       0.05       0.31
       0.10       0.08       0.17       0.07       0.06       0.01       0.03       0.17       0.46
       0.10       0.10       0.14       0.17       0.12       0.12       0.10       0.30       0.55
       0.03       0.07       0.11       0.09       0.14       0.16       0.15       0.31       0.47
       0.02       0.07       0.04       0.01       0.05       0.06       0.15       0.21       0.30
       0.01       0.06       0.03       0.00       0.00       0.02       0.04       0.10       0.15
       0.02       0.04       0.03       0.00       0.00       0.06       0.01       0.02       0.03
     86400    9   13
       0.58       0.50       0.59       0.59       0.57       0.59       0.54       0.51       0.39
       0.59       0.65       0.63       0.56       0.59       0.61       0.61       0.46       0.29
       1.22       1.09       0.99       0.57       0.59       0.63       0.59       0.36       0.15
       1.13       1.03       0.91       0.60       0.59       0.59       0.44       0.31       0.10
       0.99       0.75       0.64       0.61       0.60       0.54       0.27       0.19       0.08
       0.78       0.77       0.73       0.56       0.59       0.43       0.21       0.17       0.09
       0.59       0.55       0.59       0.30       0.40       0.42       0.36       0.21       0.18
       0.60       0.44       0.31       0.19       0.25       0.50       0.44       0.29       0.18
       0.59       0.38       0.25       0.08       0.11       0.44       0.30       0.16       0.07
       0.36       0.15       0.14       0.11       0.13       0.37       0.43       0.19       0.18
       0.38       0.36       0.31       0.16       0.25       0.48       0.65       0.34       0.19
       0.18       0.30       0.43       0.31       0.25       0.36       0.37       0.33       0.22
       0.13       0.35       0.43       0.33       0.37       0.35       0.14       0.51       0.41
    172800    9   13
       1.20       1.32       1.24       0.55       0.87       1.07       1.04       0.57       0.48
       0.69       0.65       1.11       1.03       1.16       1.33       1.12       0.93       0.59
       0.59       0.54       0.62       0.60       0.87       0.63       0.80       0.79       0.60
       0.54       0.61       0.63       0.61       0.64       0.64       0.63       0.59       0.59
       0.45       0.71       0.64       0.56       0.60       0.66       0.67       0.60       0.59
       0.44       0.69       0.60       0.63       0.70       0.89       0.68       0.71       0.73
       0.27       0.44       0.59       0.59       0.66       1.00       0.69       0.62       0.61
       0.06       0.32       0.52       0.63       0.68       0.72       0.74       0.80       0.76
       0.05       0.55       0.73       0.42       0.68       0.79       0.92       1.03       0.88
       0.06       0.21       0.39       0.37       0.64       0.98       1.23       1.29       1.06
       0.30       0.33       0.32       0.46       0.57       0.94       1.46       1.67       1.39
       0.38       0.42       0.25       0.33       0.63       0.76       1.23       1.41       1.28
       0.68       0.67       0.23       0.24       0.45       0.59       0.79       1.13       1.21
    259200    9   13
       0.44       0.50       0.51       0.21       0.08       0.13       0.33       0.93       0.38
       0.91       1.18       0.59       0.34       0.18       0.13       0.17       0.60       0.54
       1.22       1.09       0.62       0.59       0.20       0.11       0.16       0.54       0.59
       1.13       1.02       0.63       0.60       0.23       0.13       0.25       0.23       0.26
       0.99       0.75       0.64       0.56       0.33       0.14       0.23       0.08       0.04
       1.07       0.65       0.46       0.36       0.17       0.15       0.23       0.13       0.03
       0.91       0.71       0.44       0.18       0.09       0.44       0.44       0.15       0.04
       0.81       0.59       0.54       0.15       0.10       0.63       0.63       0.23       0.08
       0.86       0.86       0.35       0.09       0.05       0.32       0.57       0.26       0.22
       1.26       1.07       0.52       0.10       0.02       0.07       0.22       0.43       0.44
       1.10       1.13       0.73       0.15       0.07       0.05       0.50       1.04       0.95
       0.96       1.43       0.59       0.09       0.06       0.01       0.44       1.36       0.84
       0.84       1.43       0.65       0.11       0.02       0.01       0.10       0.64       0.83
    345600    9   13
       0.24       0.05       0.09       0.06       0.07       0.14       0.10       0.06       0.08
       0.31       0.25       0.24       0.08       0.06       0.11       0.10       0.09       0.11
       0.45       0.65       0.33       0.23       0.11       0.10       0.07       0.17       0.30
       0.19       0.30       0.22       0.42       0.30       0.24       0.05       0.06       0.21
       0.08       0.02       0.06       0.19       0.35       0.28       0.09       0.02       0.04
       0.06       0.07       0.33       0.38       0.14       0.15       0.09       0.02       0.02
       0.17       0.24       0.36       0.28       0.04       0.09       0.09       0.03       0.01
       0.11       0.24       0.31       0.18       0.11       0.11       0.12       0.04       0.01
       0.02       0.35       0.38       0.20       0.13       0.13       0.11       0.01       0.00
       0.01       0.22       0.45       0.30       0.25       0.15       0.10       0.05       0.01
       0.01       0.09       0.23       0.11       0.23       0.16       0.01       0.01       0.01
       0.01       0.00       0.01       0.00       0.01       0.01       0.00       0.00       0.00
       0.00       0.00       0.24       0.10       0.01       0.00       0.00       0.00       0.00
    432000    9   13
       0.09       0.09       0.05       0.11       0.12       0.12       0.21       0.15       0.17
       0.40       0.32       0.10       0.13       0.23       0.25       0.23       0.28       0.30
       0.49       0.44       0.05       0.03       0.13       0.17       0.16       0.30       0.23
       0.19       0.06       0.00       0.02       0.10       0.13       0.21       0.24       0.07
       0.14       0.02       0.00       0.02       0.07       0.10       0.15       0.11       0.06
       0.16       0.07       0.01       0.04       0.06       0.06       0.11       0.13       0.05
       0.23       0.12       0.03       0.03       0.01       0.02       0.03       0.03       0.02
       0.13       0.03       0.01       0.01       0.00       0.00       0.00       0.00       0.01
       0.09       0.02       0.04       0.03       0.02       0.00       0.00       0.00       0.00
       0.04       0.04       0.15       0.13       0.07       0.03       0.01       0.00       0.00
       0.04       0.13       0.27       0.23       0.14       0.12       0.00       0.00       0.00
       0.02       0.10       0.21       0.23       0.13       0.14       0.01       0.00       0.00
       0.02       0.10       0.17       0.25       0.21       0.01       0.00       0.00       0.00
    518400    9   13
       0.58       0.45       0.43       0.43       0.32       0.25       0.32       0.34       0.35
       0.65       0.33       0.23       0.12       0.34       0.23       0.23       0.32       0.40
       0.19       0.05       0.02       0.05       0.14       0.14       0.14       0.24       0.31
       0.08       0.07       0.06       0.10       0.14       0.11       0.14       0.15       0.13
       0.07       0.07       0.03       0.08       0.11       0.14       0.09       0.04       0.02
       0.09       0.07       0.01       0.04       0.09       0.09       0.03       0.01       0.00
       0.16       0.13       0.02       0.01       0.00       0.00       0.01       0.00       0.00
       0.19       0.16       0.01       0.00       0.00       0.00       0.00       0.00       0.00
       0.26       0.18       0.01       0.00       0.00       0.00       0.00       0.00       0.00
       0.20       0.13       0.06       0.00       0.00       0.00       0.00       0.00       0.00
       0.09       0.18       0.11       0.01       0.00       0.00       0.00       0.00       0.00
       0.07       0.25       0.18       0.01       0.00       0.00       0.00       0.00       0.00
       0.00       0.13       0.10       0.00       0.00       0.00       0.00       0.00       0.00
    604800    9   13
       0.26       0.43       0.63       0.67       0.87       0.54       0.10       0.13       0.19
       0.11       0.14       0.44       0.59       0.95       0.33       0.18       0.18       0.30
       0.00       0.01       0.13       0.44       0.57       0.30       0.27       0.18       0.09
       0.00       0.00       0.00       0.16       0.13       0.12       0.17       0.16       0.03
       0.00       0.00       0.00       0.01       0.03       0.03       0.04       0.03       0.02
       0.01       0.01       0.00       0.00       0.01       0.00       0.01       0.01       0.01
       0.06       0.02       0.01       0.00       0.00       0.00       0.00       0.00       0.00
       0.08       0.01       0.00       0.00       0.00       0.00       0.00       0.00       0.00
       0.10       0.02       0.00       0.00       0.00       0.00       0.00       0.00       0.00
       0.06       0.02       0.00       0.00       0.00       0.00       0.00       0.00       0.00
       0.04       0.04       0.01       0.00       0.00       0.00       0.00       0.00       0.00
       0.01       0.04       0.02       0.00       0.00       0.00       0.00       0.00       0.00
       0.00       0.00       0.01       0.00       0.00       0.00       0.00       0.00       0.00
    691200    9   13
       0.04       0.11       0.54       0.45       0.43       0.39       0.43       0.33       0.19
       0.10       0.07       0.12       0.12       0.23       0.33       0.31       0.34       0.37
       0.15       0.08       0.04       0.08       0.11       0.28       0.30       0.30       0.25
       0.05       0.02       0.03       0.04       0.11       0.13       0.11       0.09       0.13
       0.05       0.01       0.00       0.01       0.05       0.03       0.04       0.09       0.06
       0.02       0.02       0.01       0.00       0.01       0.02       0.03       0.02       0.01
       0.07       0.04       0.01       0.00       0.00       0.00       0.01       0.01       0.00
       0.04       0.02       0.00       0.00       0.00       0.00       0.00       0.00       0.00
       0.10       0.10       0.00       0.00       0.00       0.00       0.00       0.00       0.00
       0.04       0.02       0.00       0.00       0.00       0.00       0.00       0.00       0.00
       0.02       0.08       0.02       0.00       0.00       0.00       0.00       0.00       0.00
       0.01       0.08       0.12       0.01       0.00       0.00       0.00       0.00       0.00
       0.00       0.00       0.04       0.00       0.00       0.00       0.00       0.00       0.00
    777600    9   13
       0.44       0.45       0.38       0.08       0.08       0.15       0.11       0.06       0.05
       0.50       0.44       0.44       0.16       0.16       0.19       0.07       0.03       0.03
       0.22       0.23       0.25       0.10       0.13       0.22       0.09       0.07       0.04
       0.07       0.03       0.01       0.02       0.11       0.17       0.09       0.11       0.06
       0.11       0.04       0.02       0.02       0.17       0.19       0.15       0.13       0.05
       0.12       0.10       0.07       0.07       0.18       0.12       0.10       0.08       0.02
       0.16       0.13       0.03       0.03       0.08       0.02       0.03       0.02       0.00
       0.17       0.21       0.03       0.02       0.00       0.00       0.00       0.00       0.00
       0.14       0.18       0.08       0.01       0.00       0.00       0.00       0.00       0.00
       0.09       0.15       0.08       0.00       0.00       0.00       0.00       0.00       0.00
       0.16       0.27       0.10       0.02       0.00       0.00       0.00       0.00       0.00
       0.03       0.12       0.07       0.02       0.00       0.00       0.00       0.00       0.00
       0.01       0.03       0.04       0.02       0.00       0.00       0.00       0.00       0.00
    864000    9   13
       0.15       0.25       0.21       0.12       0.19       0.25       0.13       0.07       0.08
       0.06       0.19       0.44       0.16       0.08       0.15       0.09       0.04       0.06
       0.10       0.09       0.26       0.20       0.12       0.30       0.22       0.05       0.08
       0.24       0.21       0.30       0.33       0.38       0.43       0.31       0.12       0.13
       0.31       0.31       0.51       0.40       0.20       0.30       0.10       0.23       0.24
       0.32       0.25       0.39       0.01       0.36       0.27       0.09       0.22       0.36
       0.55       0.70       0.69       0.05       0.37       0.13       0.11       0.12       0.10
       0.42       0.49       0.52       0.12       0.04       0.01       0.01       0.01       0.01
       0.09       0.19       0.17       0.03       0.01       0.00       0.00       0.00       0.00
       0.20       0.19       0.23       0.05       0.00       0.00       0.00       0.00       0.00
       0.13       0.13       0.26       0.11       0.00       0.00       0.00       0.00       0.00
       0.03       0.07       0.11       0.07       0.02       0.00       0.00       0.00       0.00
       0.00       0.01       0.04       0.06       0.02       0.00       0.00       0.00       0.00
    950400    9   13
       0.46       0.09       0.25       0.43       0.54       0.59       0.94       0.51       0.45
       0.40       0.08       0.07       0.25       0.54       0.55       0.61       0.85       0.44
       0.56       0.43       0.17       0.11       0.44       0.81       0.96       0.55       0.33
       0.52       0.36       0.43       0.05       0.10       0.59       0.44       0.36       0.35
       0.45       0.15       0.42       0.13       0.10       0.37       0.26       0.15       0.26
       0.47       0.23       0.33       0.36       0.61       0.45       0.20       0.04       0.01
       0.45       0.44       0.36       0.43       0.66       0.58       0.33       0.04       0.00
       0.44       0.54       0.71       0.69       0.45       0.71       0.60       0.10       0.00
       0.35       0.45       0.74       0.71       0.68       0.79       0.74       0.11       0.00
       0.83       0.67       0.75       0.73       0.71       0.74       0.63       0.05       0.00
       0.43       0.49       0.55       0.55       0.57       0.59       0.67       0.01       0.00
       0.04       0.45       0.35       0.35       0.64       0.73       0.60       0.01       0.00
       0.15       0.18       0.13       0.10       0.21       0.35       0.09       0.00       0.00
   1036800    9   13
       0.16       0.09       0.09       0.09       0.12       0.13       0.10       0.05       0.13
       0.13       0.02       0.07       0.08       0.33       0.24       0.16       0.03       0.04
       0.04       0.00       0.11       0.05       0.21       0.23       0.08       0.02       0.02
       0.00       0.00       0.10       0.07       0.19       0.29       0.23       0.03       0.01
       0.00       0.00       0.10       0.07       0.22       0.40       0.24       0.10       0.02
       0.01       0.01       0.11       0.14       0.33       0.45       0.30       0.21       0.16
       0.02       0.03       0.25       0.55       0.54       0.42       0.25       0.10       0.21
       0.03       0.01       0.10       0.31       0.27       0.37       0.22       0.17       0.15
       0.01       0.00       0.00       0.04       0.23       0.44       0.25       0.13       0.05
       0.00       0.00       0.03       0.06       0.16       0.35       0.20       0.10       0.01
       0.01       0.01       0.02       0.11       0.17       0.16       0.24       0.09       0.00
       0.04       0.03       0.03       0.12       0.18       0.10       0.14       0.01       0.00
       0.24       0.15       0.25       0.22       0.26       0.07       0.07       0.00       0.00
   1123200    9   13
       0.00       0.01       0.02       0.05       0.25       0.31       0.10       0.06       0.07
       0.00       0.02       0.02       0.03       0.05       0.07       0.09       0.06       0.05
       0.01       0.03       0.09       0.03       0.06       0.07       0.03       0.06       0.02
       0.01       0.01       0.02       0.01       0.16       0.08       0.02       0.02       0.00
       0.01       0.04       0.01       0.01       0.12       0.17       0.03       0.00       0.00
       0.02       0.08       0.01       0.02       0.03       0.09       0.04       0.00       0.01
       0.06       0.11       0.06       0.07       0.09       0.05       0.04       0.01       0.03
       0.07       0.11       0.18       0.07       0.09       0.01       0.03       0.06       0.05
       0.21       0.11       0.20       0.08       0.03       0.01       0.08       0.17       0.06
       0.29       0.24       0.16       0.02       0.01       0.01       0.09       0.18       0.08
       0.28       0.35       0.21       0.05       0.07       0.05       0.12       0.26       0.17
       0.59       0.74       0.38       0.27       0.23       0.43       0.13       0.29       0.25
       0.66       0.59       0.33       0.41       0.17       0.70       0.17       0.30       0.40
   1209600    9   13
       0.18       0.08       0.03       0.09       0.11       0.06       0.05       0.04       0.03
       0.13       0.10       0.05       0.04       0.08       0.05       0.03       0.03       0.03
       0.03       0.04       0.02       0.04       0.04       0.04       0.05       0.03       0.02
       0.02       0.00       0.01       0.01       0.03       0.08       0.08       0.06       0.09
       0.03       0.05       0.01       0.00       0.01       0.09       0.16       0.28       0.33
       0.03       0.06       0.01       0.00       0.00       0.09       0.19       0.33       0.23
       0.08       0.07       0.02       0.07       0.04       0.09       0.18       0.11       0.07
       0.02       0.01       0.00       0.01       0.02       0.04       0.12       0.09       0.04
       0.00       0.00       0.00       0.00       0.00       0.04       0.08       0.10       0.11
       0.01       0.00       0.00       0.00       0.01       0.11       0.14       0.14       0.18
       0.02       0.00       0.00       0.00       0.01       0.02       0.18       0.21       0.12
       0.25       0.18       0.00       0.00       0.00       0.00       0.10       0.33       0.24
       0.33       0.22       0.18       0.01       0.02       0.04       0.01       0.43       0.39
   1296000    9   13
       0.21       0.18       0.15       0.11       0.08       0.10       0.13       0.08       0.08
       0.31       0.30       0.57       0.45       0.11       0.08       0.18       0.11       0.11
       0.15       0.19       0.33       0.30       0.17       0.11       0.28       0.28       0.21
       0.08       0.16       0.07       0.08       0.05       0.12       0.27       0.48       0.54
       0.10       0.22       0.07       0.11       0.02       0.05       0.30       0.33       0.39
       0.04       0.05       0.02       0.15       0.00       0.01       0.11       0.09       0.09
       0.11       0.08       0.01       0.03       0.00       0.03       0.16       0.12       0.12
       0.16       0.01       0.01       0.01       0.00       0.13       0.18       0.14       0.11
       0.19       0.09       0.20       0.08       0.03       0.16       0.27       0.23       0.10
       0.27       0.27       0.23       0.07       0.01       0.12       0.22       0.24       0.16
       0.51       0.46       0.34       0.09       0.08       0.12       0.11       0.34       0.26
       0.37       0.40       0.43       0.28       0.13       0.12       0.15       0.33       0.25
       0.24       0.36       0.78       0.56       0.20       0.44       0.44       0.55       0.52
