         0    9   13
       0.18       0.08       0.13       0.16       0.12       0.18       0.17       0.18       0.19
       0.21       0.10       0.12       0.21       0.12       0.15       0.25       0.12       0.07
       0.30       0.24       0.11       0.14       0.07       0.11       0.22       0.09       0.04
       0.23       0.32       0.12       0.06       0.04       0.08       0.12       0.06       0.05
       0.53       0.52       0.29       0.18       0.03       0.11       0.12       0.13       0.10
       0.55       0.55       0.42       0.30       0.17       0.29       0.30       0.39       0.32
       0.60       0.74       0.64       0.52       0.52       0.52       0.51       0.41       0.35
       0.52       0.77       0.56       0.50       0.54       0.47       0.48       0.51       0.46
       0.30       0.56       0.52       0.48       0.61       0.75       0.59       0.56       0.56
       0.23       0.18       0.25       0.36       0.60       1.00       0.70       0.48       0.60
       0.24       0.22       0.21       0.30       0.31       0.45       0.36       0.38       0.46
       0.43       0.37       0.23       0.19       0.30       0.39       0.38       0.30       0.44
       0.62       0.54       0.24       0.30       0.30       0.30       0.27       0.40       0.43
     86400    9   13
       0.38       0.27       0.07       0.06       0.13       0.21       0.23       0.12       0.09
       0.47       0.45       0.09       0.09       0.10       0.07       0.05       0.10       0.10
       0.38       0.53       0.13       0.04       0.03       0.02       0.08       0.07       0.04
       0.34       0.56       0.40       0.10       0.04       0.02       0.05       0.00       0.00
       0.45       0.52       0.40       0.32       0.12       0.04       0.01       0.00       0.00
       0.25       0.46       0.37       0.36       0.40       0.14       0.02       0.00       0.00
       0.24       0.31       0.23       0.09       0.15       0.18       0.05       0.03       0.01
       0.45       0.30       0.21       0.18       0.21       0.17       0.16       0.17       0.12
       0.21       0.20       0.22       0.19       0.28       0.30       0.22       0.20       0.14
       0.28       0.16       0.21       0.11       0.10       0.13       0.18       0.13       0.13
       0.20       0.18       0.17       0.09       0.05       0.11       0.11       0.13       0.13
       0.17       0.16       0.17       0.10       0.14       0.11       0.04       0.20       0.18
       0.21       0.12       0.11       0.17       0.12       0.15       0.10       0.20       0.34
    172800    9   13
       0.02       0.03       0.07       0.11       0.08       0.06       0.08       0.09       0.17
       0.04       0.05       0.07       0.06       0.11       0.04       0.05       0.10       0.20
       0.01       0.02       0.04       0.05       0.06       0.05       0.04       0.14       0.11
       0.00       0.01       0.03       0.05       0.11       0.02       0.03       0.09       0.05
       0.00       0.01       0.09       0.06       0.10       0.04       0.02       0.06       0.07
       0.04       0.16       0.17       0.09       0.12       0.12       0.08       0.13       0.10
       0.10       0.20       0.24       0.05       0.21       0.24       0.16       0.20       0.17
       0.10       0.14       0.28       0.19       0.31       0.30       0.24       0.30       0.24
       0.05       0.21       0.23       0.28       0.32       0.24       0.28       0.29       0.35
       0.12       0.30       0.27       0.22       0.24       0.04       0.20       0.30       0.47
       0.20       0.27       0.31       0.30       0.28       0.17       0.35       0.25       0.40
       0.15       0.13       0.29       0.46       0.30       0.28       0.40       0.26       0.25
       0.09       0.08       0.22       0.43       0.33       0.30       0.30       0.30       0.19
    259200    9   13
       0.31       0.30       0.25       0.22       0.19       0.18       0.18       0.21       0.27
       0.46       0.37       0.31       0.24       0.30       0.25       0.33       0.34       0.33
       0.28       0.56       0.55       0.33       0.40       0.40       0.36       0.29       0.28
       0.45       0.66       0.44       0.26       0.24       0.35       0.33       0.32       0.33
       0.46       0.30       0.24       0.24       0.23       0.26       0.31       0.39       0.22
       0.38       0.37       0.33       0.28       0.29       0.31       0.33       0.23       0.11
       0.52       0.44       0.29       0.27       0.29       0.29       0.23       0.23       0.30
       0.51       0.32       0.33       0.44       0.48       0.40       0.55       0.58       0.81
       0.54       0.52       0.61       0.82       0.84       0.95       0.83       0.95       1.31
       0.46       0.40       0.56       0.86       0.79       0.83       0.81       0.76       0.95
       0.29       0.35       0.56       0.78       0.84       1.04       1.02       1.01       1.00
       0.42       0.44       0.51       0.59       0.83       0.97       0.90       0.87       1.09
       0.45       0.49       0.46       0.52       0.56       0.45       0.52       0.40       0.39
    345600    9   13
       0.39       0.17       0.06       0.10       0.16       0.37       0.46       0.39       0.35
       0.56       0.34       0.17       0.30       0.31       0.29       0.33       0.32       0.40
       0.79       0.75       0.52       0.71       0.42       0.37       0.46       0.46       0.48
       0.82       0.80       0.77       0.73       0.68       0.60       0.68       0.84       0.78
       0.65       0.80       0.53       0.45       0.43       0.40       0.31       0.25       0.18
       0.29       0.31       0.12       0.03       0.17       0.18       0.15       0.19       0.14
       0.24       0.31       0.22       0.14       0.12       0.11       0.12       0.13       0.08
       0.33       0.34       0.32       0.52       0.60       0.56       0.48       0.34       0.15
       0.50       0.49       0.51       0.53       0.53       0.52       0.48       0.39       0.25
       0.82       0.66       0.64       0.53       0.37       0.26       0.26       0.22       0.17
       0.86       0.83       0.95       0.78       0.35       0.19       0.08       0.03       0.01
       0.56       0.95       0.91       0.59       0.25       0.20       0.11       0.03       0.01
       0.06       0.14       0.13       0.12       0.11       0.05       0.06       0.04       0.02
    432000    9   13
       0.55       0.53       0.48       0.29       0.23       0.24       0.22       0.17       0.27
       0.82       0.72       0.56       0.55       0.56       0.44       0.31       0.27       0.27
       0.89       0.79       0.60       0.68       0.53       0.50       0.59       0.63       0.37
       0.86       0.79       0.60       0.55       0.62       0.54       0.74       0.85       0.51
       1.14       1.16       1.16       0.77       0.80       0.80       0.79       0.95       0.74
       0.54       0.81       0.72       0.78       0.82       0.74       0.74       0.61       0.45
       0.52       0.53       0.34       0.79       0.74       0.57       0.66       0.62       0.55
       0.82       0.56       0.50       0.51       0.48       0.58       0.80       0.91       1.15
       0.52       0.62       0.51       0.40       0.34       0.49       0.55       0.56       0.43
       0.54       0.73       0.64       0.46       0.36       0.35       0.52       0.39       0.21
       0.61       1.32       1.45       0.67       0.52       0.57       0.37       0.49       0.32
       0.52       0.57       1.07       0.95       0.67       0.66       0.56       0.55       0.52
       0.51       0.31       0.46       0.95       0.88       0.88       1.07       0.81       0.74
    518400    9   13
       0.12       0.16       0.22       0.34       0.25       0.25       0.18       0.16       0.24
       0.03       0.06       0.34       0.40       0.24       0.21       0.18       0.17       0.14
       0.09       0.06       0.37       0.33       0.30       0.32       0.32       0.31       0.22
       0.12       0.11       0.04       0.09       0.21       0.35       0.32       0.39       0.31
       0.18       0.14       0.05       0.08       0.29       0.31       0.18       0.24       0.29
       0.17       0.40       0.40       0.15       0.17       0.19       0.12       0.10       0.06
       0.30       0.54       0.87       0.71       0.24       0.07       0.14       0.07       0.04
       0.13       0.31       0.60       0.52       0.28       0.18       0.26       0.36       0.17
       0.22       0.26       0.23       0.23       0.35       0.27       0.30       0.26       0.14
       0.48       0.45       0.29       0.31       0.28       0.17       0.25       0.20       0.17
       0.32       0.35       0.39       0.43       0.17       0.15       0.16       0.25       0.30
       0.41       0.23       0.29       0.35       0.17       0.14       0.12       0.13       0.15
       0.52       0.13       0.24       0.25       0.11       0.10       0.17       0.12       0.14
    604800    9   13
       0.03       0.08       0.02       0.04       0.11       0.15       0.29       0.29       0.21
       0.03       0.10       0.13       0.09       0.10       0.08       0.17       0.20       0.12
       0.10       0.10       0.24       0.16       0.14       0.11       0.13       0.08       0.08
       0.06       0.10       0.24       0.19       0.20       0.14       0.05       0.10       0.08
       0.10       0.09       0.33       0.17       0.23       0.13       0.03       0.11       0.06
       0.01       0.11       0.30       0.17       0.30       0.16       0.07       0.13       0.19
       0.01       0.02       0.24       0.20       0.37       0.21       0.24       0.27       0.21
       0.03       0.13       0.32       0.23       0.39       0.32       0.38       0.34       0.30
       0.01       0.19       0.13       0.29       0.30       0.30       0.36       0.34       0.30
       0.01       0.00       0.16       0.33       0.28       0.30       0.30       0.33       0.22
       0.01       0.02       0.08       0.25       0.30       0.29       0.31       0.49       0.34
       0.02       0.02       0.01       0.11       0.22       0.20       0.29       0.52       0.37
       0.02       0.03       0.00       0.02       0.16       0.12       0.11       0.42       0.37
    691200    9   13
       0.04       0.07       0.04       0.07       0.07       0.11       0.13       0.12       0.10
       0.04       0.05       0.04       0.07       0.11       0.11       0.17       0.19       0.08
       0.02       0.05       0.10       0.13       0.18       0.11       0.14       0.27       0.08
       0.01       0.02       0.07       0.20       0.19       0.13       0.13       0.23       0.15
       0.01       0.03       0.11       0.15       0.17       0.13       0.13       0.25       0.22
       0.02       0.04       0.11       0.11       0.16       0.21       0.28       0.24       0.20
       0.03       0.03       0.08       0.13       0.26       0.35       0.31       0.24       0.22
       0.06       0.08       0.22       0.19       0.39       0.37       0.22       0.13       0.14
       0.10       0.17       0.17       0.25       0.34       0.29       0.18       0.11       0.17
       0.15       0.23       0.29       0.30       0.23       0.13       0.09       0.14       0.27
       0.13       0.11       0.31       0.28       0.14       0.11       0.12       0.09       0.16
       0.23       0.14       0.25       0.22       0.20       0.23       0.23       0.10       0.15
       0.12       0.09       0.19       0.16       0.24       0.18       0.21       0.20       0.22
    777600    9   13
       0.09       0.06       0.04       0.13       0.22       0.35       0.46       0.53       0.60
       0.10       0.05       0.02       0.10       0.21       0.30       0.46       0.63       0.94
       0.04       0.03       0.01       0.07       0.15       0.31       0.52       0.74       0.85
       0.14       0.11       0.07       0.10       0.13       0.24       0.35       0.46       0.44
       0.22       0.17       0.08       0.13       0.10       0.18       0.26       0.25       0.14
       0.11       0.14       0.16       0.15       0.11       0.14       0.19       0.13       0.06
       0.10       0.09       0.11       0.11       0.14       0.16       0.17       0.12       0.05
       0.08       0.03       0.05       0.13       0.13       0.10       0.13       0.12       0.08
       0.08       0.09       0.12       0.12       0.11       0.07       0.10       0.16       0.17
       0.22       0.18       0.08       0.06       0.12       0.10       0.11       0.11       0.17
       0.25       0.11       0.20       0.29       0.24       0.17       0.11       0.06       0.08
       0.25       0.19       0.23       0.28       0.30       0.24       0.22       0.15       0.21
       0.18       0.17       0.23       0.25       0.26       0.21       0.28       0.27       0.29
    864000    9   13
       0.11       0.07       0.07       0.15       0.19       0.23       0.26       0.29       0.35
       0.04       0.00       0.00       0.02       0.05       0.12       0.18       0.21       0.29
       0.00       0.00       0.00       0.00       0.01       0.04       0.10       0.19       0.15
       0.00       0.00       0.00       0.00       0.01       0.02       0.06       0.06       0.02
       0.00       0.00       0.00       0.00       0.00       0.01       0.01       0.00       0.00
       0.00       0.00       0.00       0.00       0.00       0.01       0.00       0.00       0.00
       0.01       0.02       0.00       0.00       0.01       0.02       0.03       0.00       0.00
       0.01       0.00       0.00       0.00       0.01       0.00       0.00       0.00       0.00
       0.00       0.00       0.01       0.01       0.00       0.00       0.00       0.00       0.00
       0.02       0.01       0.01       0.01       0.00       0.00       0.00       0.00       0.00
       0.01       0.00       0.00       0.01       0.01       0.00       0.00       0.00       0.00
       0.01       0.01       0.00       0.00       0.00       0.00       0.00       0.00       0.00
       0.00       0.00       0.00       0.01       0.00       0.00       0.00       0.00       0.00
    950400    9   13
       0.03       0.03       0.02       0.09       0.08       0.11       0.12       0.07       0.08
       0.05       0.02       0.01       0.03       0.03       0.04       0.04       0.06       0.12
       0.01       0.01       0.01       0.01       0.02       0.04       0.02       0.03       0.05
       0.06       0.03       0.03       0.02       0.07       0.11       0.03       0.03       0.04
       0.10       0.03       0.02       0.01       0.05       0.09       0.02       0.04       0.03
       0.09       0.08       0.09       0.07       0.09       0.08       0.02       0.01       0.04
       0.04       0.10       0.11       0.09       0.15       0.10       0.05       0.09       0.10
       0.07       0.12       0.11       0.12       0.22       0.22       0.28       0.28       0.15
       0.02       0.06       0.12       0.11       0.15       0.20       0.24       0.26       0.24
       0.14       0.11       0.10       0.06       0.11       0.14       0.18       0.24       0.23
       0.60       0.46       0.25       0.13       0.16       0.17       0.15       0.17       0.13
       0.60       0.55       0.48       0.31       0.30       0.36       0.18       0.15       0.10
       0.55       0.55       0.52       0.48       0.24       0.18       0.25       0.15       0.10
   1036800    9   13
       0.01       0.00       0.01       0.03       0.04       0.07       0.08       0.08       0.08
       0.01       0.01       0.03       0.05       0.04       0.02       0.05       0.07       0.12
       0.03       0.02       0.01       0.00       0.02       0.03       0.10       0.07       0.12
       0.05       0.06       0.01       0.00       0.04       0.10       0.09       0.04       0.08
       0.03       0.01       0.00       0.00       0.01       0.06       0.05       0.03       0.08
       0.13       0.11       0.02       0.00       0.02       0.06       0.08       0.10       0.05
       0.14       0.18       0.01       0.01       0.06       0.13       0.18       0.25       0.04
       0.13       0.06       0.01       0.02       0.09       0.12       0.04       0.04       0.03
       0.01       0.01       0.01       0.01       0.02       0.02       0.08       0.11       0.11
       0.04       0.01       0.02       0.03       0.05       0.05       0.06       0.10       0.07
       0.20       0.17       0.09       0.09       0.07       0.06       0.11       0.08       0.06
       0.15       0.32       0.30       0.05       0.11       0.08       0.07       0.09       0.07
       0.31       0.46       0.44       0.14       0.12       0.09       0.06       0.08       0.08
   1123200    9   13
       0.00       0.00       0.00       0.00       0.00       0.01       0.03       0.03       0.04
       0.00       0.00       0.00       0.00       0.00       0.01       0.02       0.02       0.03
       0.00       0.00       0.00       0.00       0.00       0.01       0.01       0.01       0.01
       0.00       0.00       0.00       0.00       0.00       0.00       0.00       0.00       0.00
       0.00       0.01       0.00       0.00       0.01       0.00       0.00       0.00       0.00
       0.02       0.05       0.06       0.00       0.02       0.00       0.00       0.00       0.00
       0.10       0.12       0.10       0.03       0.11       0.01       0.00       0.00       0.00
       0.03       0.09       0.12       0.05       0.21       0.03       0.00       0.00       0.00
       0.00       0.03       0.09       0.08       0.20       0.02       0.00       0.00       0.00
       0.03       0.13       0.08       0.16       0.18       0.01       0.01       0.01       0.01
       0.01       0.14       0.12       0.21       0.08       0.03       0.05       0.01       0.02
       0.02       0.02       0.20       0.39       0.20       0.14       0.13       0.01       0.00
       0.00       0.13       0.23       0.33       0.33       0.13       0.13       0.09       0.04
   1209600    9   13
       0.02       0.01       0.01       0.01       0.04       0.07       0.09       0.14       0.19
       0.01       0.00       0.00       0.03       0.04       0.07       0.11       0.15       0.24
       0.01       0.00       0.00       0.03       0.06       0.10       0.17       0.20       0.21
       0.02       0.02       0.03       0.11       0.15       0.27       0.30       0.29       0.13
       0.13       0.13       0.28       0.29       0.29       0.33       0.36       0.43       0.24
       0.21       0.44       0.46       0.54       0.55       0.45       0.44       0.53       0.54
       0.62       0.71       0.67       0.59       0.56       0.54       0.51       0.55       0.59
       0.81       0.64       0.59       0.63       0.59       0.45       0.32       0.45       0.54
       0.87       0.86       0.74       0.57       0.70       0.68       0.43       0.76       0.61
       1.11       0.79       0.53       0.48       1.04       0.99       0.99       0.71       0.67
       0.52       0.44       0.45       0.74       0.81       0.94       1.46       1.11       0.85
       0.57       0.54       0.44       0.78       0.87       0.81       1.26       1.22       0.54
       0.84       2.11       1.07       0.98       1.04       0.82       1.03       0.99       0.59
   1296000    9   13
       0.44       0.24       0.04       0.04       0.08       0.12       0.07       0.12       0.19
       0.44       0.27       0.07       0.05       0.10       0.12       0.09       0.13       0.26
       0.54       0.48       0.16       0.05       0.13       0.31       0.21       0.29       0.34
       0.40       0.66       0.36       0.09       0.11       0.59       0.53       0.51       0.48
       0.46       0.82       0.33       0.17       0.10       0.44       0.54       0.55       0.56
       0.32       0.80       0.33       0.33       0.36       0.35       0.60       0.59       0.55
       0.74       0.85       0.28       0.30       0.66       0.38       0.59       0.59       0.61
       0.55       0.78       0.31       0.24       0.59       0.43       0.55       0.57       0.73
       0.36       0.27       0.23       0.21       0.21       0.29       0.57       0.43       0.88
       0.29       0.18       0.17       0.15       0.10       0.10       0.48       0.30       0.45
       0.15       0.09       0.12       0.11       0.07       0.03       0.36       0.14       0.19
       0.17       0.13       0.10       0.04       0.02       0.00       0.12       0.03       0.10
       0.36       0.38       0.11       0.03       0.05       0.00       0.10       0.00       0.09
