         0    9   13
       0.03       0.01       0.10       0.28       0.23       0.18       0.30       0.47       0.46
       0.05       0.09       0.14       0.32       0.35       0.21       0.30       0.50       0.46
       0.01       0.05       0.17       0.31       0.21       0.21       0.44       0.43       0.43
       0.00       0.02       0.09       0.26       0.28       0.18       0.34       0.31       0.37
       0.01       0.03       0.09       0.20       0.24       0.13       0.13       0.28       0.46
       0.03       0.06       0.08       0.13       0.19       0.15       0.14       0.13       0.18
       0.06       0.09       0.06       0.03       0.08       0.10       0.09       0.03       0.03
       0.09       0.14       0.10       0.12       0.16       0.14       0.11       0.07       0.02
       0.26       0.69       0.78       0.77       0.75       0.26       0.12       0.04       0.02
       0.71       1.24       1.21       1.23       1.23       0.25       0.07       0.03       0.04
       0.70       0.83       0.92       0.82       0.76       0.26       0.06       0.03       0.05
       0.32       0.57       0.59       0.46       0.37       0.22       0.09       0.03       0.02
       0.24       0.26       0.34       0.41       0.33       0.21       0.16       0.11       0.14
     86400    9   13
       0.06       0.02       0.08       0.17       0.14       0.11       0.13       0.20       0.21
       0.03       0.02       0.06       0.21       0.13       0.13       0.23       0.31       0.21
       0.03       0.01       0.04       0.13       0.07       0.17       0.39       0.32       0.22
       0.01       0.01       0.04       0.14       0.09       0.06       0.17       0.22       0.23
       0.00       0.00       0.02       0.13       0.13       0.08       0.04       0.13       0.21
       0.00       0.00       0.00       0.01       0.09       0.10       0.03       0.02       0.08
       0.00       0.01       0.00       0.00       0.04       0.06       0.06       0.04       0.03
       0.01       0.00       0.01       0.01       0.06       0.07       0.06       0.04       0.01
       0.01       0.01       0.03       0.04       0.03       0.02       0.03       0.01       0.01
       0.02       0.01       0.05       0.03       0.02       0.05       0.02       0.01       0.01
       0.08       0.08       0.01       0.00       0.01       0.05       0.06       0.02       0.02
       0.05       0.02       0.00       0.00       0.00       0.00       0.02       0.01       0.01
       0.01       0.00       0.00       0.00       0.00       0.00       0.00       0.01       0.00
    172800    9   13
       0.08       0.01       0.02       0.10       0.10       0.13       0.14       0.17       0.30
       0.12       0.06       0.04       0.14       0.05       0.03       0.11       0.16       0.37
       0.21       0.24       0.14       0.14       0.02       0.07       0.14       0.16       0.40
       0.19       0.22       0.12       0.17       0.20       0.14       0.23       0.19       0.37
       0.20       0.19       0.22       0.28       0.30       0.13       0.16       0.20       0.30
       0.19       0.25       0.22       0.26       0.22       0.08       0.13       0.19       0.19
       0.16       0.22       0.15       0.12       0.10       0.09       0.13       0.13       0.10
       0.11       0.15       0.26       0.08       0.12       0.10       0.09       0.11       0.12
       0.04       0.10       0.18       0.15       0.09       0.08       0.09       0.07       0.05
       0.04       0.10       0.19       0.21       0.19       0.07       0.10       0.09       0.05
       0.04       0.07       0.13       0.21       0.22       0.17       0.10       0.14       0.03
       0.18       0.16       0.12       0.12       0.12       0.12       0.09       0.05       0.02
       0.13       0.12       0.12       0.13       0.07       0.08       0.08       0.04       0.09
    259200    9   13
       0.59       0.54       0.90       0.92       0.97       0.95       0.77       0.86       0.82
       0.24       0.31       0.43       0.66       0.73       0.73       0.81       0.90       0.80
       0.10       0.16       0.20       0.42       0.35       0.43       0.64       0.87       0.75
       0.09       0.13       0.17       0.44       0.74       0.71       0.73       0.75       0.66
       0.17       0.22       0.19       0.34       0.38       0.51       0.37       0.31       0.37
       0.11       0.14       0.08       0.11       0.19       0.25       0.29       0.30       0.32
       0.13       0.16       0.08       0.07       0.10       0.17       0.21       0.16       0.14
       0.08       0.06       0.03       0.04       0.06       0.08       0.11       0.11       0.09
       0.02       0.03       0.03       0.09       0.06       0.07       0.07       0.07       0.04
       0.04       0.13       0.17       0.12       0.11       0.12       0.12       0.08       0.04
       0.02       0.14       0.16       0.15       0.18       0.13       0.08       0.05       0.04
       0.03       0.12       0.13       0.17       0.17       0.13       0.11       0.03       0.01
       0.09       0.17       0.21       0.16       0.13       0.09       0.08       0.02       0.02
    345600    9   13
       0.22       0.22       0.17       0.42       0.48       0.47       0.37       0.49       0.55
       0.15       0.18       0.23       0.38       0.47       0.41       0.44       0.57       0.54
       0.03       0.06       0.11       0.25       0.28       0.31       0.43       0.50       0.35
       0.03       0.04       0.08       0.18       0.32       0.43       0.53       0.49       0.31
       0.03       0.08       0.12       0.12       0.17       0.28       0.31       0.26       0.16
       0.08       0.15       0.17       0.18       0.12       0.15       0.17       0.15       0.12
       0.08       0.11       0.15       0.21       0.13       0.13       0.16       0.15       0.15
       0.06       0.09       0.12       0.18       0.19       0.13       0.16       0.15       0.10
       0.06       0.10       0.11       0.08       0.07       0.09       0.17       0.12       0.06
       0.02       0.11       0.15       0.10       0.08       0.13       0.18       0.10       0.06
       0.08       0.15       0.19       0.11       0.18       0.21       0.13       0.07       0.06
       0.22       0.18       0.15       0.15       0.18       0.15       0.12       0.10       0.12
       0.25       0.09       0.07       0.08       0.11       0.09       0.06       0.07       0.06
    432000    9   13
       0.51       0.43       0.29       0.34       0.39       0.87       0.52       0.43       0.63
       0.50       0.40       0.27       0.36       0.51       0.51       0.44       0.50       0.59
       0.53       0.42       0.35       0.54       0.34       0.26       0.34       0.59       0.44
       1.03       0.62       0.52       0.50       0.44       0.38       0.41       0.45       0.28
       0.82       0.93       0.73       0.37       0.42       0.44       0.49       0.30       0.23
       0.56       0.80       0.66       0.49       0.42       0.43       0.37       0.27       0.18
       0.68       0.80       0.49       0.38       0.38       0.38       0.32       0.27       0.21
       0.58       0.81       0.56       0.43       0.38       0.36       0.34       0.28       0.24
       0.33       0.45       0.61       0.49       0.39       0.29       0.26       0.25       0.22
       0.22       0.27       0.39       0.34       0.27       0.19       0.14       0.08       0.07
       0.10       0.20       0.20       0.15       0.16       0.13       0.08       0.05       0.04
       0.07       0.08       0.05       0.03       0.08       0.09       0.06       0.03       0.01
       0.03       0.03       0.02       0.02       0.04       0.03       0.02       0.01       0.00
    518400    9   13
       0.14       0.12       0.07       0.06       0.07       0.06       0.12       0.25       0.23
       0.47       0.43       0.19       0.16       0.32       0.24       0.11       0.18       0.12
       0.65       0.63       0.27       0.26       0.27       0.38       0.21       0.09       0.07
       0.64       0.94       0.49       0.19       0.17       0.49       0.49       0.16       0.06
       0.49       0.84       0.98       0.48       0.14       0.21       0.32       0.25       0.10
       0.37       0.93       0.83       0.97       0.37       0.19       0.14       0.19       0.13
       0.63       1.04       1.10       0.99       0.61       0.29       0.20       0.24       0.23
       0.50       0.59       1.20       1.15       0.83       0.43       0.31       0.26       0.25
       0.51       0.69       1.11       1.34       0.90       0.38       0.29       0.26       0.29
       0.55       1.08       1.33       1.35       0.82       0.33       0.22       0.15       0.20
       0.49       0.74       0.85       0.52       0.39       0.31       0.16       0.12       0.12
       0.34       0.63       0.37       0.36       0.33       0.23       0.16       0.12       0.10
       0.27       0.22       0.23       0.27       0.19       0.12       0.11       0.07       0.06
    604800    9   13
       0.36       0.49       0.33       0.45       0.25       0.20       0.27       0.41       0.47
       0.28       0.45       0.30       0.38       0.20       0.26       0.28       0.37       0.36
       0.11       0.35       0.21       0.18       0.14       0.14       0.31       0.28       0.27
       0.16       0.18       0.18       0.18       0.15       0.03       0.07       0.22       0.34
       0.09       0.06       0.11       0.19       0.22       0.09       0.10       0.22       0.31
       0.06       0.05       0.05       0.16       0.19       0.13       0.14       0.20       0.18
       0.08       0.05       0.05       0.12       0.16       0.15       0.07       0.06       0.06
       0.05       0.03       0.09       0.17       0.14       0.11       0.09       0.10       0.11
       0.01       0.05       0.27       0.49       0.32       0.13       0.11       0.08       0.09
       0.03       0.03       0.22       0.42       0.34       0.17       0.13       0.09       0.05
       0.04       0.11       0.13       0.17       0.21       0.20       0.12       0.09       0.10
       0.08       0.04       0.04       0.03       0.07       0.09       0.08       0.12       0.13
       0.06       0.01       0.00       0.00       0.00       0.01       0.02       0.06       0.04
    691200    9   13
       0.93       1.08       0.48       0.52       0.73       0.51       0.50       0.79       0.73
       0.44       0.77       0.43       0.46       0.42       0.40       0.47       0.70       0.62
       0.40       0.61       0.35       0.31       0.38       0.36       0.72       0.87       0.72
       0.21       0.23       0.24       0.27       0.33       0.24       0.54       0.74       0.73
       0.40       0.16       0.07       0.16       0.23       0.15       0.35       0.50       0.74
       0.30       0.14       0.03       0.05       0.07       0.11       0.27       0.43       0.75
       0.11       0.05       0.04       0.01       0.02       0.18       0.49       0.34       0.34
       0.03       0.02       0.03       0.02       0.02       0.15       0.28       0.29       0.25
       0.00       0.01       0.01       0.00       0.03       0.10       0.14       0.19       0.27
       0.01       0.00       0.00       0.01       0.03       0.07       0.09       0.14       0.13
       0.00       0.01       0.02       0.02       0.09       0.07       0.06       0.05       0.02
       0.01       0.01       0.05       0.03       0.11       0.04       0.03       0.03       0.03
       0.00       0.02       0.04       0.01       0.04       0.01       0.01       0.01       0.02
    777600    9   13
       0.06       0.14       0.34       0.68       0.45       0.51       0.39       0.27       0.29
       0.04       0.10       0.35       0.44       0.33       0.41       0.36       0.21       0.26
       0.00       0.04       0.15       0.11       0.12       0.29       0.31       0.18       0.26
       0.00       0.00       0.07       0.13       0.17       0.36       0.33       0.24       0.26
       0.01       0.00       0.04       0.16       0.14       0.29       0.62       0.86       0.74
       0.02       0.06       0.24       0.38       0.23       0.27       0.77       2.55       1.19
       0.06       0.09       0.35       0.75       0.61       0.38       0.47       0.68       0.52
       0.04       0.08       0.26       0.29       0.25       0.26       0.30       0.27       0.21
       0.01       0.05       0.04       0.02       0.03       0.08       0.16       0.22       0.15
       0.04       0.02       0.04       0.03       0.06       0.06       0.09       0.24       0.28
       0.02       0.03       0.06       0.07       0.07       0.05       0.05       0.07       0.24
       0.11       0.14       0.17       0.17       0.08       0.04       0.05       0.04       0.11
       0.02       0.08       0.14       0.14       0.08       0.07       0.02       0.05       0.15
    864000    9   13
       0.07       0.09       0.22       0.34       0.24       0.24       0.22       0.23       0.25
       0.04       0.02       0.17       0.27       0.32       0.24       0.14       0.18       0.25
       0.00       0.01       0.07       0.16       0.24       0.16       0.10       0.15       0.15
       0.00       0.03       0.03       0.05       0.13       0.12       0.07       0.14       0.21
       0.02       0.06       0.02       0.06       0.08       0.10       0.10       0.14       0.13
       0.06       0.04       0.04       0.07       0.13       0.17       0.20       0.19       0.12
       0.07       0.07       0.10       0.17       0.17       0.21       0.28       0.29       0.26
       0.23       0.29       0.19       0.16       0.19       0.17       0.26       0.27       0.27
       0.19       0.17       0.09       0.14       0.16       0.10       0.15       0.15       0.27
       0.04       0.10       0.18       0.20       0.19       0.07       0.02       0.07       0.12
       0.18       0.24       0.20       0.17       0.14       0.02       0.02       0.05       0.02
       0.03       0.12       0.15       0.11       0.09       0.03       0.02       0.01       0.03
       0.04       0.18       0.33       0.19       0.15       0.19       0.17       0.07       0.07
    950400    9   13
       0.28       0.46       0.29       0.24       0.28       0.29       0.34       0.34       0.29
       0.09       0.38       0.26       0.30       0.26       0.26       0.24       0.29       0.30
       0.05       0.38       0.35       0.41       0.34       0.24       0.30       0.27       0.32
       0.20       0.37       0.41       0.49       0.48       0.27       0.33       0.25       0.43
       0.34       0.21       0.23       0.43       0.27       0.16       0.15       0.08       0.23
       0.14       0.08       0.07       0.18       0.16       0.07       0.07       0.15       0.17
       0.12       0.14       0.07       0.20       0.25       0.20       0.20       0.22       0.21
       0.02       0.02       0.06       0.10       0.16       0.15       0.17       0.18       0.11
       0.02       0.04       0.08       0.09       0.07       0.07       0.15       0.13       0.06
       0.04       0.04       0.09       0.08       0.07       0.07       0.09       0.08       0.08
       0.03       0.04       0.06       0.07       0.05       0.06       0.04       0.07       0.12
       0.03       0.07       0.06       0.07       0.08       0.12       0.07       0.04       0.11
       0.12       0.19       0.27       0.20       0.19       0.27       0.15       0.04       0.10
   1036800    9   13
       2.02       1.39       0.89       0.45       0.41       0.31       0.28       0.43       0.53
       2.06       2.40       1.04       0.99       0.38       0.28       0.35       0.43       0.55
       0.99       0.97       0.86       0.82       0.55       0.30       0.38       0.49       0.97
       0.53       0.64       0.62       0.77       0.59       0.48       0.44       0.55       0.81
       0.52       0.50       0.55       0.97       1.03       0.98       0.55       0.36       0.51
       0.27       0.33       0.35       0.80       1.00       0.86       0.49       0.31       0.34
       0.09       0.33       0.24       0.43       0.60       0.43       0.20       0.15       0.26
       0.20       0.31       0.30       0.33       0.28       0.19       0.14       0.10       0.16
       0.31       0.34       0.22       0.11       0.04       0.03       0.11       0.14       0.08
       0.22       0.23       0.07       0.03       0.02       0.01       0.07       0.04       0.01
       0.05       0.08       0.02       0.00       0.00       0.00       0.00       0.00       0.00
       0.03       0.10       0.08       0.05       0.02       0.01       0.01       0.00       0.01
       0.08       0.10       0.31       0.14       0.03       0.06       0.03       0.00       0.06
   1123200    9   13
       0.00       0.01       0.02       0.03       0.07       0.20       0.27       0.38       0.44
       0.11       0.16       0.25       0.18       0.20       0.09       0.08       0.18       0.22
       0.13       0.34       0.33       0.38       0.40       0.27       0.15       0.15       0.07
       0.14       0.23       0.34       0.38       0.33       0.27       0.28       0.35       0.26
       0.05       0.06       0.08       0.19       0.23       0.34       0.44       0.43       0.41
       0.04       0.06       0.02       0.04       0.08       0.20       0.35       0.38       0.27
       0.07       0.12       0.12       0.09       0.09       0.18       0.28       0.29       0.25
       0.14       0.30       0.24       0.19       0.29       0.26       0.18       0.22       0.23
       0.51       0.34       0.18       0.25       0.17       0.13       0.07       0.07       0.08
       0.75       0.43       0.25       0.27       0.19       0.13       0.06       0.02       0.01
       0.17       0.07       0.11       0.20       0.10       0.13       0.06       0.05       0.01
       0.02       0.02       0.05       0.17       0.15       0.13       0.12       0.05       0.03
       0.05       0.15       0.19       0.21       0.19       0.16       0.15       0.07       0.04
   1209600    9   13
       0.04       0.01       0.02       0.02       0.03       0.04       0.06       0.11       0.12
       0.01       0.01       0.02       0.09       0.09       0.05       0.07       0.09       0.09
       0.03       0.07       0.08       0.12       0.09       0.07       0.10       0.14       0.08
       0.06       0.10       0.13       0.17       0.14       0.07       0.17       0.17       0.10
       0.07       0.14       0.16       0.19       0.23       0.17       0.17       0.22       0.18
       0.02       0.12       0.14       0.26       0.34       0.26       0.23       0.20       0.16
       0.04       0.09       0.09       0.23       0.31       0.24       0.28       0.24       0.16
       0.02       0.06       0.11       0.13       0.19       0.15       0.14       0.15       0.11
       0.09       0.06       0.04       0.05       0.06       0.07       0.08       0.07       0.06
       0.10       0.04       0.06       0.06       0.07       0.03       0.02       0.01       0.02
       0.03       0.02       0.02       0.04       0.10       0.10       0.05       0.03       0.03
       0.02       0.02       0.04       0.02       0.08       0.07       0.05       0.02       0.03
       0.08       0.06       0.04       0.02       0.04       0.07       0.13       0.01       0.01
   1296000    9   13
       0.07       0.01       0.02       0.07       0.03       0.07       0.20       0.26       0.25
       0.01       0.01       0.00       0.05       0.02       0.04       0.08       0.15       0.16
       0.05       0.02       0.00       0.05       0.01       0.05       0.13       0.15       0.15
       0.04       0.08       0.01       0.06       0.09       0.06       0.20       0.16       0.12
       0.02       0.03       0.02       0.07       0.07       0.03       0.09       0.12       0.13
       0.02       0.01       0.01       0.08       0.04       0.02       0.04       0.07       0.16
       0.06       0.07       0.04       0.12       0.04       0.02       0.04       0.06       0.07
       0.07       0.07       0.05       0.08       0.02       0.02       0.02       0.04       0.03
       0.07       0.11       0.12       0.06       0.02       0.03       0.07       0.06       0.03
       0.10       0.19       0.14       0.03       0.02       0.03       0.06       0.06       0.02
       0.22       0.29       0.27       0.19       0.04       0.03       0.01       0.02       0.01
       0.03       0.19       0.28       0.24       0.15       0.02       0.02       0.00       0.00
       0.02       0.03       0.10       0.25       0.19       0.06       0.11       0.00       0.00
