         0    9   13
       0.24       0.34       0.41       0.29       0.37       0.16       0.18       0.26       0.07
       0.23       0.34       0.21       0.23       0.19       0.29       0.27       0.12       0.14
       0.27       0.48       0.24       0.27       0.06       0.30       0.44       0.38       0.48
       0.10       0.27       0.47       0.39       0.35       0.28       0.32       0.47       0.60
       0.23       0.19       0.72       0.71       0.91       0.35       0.29       0.32       0.55
       0.21       0.17       0.65       0.70       0.92       0.68       0.52       0.39       0.40
       0.13       0.14       0.35       0.33       0.51       0.53       0.36       0.31       0.37
       0.20       0.15       0.23       0.10       0.07       0.09       0.14       0.23       0.37
       0.11       0.08       0.06       0.13       0.30       0.16       0.10       0.28       0.43
       0.17       0.08       0.11       0.47       0.57       0.38       0.14       0.20       0.42
       0.34       0.30       0.40       0.54       0.42       0.47       0.33       0.14       0.25
       0.46       0.43       0.44       0.43       0.46       0.52       0.27       0.05       0.26
       0.44       0.35       0.32       0.44       0.61       0.39       0.24       0.05       0.09
     86400    9   13
       0.05       0.05       0.18       0.13       0.09       0.06       0.05       0.02       0.01
       0.11       0.10       0.11       0.12       0.06       0.06       0.07       0.05       0.02
       0.09       0.11       0.16       0.15       0.05       0.11       0.16       0.05       0.12
       0.09       0.19       0.20       0.20       0.13       0.10       0.17       0.04       0.24
       0.16       0.28       0.28       0.30       0.18       0.03       0.07       0.08       0.16
       0.20       0.23       0.20       0.19       0.15       0.03       0.07       0.12       0.11
       0.03       0.06       0.07       0.19       0.12       0.05       0.02       0.08       0.08
       0.17       0.17       0.20       0.09       0.06       0.02       0.00       0.02       0.07
       0.30       0.11       0.05       0.01       0.00       0.01       0.03       0.03       0.04
       0.08       0.02       0.00       0.01       0.03       0.07       0.05       0.05       0.03
       0.01       0.01       0.03       0.06       0.03       0.05       0.07       0.04       0.01
       0.04       0.08       0.12       0.09       0.02       0.03       0.11       0.02       0.00
       0.33       0.47       0.40       0.21       0.20       0.18       0.07       0.02       0.01
    172800    9   13
       0.98       1.18       1.71       1.63       1.57       1.52       3.04       2.34       1.29
       0.78       0.66       0.96       1.11       0.99       0.90       1.12       1.16       0.94
       0.42       0.57       0.71       0.75       0.67       0.68       0.81       0.80       0.89
       0.15       0.28       0.51       0.84       0.81       0.55       0.62       0.63       0.82
       0.20       0.23       0.35       0.61       0.68       0.40       0.32       0.49       0.59
       0.23       0.16       0.24       0.32       0.29       0.20       0.22       0.54       0.36
       0.05       0.03       0.06       0.10       0.05       0.11       0.15       0.33       0.27
       0.07       0.05       0.12       0.04       0.01       0.06       0.10       0.10       0.10
       0.14       0.17       0.11       0.02       0.03       0.03       0.02       0.03       0.05
       0.07       0.08       0.04       0.02       0.03       0.02       0.03       0.03       0.04
       0.00       0.03       0.12       0.08       0.04       0.03       0.05       0.02       0.02
       0.02       0.11       0.33       0.29       0.16       0.10       0.06       0.01       0.01
       0.11       0.23       0.45       0.55       0.46       0.27       0.12       0.03       0.01
    259200    9   13
       0.49       1.31       1.98       1.21       1.39       2.83       3.16       1.86       0.94
       0.29       0.46       0.76       1.12       0.94       1.33       1.33       1.00       0.67
       0.25       0.38       0.57       0.98       0.75       0.63       0.84       0.56       0.46
       0.49       0.59       0.55       0.76       0.82       0.47       0.67       0.33       0.34
       0.62       0.66       0.62       0.55       0.70       0.48       0.51       0.35       0.51
       0.80       0.85       0.68       0.54       0.61       0.50       0.42       0.33       0.32
       0.86       0.97       0.70       0.50       0.43       0.35       0.27       0.14       0.16
       1.10       1.01       0.73       0.59       0.48       0.35       0.30       0.24       0.19
       0.96       1.02       0.80       0.68       0.47       0.38       0.37       0.32       0.25
       0.62       0.53       0.48       0.46       0.35       0.34       0.43       0.40       0.21
       0.19       0.28       0.49       0.53       0.46       0.41       0.31       0.24       0.08
       0.03       0.21       0.54       0.58       0.44       0.36       0.22       0.05       0.05
       0.03       0.13       0.54       0.69       0.64       0.53       0.30       0.10       0.05
    345600    9   13
       0.67       0.61       0.68       0.49       0.33       0.37       0.67       0.70       0.55
       0.69       0.60       0.64       0.70       0.39       0.42       0.77       0.74       0.49
       0.38       0.59       0.46       0.49       0.48       0.47       0.61       0.55       0.54
       0.25       0.52       0.45       0.40       0.40       0.23       0.46       0.71       0.78
       0.45       0.45       0.36       0.41       0.38       0.14       0.24       0.59       0.84
       0.49       0.37       0.19       0.44       0.49       0.18       0.26       0.47       0.52
       0.25       0.22       0.18       0.22       0.40       0.44       0.32       0.27       0.25
       0.09       0.10       0.18       0.15       0.06       0.14       0.23       0.13       0.10
       0.01       0.05       0.10       0.07       0.03       0.03       0.07       0.11       0.10
       0.01       0.01       0.02       0.02       0.02       0.04       0.02       0.02       0.03
       0.01       0.01       0.04       0.06       0.03       0.03       0.03       0.01       0.00
       0.04       0.02       0.02       0.05       0.05       0.04       0.05       0.01       0.01
       0.06       0.03       0.04       0.06       0.11       0.08       0.07       0.02       0.01
    432000    9   13
       0.45       0.37       0.59       0.54       0.29       0.19       0.22       0.30       0.22
       0.26       0.19       0.32       0.46       0.34       0.21       0.37       0.38       0.17
       0.21       0.27       0.28       0.22       0.14       0.26       0.41       0.34       0.26
       0.22       0.28       0.24       0.17       0.12       0.18       0.16       0.14       0.22
       0.11       0.14       0.15       0.13       0.10       0.05       0.10       0.13       0.18
       0.06       0.04       0.04       0.05       0.08       0.05       0.06       0.21       0.27
       0.03       0.08       0.06       0.02       0.02       0.01       0.02       0.05       0.10
       0.01       0.03       0.05       0.03       0.01       0.00       0.01       0.01       0.02
       0.00       0.01       0.01       0.00       0.00       0.00       0.00       0.00       0.00
       0.00       0.00       0.00       0.00       0.01       0.00       0.01       0.00       0.02
       0.01       0.01       0.00       0.01       0.01       0.01       0.01       0.00       0.02
       0.01       0.02       0.02       0.01       0.01       0.01       0.01       0.00       0.00
       0.01       0.04       0.03       0.01       0.08       0.01       0.00       0.00       0.00
    518400    9   13
       0.73       0.58       0.71       0.78       0.71       0.71       0.71       0.69       0.70
       0.38       0.41       0.58       0.76       0.77       0.72       0.74       0.68       0.54
       0.57       0.58       0.53       0.51       0.56       0.57       0.85       0.76       0.86
       0.38       0.48       0.53       0.47       0.42       0.32       0.55       0.66       1.09
       0.22       0.19       0.19       0.36       0.41       0.18       0.11       0.38       0.67
       0.09       0.10       0.06       0.21       0.28       0.16       0.02       0.23       0.49
       0.02       0.02       0.03       0.11       0.11       0.05       0.04       0.29       0.19
       0.03       0.02       0.02       0.02       0.01       0.01       0.02       0.12       0.08
       0.01       0.05       0.03       0.02       0.02       0.01       0.00       0.05       0.04
       0.00       0.01       0.03       0.08       0.07       0.02       0.05       0.11       0.12
       0.00       0.00       0.04       0.14       0.05       0.05       0.03       0.03       0.06
       0.00       0.01       0.03       0.06       0.05       0.05       0.02       0.00       0.02
       0.00       0.00       0.00       0.01       0.08       0.04       0.03       0.00       0.00
    604800    9   13
       0.41       0.33       0.50       0.59       0.49       0.52       0.66       0.63       0.59
       0.42       0.22       0.27       0.40       0.20       0.43       0.66       0.56       0.49
       0.26       0.19       0.26       0.41       0.19       0.32       0.54       0.37       0.47
       0.18       0.22       0.34       0.47       0.40       0.34       0.47       0.41       0.41
       0.18       0.22       0.28       0.37       0.48       0.35       0.33       0.46       0.55
       0.12       0.08       0.12       0.28       0.38       0.33       0.36       0.36       0.45
       0.06       0.06       0.09       0.19       0.27       0.26       0.32       0.43       0.53
       0.07       0.04       0.10       0.09       0.15       0.20       0.42       0.63       0.47
       0.05       0.07       0.11       0.19       0.20       0.33       0.39       0.51       0.39
       0.16       0.14       0.16       0.32       0.32       0.36       0.36       0.32       0.22
       0.19       0.16       0.29       0.54       0.40       0.21       0.24       0.12       0.06
       0.35       0.36       0.30       0.39       0.25       0.22       0.12       0.03       0.01
       0.37       0.33       0.25       0.28       0.35       0.24       0.13       0.10       0.06
    691200    9   13
       0.53       0.24       0.57       0.72       0.43       0.36       0.57       0.50       0.34
       0.59       0.33       0.40       0.49       0.24       0.48       0.70       0.52       0.39
       0.42       0.49       0.48       0.55       0.16       0.33       0.45       0.33       0.39
       0.27       0.40       0.65       0.83       0.62       0.40       0.63       0.58       0.49
       0.34       0.40       0.62       1.02       1.03       0.60       0.83       0.99       1.12
       0.45       0.42       0.67       0.94       0.92       0.90       1.15       1.35       1.54
       0.31       0.46       0.79       0.88       1.02       1.59       1.83       1.61       1.73
       0.23       0.51       0.86       0.87       1.32       2.07       2.66       2.79       2.71
       0.35       0.45       0.54       0.78       1.09       1.96       3.48       3.36       2.84
       0.71       0.75       0.64       0.92       1.32       2.07       2.50       2.10       2.00
       0.52       0.53       0.71       1.00       1.20       1.14       1.20       1.15       1.48
       0.28       0.77       1.08       1.30       1.28       1.09       0.47       0.40       0.79
       0.58       1.00       0.96       1.00       1.38       0.95       0.38       0.45       0.26
    777600    9   13
       0.95       1.15       1.51       1.65       2.20       2.18       1.14       0.51       0.40
       0.96       1.01       1.41       1.80       1.92       1.86       1.20       0.63       0.64
       1.10       1.47       1.76       1.61       1.16       1.09       0.78       0.55       0.54
       0.81       0.95       1.37       1.27       1.02       0.73       0.46       0.32       0.31
       0.58       0.89       1.05       0.92       0.74       0.63       0.32       0.23       0.39
       0.49       0.42       0.59       0.73       0.54       0.40       0.26       0.35       0.69
       0.13       0.25       0.54       0.57       0.41       0.31       0.50       0.71       0.98
       0.13       0.35       0.48       0.50       0.61       0.61       1.05       1.17       1.06
       0.17       0.26       0.31       0.58       0.80       1.32       1.78       1.24       0.80
       0.34       0.57       0.64       0.92       1.53       2.62       1.97       0.99       0.70
       0.40       0.56       0.86       1.24       1.52       1.36       1.17       0.74       0.55
       0.43       0.95       1.34       1.38       1.29       0.90       0.63       0.41       0.38
       0.69       1.12       1.11       1.27       1.79       1.19       0.82       0.71       0.29
    864000    9   13
       0.80       0.66       0.77       1.01       1.25       1.32       1.33       1.05       0.76
       0.58       0.55       0.79       1.12       1.22       1.28       1.73       1.71       1.18
       0.66       0.68       1.13       1.51       1.37       1.36       1.57       1.49       1.15
       0.84       0.74       1.11       1.52       1.90       1.57       1.00       0.74       0.89
       0.84       0.72       1.20       1.57       1.20       0.69       0.55       0.44       0.50
       0.75       1.08       1.26       1.07       0.62       0.44       0.36       0.37       0.47
       0.66       1.16       1.03       0.64       0.50       0.49       0.43       0.38       0.40
       0.83       1.08       1.14       0.77       0.51       0.52       0.65       0.57       0.39
       0.65       0.74       0.66       0.52       0.48       0.52       0.66       0.52       0.40
       0.49       0.48       0.53       0.72       0.80       0.66       0.57       0.58       0.49
       0.42       0.54       0.75       0.93       0.97       0.92       0.74       0.74       0.66
       0.65       0.93       1.04       1.00       0.90       0.84       0.87       0.93       0.82
       0.84       0.98       1.07       1.07       1.16       1.35       0.92       0.82       0.68
    950400    9   13
       0.62       0.50       0.48       0.35       0.36       0.30       0.33       0.53       0.35
       0.49       0.36       0.39       0.32       0.22       0.20       0.25       0.25       0.16
       0.47       0.29       0.27       0.22       0.15       0.12       0.24       0.23       0.15
       0.27       0.25       0.35       0.35       0.29       0.18       0.22       0.18       0.13
       0.28       0.34       0.41       0.23       0.13       0.06       0.10       0.07       0.05
       0.31       0.25       0.31       0.13       0.18       0.06       0.07       0.06       0.06
       0.23       0.13       0.18       0.10       0.28       0.17       0.10       0.08       0.08
       0.15       0.12       0.20       0.19       0.14       0.25       0.21       0.10       0.07
       0.16       0.22       0.30       0.41       0.15       0.26       0.28       0.13       0.08
       0.34       0.55       0.68       0.66       0.24       0.15       0.16       0.08       0.09
       0.61       0.80       0.74       0.53       0.16       0.26       0.12       0.12       0.20
       0.70       0.80       0.61       0.36       0.16       0.19       0.15       0.18       0.28
       0.55       0.52       0.40       0.24       0.27       0.28       0.17       0.28       0.34
   1036800    9   13
       0.13       0.35       0.31       0.14       0.11       0.03       0.01       0.03       0.02
       0.20       0.34       0.25       0.21       0.08       0.05       0.04       0.01       0.04
       0.25       0.42       0.26       0.18       0.08       0.08       0.07       0.01       0.10
       0.18       0.31       0.25       0.11       0.12       0.10       0.08       0.05       0.11
       0.32       0.30       0.21       0.29       0.21       0.04       0.05       0.01       0.02
       0.40       0.32       0.21       0.16       0.06       0.01       0.04       0.00       0.00
       0.18       0.10       0.06       0.05       0.04       0.02       0.01       0.01       0.03
       0.03       0.04       0.18       0.11       0.08       0.09       0.07       0.14       0.27
       0.02       0.08       0.12       0.10       0.09       0.14       0.30       0.24       0.43
       0.04       0.04       0.11       0.31       0.38       0.29       0.31       0.23       0.30
       0.04       0.07       0.15       0.31       0.26       0.17       0.27       0.22       0.14
       0.02       0.02       0.07       0.09       0.06       0.15       0.16       0.08       0.04
       0.03       0.03       0.01       0.04       0.34       0.32       0.05       0.02       0.01
   1123200    9   13
       0.13       0.39       0.35       0.14       0.25       0.16       0.16       0.14       0.05
       0.09       0.20       0.20       0.12       0.11       0.07       0.10       0.07       0.04
       0.15       0.30       0.31       0.10       0.11       0.02       0.14       0.09       0.19
       0.06       0.20       0.30       0.14       0.21       0.03       0.03       0.12       0.33
       0.03       0.10       0.10       0.10       0.28       0.02       0.01       0.08       0.21
       0.02       0.03       0.07       0.03       0.10       0.01       0.00       0.05       0.10
       0.03       0.01       0.01       0.01       0.02       0.01       0.00       0.00       0.01
       0.00       0.00       0.01       0.02       0.00       0.00       0.00       0.00       0.00
       0.01       0.00       0.00       0.00       0.00       0.01       0.01       0.01       0.00
       0.01       0.00       0.00       0.00       0.01       0.04       0.03       0.03       0.02
       0.00       0.01       0.02       0.02       0.02       0.03       0.01       0.01       0.01
       0.00       0.03       0.09       0.10       0.03       0.05       0.04       0.00       0.00
       0.00       0.04       0.08       0.12       0.24       0.30       0.07       0.00       0.00
   1209600    9   13
       0.25       0.58       0.69       0.40       0.44       0.47       0.56       0.35       0.25
       0.32       0.62       0.72       0.61       0.58       0.55       0.70       0.62       0.38
       0.44       1.01       1.03       0.87       0.89       0.65       0.80       0.73       0.68
       0.46       0.87       1.21       0.96       1.25       0.77       0.82       1.15       1.04
       0.62       0.85       1.24       1.13       1.58       0.96       0.69       1.18       1.03
       0.57       0.90       1.12       1.08       1.53       1.09       0.71       0.95       0.74
       0.32       0.46       0.46       0.73       1.09       0.98       0.56       0.62       0.72
       0.26       0.44       0.35       0.58       0.67       0.62       0.52       0.51       0.48
       0.14       0.32       0.28       0.56       0.39       0.23       0.39       0.48       0.41
       0.08       0.33       0.16       0.16       0.12       0.09       0.12       0.26       0.18
       0.07       0.27       0.19       0.07       0.03       0.02       0.01       0.02       0.02
       0.11       0.12       0.16       0.05       0.02       0.03       0.02       0.01       0.00
       0.20       0.20       0.12       0.06       0.09       0.14       0.10       0.06       0.00
   1296000    9   13
       0.25       0.15       0.29       0.28       0.26       0.27       0.25       0.27       0.23
       0.21       0.16       0.17       0.19       0.22       0.21       0.39       0.36       0.24
       0.20       0.23       0.17       0.19       0.23       0.28       0.35       0.44       0.41
       0.17       0.24       0.19       0.26       0.34       0.38       0.40       0.55       0.64
       0.16       0.18       0.23       0.27       0.37       0.36       0.33       0.47       0.63
       0.17       0.19       0.21       0.23       0.28       0.23       0.21       0.29       0.52
       0.19       0.22       0.18       0.24       0.23       0.16       0.20       0.19       0.34
       0.13       0.20       0.18       0.20       0.23       0.18       0.18       0.16       0.17
       0.04       0.12       0.14       0.18       0.20       0.16       0.12       0.09       0.10
       0.02       0.03       0.06       0.11       0.14       0.12       0.08       0.06       0.03
       0.04       0.05       0.03       0.07       0.13       0.12       0.05       0.02       0.03
       0.12       0.08       0.02       0.04       0.09       0.08       0.04       0.01       0.03
       0.01       0.02       0.02       0.04       0.09       0.07       0.06       0.03       0.01
