         0    9   13
       0.34       0.27       0.65       0.57       0.38       0.35       0.79       0.67       0.49
       0.30       0.24       0.39       0.53       0.29       0.35       0.66       0.52       0.38
       0.44       0.34       0.54       0.43       0.17       0.55       0.64       0.43       0.59
       0.22       0.36       0.47       0.59       0.49       0.38       0.57       0.61       0.71
       0.28       0.30       0.39       0.61       0.56       0.26       0.31       0.49       0.70
       0.41       0.28       0.24       0.25       0.22       0.17       0.21       0.26       0.38
       0.25       0.15       0.21       0.14       0.12       0.10       0.12       0.15       0.20
       0.14       0.17       0.16       0.05       0.04       0.05       0.06       0.17       0.18
       0.23       0.31       0.32       0.22       0.05       0.10       0.11       0.16       0.13
       0.22       0.25       0.29       0.34       0.14       0.18       0.16       0.18       0.15
       0.08       0.28       0.49       0.48       0.27       0.14       0.14       0.27       0.35
       0.09       0.43       0.71       0.70       0.46       0.47       0.28       0.17       0.20
       0.18       0.61       0.73       0.62       0.73       0.70       0.39       0.08       0.05
     86400    9   13
       0.30       0.15       0.74       0.74       0.51       0.52       0.82       0.71       0.52
       0.09       0.05       0.32       0.65       0.29       0.43       1.02       0.80       0.43
       0.20       0.25       0.31       0.44       0.29       0.57       0.90       0.43       0.28
       0.26       0.35       0.59       0.70       0.51       0.30       0.44       0.45       0.48
       0.29       0.32       0.58       0.85       0.71       0.23       0.28       0.49       0.47
       0.15       0.15       0.43       0.48       0.51       0.23       0.21       0.33       0.42
       0.17       0.13       0.29       0.38       0.38       0.35       0.34       0.27       0.20
       0.15       0.12       0.20       0.19       0.17       0.27       0.34       0.24       0.19
       0.06       0.09       0.12       0.11       0.11       0.18       0.20       0.14       0.24
       0.11       0.10       0.11       0.18       0.19       0.22       0.16       0.16       0.40
       0.24       0.14       0.23       0.27       0.17       0.10       0.16       0.14       0.24
       0.29       0.41       0.47       0.23       0.15       0.20       0.14       0.08       0.06
       0.36       0.43       0.30       0.23       0.49       0.39       0.16       0.13       0.02
    172800    9   13
       1.23       1.41       1.86       1.99       1.90       2.43       2.82       1.82       1.25
       2.06       1.73       2.05       2.78       2.67       2.09       2.09       1.51       1.03
       1.54       1.33       1.35       1.52       1.61       1.72       1.64       1.44       1.21
       1.26       1.05       1.17       1.35       1.74       1.88       1.46       1.39       1.34
       1.20       0.83       0.98       1.20       1.67       1.51       1.46       1.62       1.71
       0.83       0.71       0.84       1.04       1.41       1.36       1.35       1.48       1.67
       1.06       0.79       0.87       0.89       1.09       1.00       0.96       1.17       1.64
       0.83       0.72       0.92       0.77       0.77       0.68       0.67       0.84       1.01
       0.53       0.33       0.35       0.44       0.41       0.54       0.65       0.89       1.04
       0.24       0.24       0.26       0.45       0.63       0.80       0.79       0.85       1.32
       0.41       0.46       0.69       1.11       1.12       0.97       0.83       0.89       1.41
       0.60       0.77       1.26       1.48       1.23       1.11       0.74       0.67       0.80
       0.79       0.77       1.16       1.35       1.48       0.89       0.34       0.66       0.73
    259200    9   13
       0.33       0.47       0.76       1.17       1.42       1.81       2.62       2.29       1.78
       0.30       0.35       0.43       0.76       1.08       0.92       1.52       1.73       1.34
       0.36       0.39       0.30       0.51       0.66       0.54       0.68       0.90       1.16
       0.54       0.52       0.47       0.52       0.58       0.58       0.45       0.59       0.92
       0.59       0.45       0.57       0.60       0.68       0.81       0.61       0.51       0.70
       0.52       0.48       0.46       0.59       0.89       0.95       1.05       0.91       0.89
       0.59       0.65       0.57       0.73       0.95       0.96       1.20       1.33       1.08
       0.80       0.77       0.50       0.55       0.76       0.72       0.70       0.77       0.86
       0.63       0.59       0.57       0.64       0.50       0.38       0.33       0.39       0.60
       0.59       0.60       0.93       0.95       0.63       0.41       0.35       0.47       0.76
       0.90       0.79       0.88       0.82       0.75       0.71       0.64       0.89       1.20
       0.96       1.21       0.99       0.84       1.05       1.18       1.01       0.81       0.97
       1.36       1.74       1.63       1.59       1.60       1.47       1.14       0.83       0.76
    345600    9   13
       0.17       0.18       0.35       0.43       0.29       0.21       0.28       0.35       0.32
       0.34       0.34       0.36       0.46       0.26       0.30       0.51       0.49       0.37
       0.31       0.44       0.43       0.45       0.27       0.39       0.52       0.42       0.37
       0.29       0.43       0.47       0.65       0.42       0.26       0.26       0.45       0.35
       0.32       0.40       0.44       0.68       0.63       0.25       0.17       0.35       0.45
       0.22       0.38       0.39       0.50       0.53       0.28       0.21       0.25       0.43
       0.17       0.27       0.21       0.35       0.39       0.29       0.28       0.34       0.46
       0.20       0.29       0.24       0.24       0.26       0.17       0.23       0.27       0.26
       0.28       0.38       0.22       0.24       0.18       0.09       0.15       0.17       0.16
       0.36       0.42       0.30       0.30       0.24       0.10       0.04       0.01       0.02
       0.26       0.34       0.27       0.28       0.25       0.12       0.05       0.02       0.01
       0.12       0.23       0.25       0.27       0.20       0.14       0.07       0.01       0.00
       0.10       0.16       0.18       0.20       0.21       0.16       0.04       0.00       0.00
    432000    9   13
       0.16       0.16       0.34       0.28       0.21       0.16       0.29       0.43       0.43
       0.26       0.12       0.27       0.34       0.30       0.27       0.38       0.42       0.39
       0.20       0.15       0.22       0.32       0.25       0.44       0.61       0.41       0.47
       0.26       0.22       0.29       0.45       0.40       0.30       0.50       0.54       0.46
       0.12       0.16       0.24       0.36       0.43       0.27       0.31       0.70       0.91
       0.04       0.06       0.13       0.21       0.30       0.27       0.32       0.50       0.71
       0.02       0.04       0.06       0.18       0.25       0.21       0.22       0.25       0.27
       0.02       0.10       0.23       0.16       0.15       0.11       0.08       0.10       0.19
       0.06       0.15       0.16       0.13       0.06       0.02       0.05       0.03       0.07
       0.24       0.28       0.20       0.15       0.05       0.02       0.01       0.02       0.04
       0.23       0.32       0.31       0.23       0.11       0.02       0.02       0.02       0.01
       0.30       0.48       0.52       0.32       0.12       0.12       0.05       0.05       0.03
       0.18       0.27       0.35       0.27       0.38       0.20       0.05       0.01       0.04
    518400    9   13
       0.25       0.38       0.69       0.74       0.52       0.52       0.57       0.35       0.33
       0.27       0.14       0.37       0.56       0.46       0.67       0.95       0.51       0.42
       0.25       0.12       0.30       0.34       0.23       0.59       0.76       0.39       0.56
       0.11       0.08       0.19       0.39       0.08       0.22       0.56       0.27       0.32
       0.18       0.05       0.12       0.28       0.23       0.18       0.46       0.41       0.26
       0.25       0.04       0.06       0.10       0.31       0.28       0.39       0.58       0.55
       0.20       0.04       0.08       0.03       0.10       0.25       0.29       0.38       0.59
       0.09       0.18       0.16       0.03       0.01       0.04       0.13       0.15       0.30
       0.13       0.24       0.17       0.12       0.07       0.22       0.36       0.41       0.37
       0.06       0.12       0.17       0.16       0.20       0.32       0.45       0.57       0.76
       0.02       0.11       0.35       0.31       0.18       0.21       0.25       0.28       0.39
       0.07       0.31       0.54       0.42       0.17       0.17       0.24       0.08       0.14
       0.10       0.13       0.15       0.18       0.26       0.23       0.15       0.18       0.38
    604800    9   13
       0.29       0.18       0.49       0.40       0.42       0.66       0.31       0.13       0.02
       0.34       0.09       0.33       0.17       0.08       0.36       0.31       0.06       0.00
       0.28       0.18       0.14       0.03       0.05       0.43       0.18       0.02       0.02
       0.21       0.18       0.17       0.06       0.03       0.11       0.03       0.01       0.04
       0.16       0.15       0.25       0.10       0.07       0.05       0.02       0.03       0.09
       0.28       0.14       0.30       0.12       0.14       0.05       0.03       0.04       0.13
       0.08       0.20       0.30       0.23       0.17       0.05       0.03       0.05       0.09
       0.05       0.22       0.41       0.26       0.22       0.12       0.05       0.10       0.16
       0.14       0.18       0.18       0.39       0.38       0.24       0.12       0.28       0.41
       0.23       0.18       0.19       0.40       0.33       0.26       0.37       0.42       0.51
       0.24       0.17       0.19       0.32       0.31       0.18       0.39       0.29       0.21
       0.20       0.15       0.14       0.18       0.36       0.14       0.08       0.10       0.10
       0.28       0.11       0.15       0.25       0.54       0.18       0.07       0.09       0.09
    691200    9   13
       0.28       0.29       0.33       0.34       0.54       0.37       0.32       0.34       0.43
       0.29       0.19       0.41       0.40       0.55       0.59       0.65       0.76       0.49
       0.21       0.22       0.39       0.31       0.80       0.75       0.43       0.46       0.70
       0.38       0.40       0.38       0.47       0.61       0.79       0.31       0.27       0.79
       0.30       0.28       0.40       0.59       0.56       0.78       0.46       0.47       0.76
       0.37       0.29       0.36       0.50       0.85       0.57       0.54       0.65       0.85
       0.23       0.33       0.47       0.57       0.58       0.51       0.47       0.60       0.82
       0.16       0.23       0.47       0.54       0.78       0.52       0.48       0.76       0.86
       0.17       0.34       0.29       0.52       0.69       0.52       0.46       0.57       0.77
       0.32       0.18       0.23       0.47       0.45       0.60       0.56       0.61       0.80
       0.39       0.31       0.45       0.63       0.53       0.86       1.00       0.63       0.75
       0.60       0.59       0.38       0.47       0.57       0.86       0.83       0.57       0.44
       0.65       0.36       0.32       0.51       0.79       0.78       0.58       0.74       0.33
    777600    9   13
       0.32       0.23       0.55       0.61       0.70       0.55       0.57       0.49       0.52
       0.29       0.11       0.29       0.25       0.20       0.54       0.53       0.48       0.51
       0.35       0.27       0.27       0.13       0.19       0.64       0.59       0.48       0.77
       0.45       0.43       0.46       0.22       0.25       0.45       0.33       0.57       0.88
       0.26       0.18       0.59       0.34       0.18       0.35       0.34       0.71       0.86
       0.37       0.16       0.39       0.38       0.21       0.52       0.50       0.85       1.15
       0.33       0.33       0.32       0.38       0.19       0.45       0.48       0.54       0.42
       0.30       0.33       0.36       0.10       0.04       0.05       0.14       0.30       0.23
       0.18       0.20       0.14       0.03       0.06       0.09       0.16       0.20       0.19
       0.12       0.23       0.14       0.11       0.21       0.13       0.11       0.10       0.16
       0.21       0.30       0.25       0.21       0.15       0.09       0.13       0.32       0.24
       0.22       0.24       0.37       0.36       0.21       0.18       0.19       0.33       0.23
       0.10       0.17       0.37       0.37       0.33       0.14       0.07       0.25       0.23
    864000    9   13
       0.30       0.31       0.45       0.27       0.42       0.54       0.59       0.69       0.52
       0.14       0.44       0.65       0.35       0.37       0.69       0.65       0.46       0.55
       0.08       0.30       0.76       0.50       0.59       0.74       0.61       0.42       0.83
       0.05       0.13       0.35       0.31       0.57       0.79       0.41       0.37       0.79
       0.06       0.12       0.36       0.36       0.27       0.65       0.40       0.25       0.58
       0.17       0.17       0.35       0.40       0.30       0.44       0.38       0.21       0.42
       0.19       0.13       0.21       0.36       0.28       0.34       0.30       0.21       0.42
       0.19       0.21       0.44       0.42       0.37       0.34       0.17       0.28       0.48
       0.29       0.34       0.60       0.45       0.32       0.26       0.09       0.19       0.39
       0.49       0.60       0.64       0.59       0.45       0.30       0.16       0.26       0.41
       0.40       0.62       0.58       0.49       0.43       0.48       0.55       0.69       0.86
       0.41       0.38       0.38       0.27       0.41       0.59       0.73       0.72       0.61
       0.18       0.27       0.41       0.47       0.67       0.72       0.98       0.79       0.45
    950400    9   13
       0.70       0.88       1.14       1.03       0.97       0.78       0.64       0.42       0.41
       1.32       1.34       1.42       1.02       0.86       0.89       0.80       0.67       0.59
       0.99       1.12       1.42       1.14       1.14       1.25       1.17       1.00       0.91
       1.34       1.48       1.81       1.66       1.54       1.51       1.20       1.46       1.83
       3.80       3.33       2.68       2.31       1.88       1.83       1.74       2.59       2.52
       4.32       3.63       2.94       2.74       2.52       3.01       3.19       3.08       2.99
       3.72       3.35       3.36       4.01       4.84       3.52       2.65       3.02       3.12
       2.74       3.32       3.87       2.55       2.07       1.91       2.43       2.90       1.96
       1.84       2.14       1.67       0.97       0.75       0.97       1.48       1.52       1.34
       1.34       1.31       0.73       0.59       0.60       0.68       0.53       0.39       0.51
       0.98       0.77       0.63       0.60       0.35       0.35       0.30       0.26       0.42
       0.66       0.47       0.51       0.57       0.31       0.24       0.19       0.15       0.26
       0.17       0.16       0.28       0.57       0.57       0.25       0.17       0.19       0.36
   1036800    9   13
       0.38       0.39       0.34       0.35       0.33       0.39       0.40       0.33       0.37
       0.53       0.40       0.26       0.34       0.38       0.46       0.39       0.46       0.46
       0.55       0.50       0.35       0.32       0.38       0.50       0.47       0.33       0.33
       0.97       0.53       0.38       0.25       0.30       0.37       0.51       0.54       0.27
       1.66       1.03       0.62       0.26       0.32       0.52       0.53       0.44       0.31
       0.43       0.40       0.57       0.46       0.20       0.40       0.75       0.65       0.34
       0.36       0.23       0.35       0.58       0.65       0.47       0.42       0.53       0.43
       0.60       0.43       0.32       0.26       0.53       0.58       0.38       0.27       0.30
       0.70       0.51       0.39       0.31       0.16       0.25       0.21       0.24       0.30
       0.55       0.47       0.53       0.28       0.26       0.21       0.17       0.20       0.31
       0.32       0.33       0.69       0.40       0.17       0.11       0.12       0.16       0.30
       0.39       0.27       0.48       0.75       0.64       0.33       0.09       0.09       0.32
       0.47       0.35       0.43       0.61       0.95       0.51       0.12       0.14       0.48
   1123200    9   13
       0.43       0.50       0.48       0.42       0.38       0.35       0.62       0.56       0.32
       0.62       0.58       0.66       0.48       0.60       0.47       0.54       0.46       0.52
       0.48       0.40       0.55       0.27       0.45       0.35       0.39       0.45       0.72
       0.69       0.35       0.31       0.18       0.40       0.24       0.28       0.44       0.54
       0.62       0.40       0.24       0.30       0.41       0.27       0.28       0.35       0.33
       0.46       0.39       0.20       0.46       0.45       0.28       0.42       0.42       0.46
       0.51       0.32       0.23       0.23       0.27       0.38       0.66       0.57       0.54
       0.63       0.34       0.24       0.24       0.35       0.60       0.88       0.71       0.57
       0.74       0.69       0.23       0.22       0.20       0.38       0.63       0.60       0.58
       0.65       0.70       0.57       0.34       0.16       0.27       0.49       0.59       0.51
       0.74       0.63       0.82       0.61       0.30       0.33       0.32       0.56       0.51
       1.09       0.91       0.89       0.72       0.44       0.40       0.30       0.48       0.46
       0.84       1.01       1.16       0.90       0.46       0.33       0.37       0.42       0.46
   1209600    9   13
       0.34       0.56       0.60       0.31       0.34       0.32       0.27       0.39       0.38
       0.43       0.68       0.69       0.40       0.34       0.33       0.25       0.24       0.19
       0.67       0.72       0.71       0.49       0.60       0.41       0.28       0.28       0.29
       0.74       0.69       0.72       0.67       0.71       0.48       0.45       0.51       0.33
       0.70       0.85       0.66       0.84       0.76       0.65       0.78       0.73       0.61
       0.75       0.93       0.68       0.77       0.69       0.49       0.76       0.89       0.91
       0.78       0.97       0.95       0.74       0.57       0.49       0.76       0.87       0.90
       0.80       0.95       0.96       0.73       0.49       0.64       0.89       0.90       0.94
       0.98       1.05       0.98       0.95       0.73       0.66       0.99       0.93       0.98
       1.21       1.15       0.96       0.96       0.76       0.74       0.87       0.70       0.66
       1.45       1.19       0.89       0.80       0.70       0.71       0.71       0.60       0.58
       1.27       0.88       0.82       0.81       0.73       0.45       0.44       0.44       0.30
       0.89       0.81       0.78       0.90       0.63       0.28       0.40       0.36       0.17
   1296000    9   13
       0.42       0.55       0.68       0.72       0.70       0.69       0.64       0.61       0.37
       0.39       0.32       0.48       0.53       0.39       0.92       0.96       0.51       0.41
       0.48       0.21       0.57       0.62       0.23       0.98       0.80       0.35       0.55
       0.25       0.23       0.38       0.39       0.55       0.73       0.66       0.34       0.38
       0.35       0.36       0.38       0.50       0.71       0.63       0.41       0.34       0.33
       0.36       0.47       0.68       0.62       0.84       0.77       0.70       0.67       0.71
       0.33       0.65       0.81       0.49       0.55       0.60       0.69       0.69       0.55
       0.32       0.64       0.85       0.50       0.35       0.69       0.80       0.69       0.52
       0.43       0.65       0.86       0.91       0.83       0.98       0.96       1.16       1.05
       0.82       1.07       1.52       1.64       1.66       1.39       1.15       1.42       1.54
       0.86       1.34       1.69       1.57       1.35       0.74       0.76       1.05       1.27
       1.02       1.49       1.55       1.25       0.96       0.59       0.46       0.52       0.82
       1.03       0.96       0.99       0.81       0.90       0.65       0.32       0.37       0.57
