         0    9   13
       0.00       0.00       0.00       0.00       0.00       0.00       0.00       0.00       0.01
       0.00       0.00       0.00       0.00       0.00       0.00       0.01       0.01       0.00
       0.00       0.00       0.00       0.01       0.01       0.08       0.05       0.09       0.08
       0.00       0.00       0.01       0.04       0.04       0.10       0.07       0.17       0.19
       0.01       0.03       0.02       0.07       0.05       0.07       0.02       0.16       0.26
       0.04       0.05       0.02       0.02       0.02       0.02       0.00       0.09       0.17
       0.03       0.02       0.02       0.02       0.07       0.05       0.01       0.00       0.04
       0.05       0.07       0.09       0.05       0.05       0.02       0.01       0.00       0.01
       0.09       0.13       0.09       0.04       0.03       0.01       0.01       0.00       0.00
       0.10       0.11       0.06       0.10       0.12       0.01       0.01       0.00       0.01
       0.03       0.05       0.15       0.22       0.09       0.04       0.04       0.00       0.01
       0.05       0.07       0.14       0.18       0.16       0.13       0.12       0.01       0.00
       0.02       0.04       0.11       0.18       0.18       0.07       0.07       0.01       0.00
     86400    9   13
       0.01       0.00       0.00       0.00       0.00       0.01       0.02       0.06       0.07
       0.00       0.00       0.00       0.00       0.00       0.04       0.02       0.03       0.09
       0.00       0.01       0.01       0.03       0.10       0.28       0.15       0.21       0.44
       0.00       0.01       0.07       0.08       0.14       0.33       0.12       0.20       0.41
       0.00       0.00       0.05       0.03       0.11       0.25       0.14       0.23       0.33
       0.01       0.02       0.06       0.01       0.11       0.22       0.15       0.15       0.19
       0.03       0.03       0.06       0.03       0.07       0.08       0.03       0.07       0.10
       0.03       0.05       0.10       0.07       0.05       0.02       0.00       0.03       0.05
       0.07       0.10       0.05       0.03       0.06       0.03       0.00       0.01       0.02
       0.07       0.07       0.06       0.14       0.15       0.03       0.00       0.02       0.04
       0.02       0.03       0.13       0.18       0.08       0.02       0.02       0.01       0.03
       0.02       0.04       0.11       0.11       0.10       0.07       0.07       0.01       0.00
       0.05       0.05       0.09       0.14       0.19       0.10       0.11       0.03       0.00
    172800    9   13
       0.02       0.02       0.00       0.00       0.00       0.01       0.02       0.01       0.01
       0.01       0.00       0.00       0.01       0.01       0.03       0.02       0.01       0.03
       0.00       0.00       0.01       0.04       0.14       0.28       0.08       0.03       0.23
       0.02       0.01       0.03       0.07       0.29       0.42       0.11       0.23       0.59
       0.02       0.02       0.04       0.07       0.29       0.43       0.14       0.31       0.53
       0.03       0.03       0.04       0.05       0.16       0.30       0.17       0.26       0.33
       0.04       0.03       0.07       0.09       0.15       0.21       0.09       0.12       0.22
       0.02       0.11       0.15       0.11       0.15       0.10       0.01       0.01       0.04
       0.07       0.18       0.10       0.06       0.14       0.07       0.01       0.01       0.02
       0.07       0.11       0.07       0.18       0.27       0.11       0.04       0.07       0.05
       0.03       0.05       0.07       0.17       0.26       0.28       0.16       0.06       0.10
       0.02       0.08       0.10       0.10       0.10       0.30       0.34       0.08       0.08
       0.05       0.13       0.12       0.21       0.21       0.28       0.26       0.13       0.02
    259200    9   13
       0.12       0.17       0.21       0.11       0.19       0.19       0.17       0.32       0.27
       0.16       0.26       0.20       0.17       0.03       0.03       0.06       0.17       0.11
       0.23       0.23       0.16       0.32       0.13       0.17       0.61       0.25       0.15
       0.32       0.28       0.24       0.51       0.27       0.22       0.35       0.23       0.59
       0.22       0.21       0.16       0.23       0.24       0.09       0.05       0.33       0.73
       0.25       0.10       0.09       0.21       0.29       0.09       0.07       0.14       0.42
       0.27       0.13       0.10       0.26       0.25       0.21       0.05       0.11       0.28
       0.12       0.15       0.28       0.18       0.14       0.26       0.12       0.15       0.36
       0.17       0.26       0.30       0.14       0.12       0.17       0.14       0.18       0.25
       0.36       0.34       0.28       0.14       0.35       0.29       0.07       0.12       0.22
       0.11       0.14       0.28       0.25       0.34       0.33       0.19       0.23       0.23
       0.09       0.28       0.47       0.45       0.37       0.60       0.47       0.12       0.06
       0.36       0.43       0.57       0.55       0.67       0.57       0.48       0.29       0.04
    345600    9   13
       0.35       0.34       0.35       0.34       0.33       0.34       0.33       0.38       0.32
       0.42       0.43       0.34       0.24       0.32       0.34       0.37       0.41       0.43
       0.39       0.45       0.38       0.23       0.35       0.39       0.46       0.57       0.61
       0.37       0.34       0.38       0.24       0.35       0.43       0.34       0.58       0.85
       0.39       0.29       0.16       0.22       0.33       0.19       0.20       0.54       0.93
       0.29       0.23       0.18       0.28       0.27       0.18       0.21       0.46       0.68
       0.27       0.22       0.24       0.26       0.32       0.25       0.35       0.53       0.69
       0.22       0.16       0.23       0.21       0.24       0.41       0.43       0.47       0.58
       0.42       0.42       0.32       0.31       0.24       0.39       0.41       0.46       0.52
       0.59       0.45       0.44       0.51       0.46       0.30       0.34       0.37       0.51
       0.12       0.12       0.28       0.50       0.36       0.20       0.21       0.30       0.48
       0.04       0.20       0.17       0.43       0.25       0.25       0.23       0.20       0.34
       0.05       0.08       0.16       0.18       0.23       0.17       0.20       0.11       0.14
    432000    9   13
       0.07       0.16       0.15       0.04       0.09       0.14       0.14       0.16       0.16
       0.16       0.22       0.12       0.04       0.01       0.03       0.11       0.14       0.32
       0.15       0.22       0.14       0.02       0.04       0.10       0.11       0.19       0.39
       0.14       0.22       0.21       0.04       0.13       0.11       0.09       0.24       0.36
       0.16       0.24       0.20       0.08       0.21       0.06       0.12       0.33       0.43
       0.09       0.15       0.06       0.07       0.26       0.09       0.15       0.29       0.41
       0.09       0.06       0.02       0.14       0.24       0.17       0.18       0.26       0.25
       0.19       0.12       0.13       0.17       0.10       0.12       0.13       0.19       0.20
       0.27       0.28       0.14       0.24       0.13       0.05       0.04       0.08       0.11
       0.51       0.42       0.41       0.52       0.35       0.18       0.09       0.17       0.20
       0.34       0.49       0.68       0.74       0.55       0.33       0.24       0.22       0.30
       0.39       0.61       0.59       0.70       0.56       0.50       0.32       0.19       0.17
       0.66       0.77       0.82       0.95       0.83       0.63       0.47       0.18       0.05
    518400    9   13
       0.40       0.32       0.04       0.11       0.23       0.22       0.08       0.02       0.00
       0.40       0.24       0.20       0.23       0.08       0.11       0.08       0.01       0.03
       0.49       0.14       0.24       0.43       0.16       0.10       0.07       0.03       0.14
       0.61       0.19       0.21       0.36       0.20       0.14       0.05       0.08       0.18
       0.83       0.42       0.45       0.28       0.22       0.21       0.12       0.21       0.43
       0.89       0.54       0.51       0.12       0.13       0.33       0.39       0.30       0.36
       0.55       0.32       0.67       0.12       0.15       0.35       0.29       0.12       0.11
       0.22       0.33       0.46       0.11       0.09       0.14       0.06       0.01       0.00
       0.29       0.31       0.14       0.05       0.07       0.07       0.01       0.00       0.04
       0.40       0.42       0.22       0.19       0.11       0.04       0.03       0.09       0.20
       0.41       0.24       0.27       0.35       0.09       0.03       0.33       0.49       0.53
       0.49       0.12       0.09       0.14       0.04       0.08       0.28       0.46       0.53
       0.62       0.30       0.08       0.07       0.11       0.07       0.19       0.40       0.18
    604800    9   13
       0.20       0.34       0.28       0.18       0.27       0.22       0.08       0.12       0.06
       0.38       0.44       0.54       0.46       0.32       0.27       0.24       0.20       0.10
       0.47       0.32       0.51       0.50       0.41       0.51       0.28       0.19       0.32
       0.22       0.29       0.59       0.54       0.49       0.47       0.24       0.29       0.57
       0.25       0.21       0.45       0.59       0.42       0.49       0.27       0.26       0.48
       0.31       0.14       0.22       0.32       0.40       0.57       0.43       0.17       0.12
       0.40       0.26       0.21       0.35       0.45       0.58       0.39       0.23       0.29
       0.26       0.37       0.40       0.21       0.27       0.28       0.13       0.15       0.38
       0.32       0.42       0.42       0.22       0.17       0.26       0.15       0.16       0.27
       0.41       0.30       0.26       0.24       0.20       0.35       0.33       0.31       0.29
       0.29       0.41       0.53       0.52       0.46       0.46       0.65       0.41       0.26
       0.48       0.64       0.70       0.68       0.51       0.48       0.38       0.33       0.31
       0.73       0.64       0.53       0.54       0.76       0.59       0.24       0.26       0.27
    691200    9   13
       0.23       0.15       0.18       0.20       0.24       0.23       0.21       0.38       0.43
       0.26       0.18       0.32       0.17       0.21       0.33       0.30       0.37       0.54
       0.15       0.18       0.27       0.24       0.29       0.52       0.43       0.34       0.55
       0.23       0.23       0.30       0.22       0.21       0.63       0.42       0.35       0.69
       0.29       0.26       0.33       0.32       0.21       0.27       0.14       0.31       0.64
       0.37       0.17       0.25       0.26       0.36       0.28       0.13       0.32       0.58
       0.40       0.22       0.25       0.20       0.49       0.32       0.09       0.27       0.29
       0.30       0.30       0.26       0.07       0.28       0.31       0.09       0.08       0.05
       0.31       0.34       0.15       0.09       0.28       0.24       0.22       0.22       0.11
       0.28       0.21       0.12       0.22       0.47       0.50       0.36       0.30       0.22
       0.20       0.16       0.20       0.39       0.57       0.49       0.36       0.29       0.29
       0.20       0.28       0.35       0.38       0.40       0.47       0.50       0.18       0.16
       0.37       0.56       0.69       0.54       0.48       0.28       0.30       0.21       0.11
    777600    9   13
       0.13       0.20       0.28       0.18       0.33       0.55       0.50       0.57       0.42
       0.22       0.23       0.26       0.34       0.34       0.41       0.58       0.56       0.27
       0.38       0.40       0.37       0.38       0.63       0.67       0.76       0.54       0.37
       0.39       0.43       0.60       0.54       0.72       1.02       0.77       0.96       0.88
       0.29       0.46       0.71       0.71       0.59       0.71       0.57       0.64       0.62
       0.34       0.39       0.51       0.40       0.65       0.75       0.61       0.61       0.58
       0.32       0.23       0.30       0.18       0.46       0.48       0.41       0.51       0.66
       0.24       0.26       0.22       0.12       0.27       0.33       0.39       0.52       0.62
       0.31       0.26       0.18       0.15       0.21       0.27       0.32       0.43       0.56
       0.44       0.23       0.13       0.17       0.19       0.20       0.21       0.22       0.23
       0.26       0.14       0.20       0.19       0.17       0.18       0.24       0.22       0.21
       0.35       0.33       0.30       0.29       0.18       0.23       0.29       0.25       0.19
       0.36       0.41       0.37       0.33       0.30       0.23       0.28       0.27       0.19
    864000    9   13
       0.41       0.78       0.81       0.69       0.75       0.59       0.48       0.49       0.40
       0.11       0.26       0.39       0.45       0.57       0.67       0.77       0.80       0.70
       0.13       0.15       0.28       0.35       0.47       0.52       0.54       0.90       0.79
       0.17       0.20       0.30       0.29       0.46       0.43       0.43       0.89       0.63
       0.27       0.33       0.35       0.38       0.62       0.49       0.57       0.75       0.80
       0.47       0.49       0.46       0.24       0.61       0.39       0.30       0.28       0.81
       0.74       0.63       0.62       0.20       0.46       0.34       0.16       0.16       0.51
       0.68       0.77       0.73       0.43       0.38       0.37       0.16       0.18       0.42
       0.49       0.67       0.46       0.44       0.53       0.51       0.21       0.22       0.44
       0.41       0.50       0.44       0.55       0.61       0.66       0.28       0.45       0.56
       0.15       0.37       0.58       0.70       0.70       0.70       0.41       0.40       0.53
       0.05       0.30       0.64       0.61       0.56       0.58       0.51       0.31       0.21
       0.23       0.53       0.78       0.83       0.79       0.66       0.61       0.41       0.27
    950400    9   13
       0.09       0.19       0.45       0.55       0.53       0.50       0.44       0.35       0.27
       0.21       0.13       0.49       0.48       0.38       0.54       0.44       0.27       0.30
       0.34       0.10       0.22       0.41       0.41       0.71       0.54       0.34       0.60
       0.32       0.24       0.31       0.48       0.74       0.90       0.62       0.61       0.84
       0.44       0.32       0.58       0.37       0.31       0.74       0.55       0.72       0.99
       0.68       0.37       0.59       0.22       0.15       0.66       0.61       0.63       0.70
       0.77       0.29       0.40       0.25       0.19       0.64       0.48       0.42       0.61
       0.39       0.28       0.41       0.21       0.08       0.12       0.12       0.09       0.13
       0.34       0.35       0.26       0.07       0.04       0.04       0.03       0.05       0.09
       0.38       0.32       0.13       0.03       0.06       0.13       0.25       0.21       0.23
       0.25       0.23       0.10       0.04       0.05       0.15       0.39       0.23       0.19
       0.31       0.19       0.12       0.09       0.07       0.09       0.30       0.23       0.10
       0.27       0.24       0.16       0.12       0.13       0.13       0.28       0.38       0.13
   1036800    9   13
       0.29       0.24       0.32       0.35       0.36       0.46       0.57       0.64       0.49
       0.37       0.30       0.36       0.21       0.23       0.66       0.79       0.79       0.65
       0.55       0.41       0.32       0.16       0.33       0.84       0.71       0.62       0.66
       0.57       0.46       0.40       0.28       0.25       0.60       0.56       0.55       0.60
       0.66       0.44       0.51       0.36       0.25       0.37       0.53       0.64       0.49
       0.77       0.34       0.54       0.39       0.32       0.57       0.54       0.63       0.70
       0.65       0.27       0.48       0.30       0.30       0.51       0.38       0.28       0.66
       0.32       0.24       0.27       0.23       0.12       0.12       0.08       0.13       0.45
       0.26       0.20       0.14       0.17       0.22       0.21       0.14       0.15       0.28
       0.23       0.33       0.28       0.22       0.33       0.40       0.26       0.22       0.25
       0.19       0.41       0.54       0.37       0.26       0.17       0.23       0.38       0.30
       0.39       0.71       0.73       0.52       0.34       0.38       0.23       0.26       0.24
       0.62       0.68       0.60       0.52       0.58       0.50       0.29       0.14       0.13
   1123200    9   13
       0.36       0.45       0.75       0.66       0.58       0.49       0.58       1.40       2.36
       0.32       0.22       0.58       0.59       0.70       0.58       0.74       0.89       1.46
       0.41       0.16       0.67       0.68       0.69       0.90       0.87       0.86       1.13
       0.50       0.42       0.71       0.55       0.51       0.63       0.85       0.85       0.79
       0.51       0.53       0.76       0.63       0.61       0.70       0.96       0.78       0.82
       0.46       0.49       0.75       0.54       0.49       0.62       0.77       0.77       0.95
       0.34       0.38       0.46       0.37       0.35       0.30       0.35       0.58       0.98
       0.17       0.16       0.23       0.06       0.08       0.09       0.27       0.57       1.02
       0.14       0.07       0.05       0.04       0.04       0.07       0.24       0.43       1.02
       0.19       0.12       0.10       0.14       0.21       0.14       0.29       0.42       0.71
       0.12       0.19       0.21       0.21       0.26       0.17       0.23       0.69       0.86
       0.38       0.47       0.44       0.39       0.48       0.33       0.12       0.58       0.61
       0.50       0.79       0.74       0.66       0.88       0.48       0.24       0.36       0.54
   1209600    9   13
       0.68       0.55       0.61       0.52       0.31       0.67       0.89       0.96       0.70
       0.69       0.57       0.58       0.47       0.39       0.41       0.61       0.68       0.60
       0.62       0.51       0.62       0.38       0.44       0.50       0.48       0.50       0.45
       0.38       0.26       0.50       0.46       0.52       0.41       0.41       0.37       0.38
       0.46       0.32       0.59       0.52       0.45       0.35       0.40       0.35       0.35
       0.80       0.72       1.35       0.93       0.56       0.55       0.38       0.45       0.42
       0.52       0.62       1.01       1.04       0.68       0.69       0.42       0.43       0.49
       0.19       0.38       0.54       0.93       0.73       0.99       0.59       0.41       0.33
       0.29       0.54       0.69       1.11       1.22       0.94       0.82       0.49       0.34
       0.65       0.72       0.96       1.47       1.73       1.20       0.76       0.62       0.60
       0.77       0.56       0.45       0.76       0.85       0.74       0.49       0.48       0.44
       0.96       0.97       0.92       1.09       0.97       0.67       0.58       0.43       0.44
       1.49       1.09       1.07       1.26       1.19       0.82       0.71       0.70       0.87
   1296000    9   13
       0.35       0.51       0.54       0.50       0.50       0.45       0.51       0.54       0.39
       0.49       0.63       0.59       0.63       0.46       0.56       0.60       0.52       0.60
       0.64       0.67       0.67       0.64       0.53       0.85       0.74       0.62       0.72
       0.66       0.69       0.65       0.76       0.67       0.92       1.00       0.65       0.74
       0.57       0.55       0.53       0.62       0.50       0.47       0.65       0.61       0.65
       0.38       0.30       0.41       0.43       0.49       0.55       0.75       0.81       0.73
       0.22       0.34       0.56       0.46       0.57       0.67       0.63       0.60       0.53
       0.38       0.45       0.49       0.49       0.28       0.27       0.30       0.44       0.42
       0.40       0.45       0.39       0.39       0.16       0.10       0.24       0.42       0.32
       0.74       0.40       0.27       0.30       0.24       0.07       0.13       0.29       0.32
       0.71       0.25       0.25       0.36       0.36       0.11       0.09       0.15       0.17
       0.31       0.30       0.37       0.30       0.23       0.15       0.18       0.07       0.05
       0.31       0.32       0.34       0.21       0.30       0.21       0.15       0.11       0.07
