         0    9   13
       2.25       3.31       3.48       1.85       1.45       1.24       1.44       1.68       1.70
       2.12       3.69       4.07       1.78       1.80       1.49       1.78       1.65       1.17
       2.21       3.03       3.02       2.09       2.26       1.95       1.74       0.98       1.08
       2.29       2.03       2.48       2.47       2.76       3.06       1.68       1.01       2.04
       1.64       1.74       1.87       1.76       1.89       2.72       1.49       1.79       2.47
       1.41       1.52       1.21       1.28       1.58       2.20       2.03       1.99       1.63
       1.37       1.53       1.27       1.31       1.69       2.13       2.00       1.40       1.13
       1.31       1.45       1.56       1.55       1.49       1.40       1.35       1.31       1.64
       1.07       1.36       1.38       1.34       1.22       1.28       1.41       1.34       1.77
       0.95       1.33       1.25       1.25       1.51       1.73       1.56       1.10       1.22
       0.67       1.00       1.26       1.45       1.37       1.17       1.25       0.86       0.84
       0.48       0.80       1.20       1.37       1.03       1.00       0.91       1.02       0.89
       0.24       0.57       0.91       1.04       1.08       1.08       0.60       0.84       0.71
     86400    9   13
       0.56       0.24       0.42       0.37       0.40       0.40       0.58       0.71       0.55
       0.49       0.25       0.37       0.49       0.43       0.32       0.39       0.51       0.57
       0.30       0.44       0.50       0.47       0.30       0.28       0.47       0.60       1.01
       0.21       0.26       0.26       0.24       0.21       0.18       0.43       0.85       1.01
       0.17       0.14       0.12       0.16       0.15       0.15       0.49       0.68       0.55
       0.18       0.17       0.13       0.18       0.14       0.21       0.45       0.42       0.40
       0.13       0.12       0.10       0.20       0.21       0.14       0.13       0.15       0.20
       0.07       0.08       0.08       0.12       0.11       0.04       0.07       0.15       0.20
       0.04       0.04       0.04       0.04       0.02       0.04       0.16       0.28       0.33
       0.03       0.02       0.02       0.01       0.01       0.08       0.23       0.35       0.25
       0.01       0.05       0.04       0.02       0.01       0.04       0.09       0.12       0.09
       0.07       0.15       0.12       0.04       0.03       0.10       0.06       0.02       0.10
       0.14       0.29       0.27       0.13       0.10       0.24       0.18       0.13       0.09
    172800    9   13
       0.09       0.10       0.14       0.10       0.09       0.11       0.17       0.13       0.10
       0.14       0.16       0.21       0.15       0.05       0.10       0.19       0.21       0.26
       0.22       0.22       0.23       0.13       0.07       0.22       0.42       0.27       0.38
       0.16       0.18       0.16       0.09       0.06       0.21       0.33       0.31       0.39
       0.20       0.16       0.15       0.14       0.10       0.20       0.32       0.34       0.30
       0.19       0.14       0.15       0.16       0.21       0.28       0.30       0.30       0.22
       0.16       0.14       0.16       0.29       0.34       0.29       0.29       0.25       0.18
       0.16       0.20       0.27       0.32       0.31       0.25       0.33       0.27       0.27
       0.26       0.30       0.27       0.26       0.27       0.36       0.43       0.22       0.33
       0.21       0.25       0.33       0.38       0.50       0.70       0.45       0.26       0.44
       0.18       0.38       0.49       0.48       0.50       0.37       0.38       0.43       0.45
       0.42       0.61       0.62       0.45       0.37       0.29       0.24       0.36       0.39
       0.62       0.66       0.47       0.35       0.45       0.35       0.15       0.28       0.28
    259200    9   13
       0.14       0.30       0.15       0.07       0.03       0.30       0.39       0.16       0.09
       0.20       0.38       0.10       0.01       0.01       0.48       0.33       0.33       0.39
       0.10       0.31       0.11       0.13       0.12       0.27       0.28       0.37       0.38
       0.05       0.18       0.10       0.42       0.33       0.17       0.45       0.43       0.48
       0.04       0.04       0.10       0.45       0.21       0.14       0.41       0.50       0.50
       0.08       0.12       0.08       0.38       0.20       0.14       0.45       0.56       0.55
       0.08       0.12       0.11       0.17       0.15       0.19       0.55       0.48       0.43
       0.06       0.08       0.20       0.13       0.06       0.23       0.44       0.51       0.32
       0.15       0.24       0.24       0.05       0.09       0.33       0.47       0.74       0.50
       0.36       0.21       0.07       0.07       0.20       0.45       0.44       0.56       0.50
       0.12       0.09       0.07       0.16       0.24       0.38       0.39       0.33       0.43
       0.05       0.06       0.06       0.14       0.09       0.18       0.40       0.31       0.34
       0.09       0.07       0.09       0.11       0.14       0.30       0.31       0.32       0.41
    345600    9   13
       0.15       0.13       0.35       0.47       0.66       0.81       0.47       0.32       0.34
       0.35       0.51       0.87       0.96       1.03       1.30       0.80       0.41       0.31
       0.54       0.93       1.42       1.55       1.44       1.39       0.89       0.66       0.50
       0.84       0.93       1.20       2.04       2.77       1.21       0.72       0.58       0.34
       1.08       0.83       0.96       1.68       1.83       1.44       0.82       0.39       0.17
       1.05       0.79       0.91       1.07       1.02       1.18       0.71       0.33       0.09
       1.40       1.03       0.64       0.54       0.85       0.80       0.51       0.45       0.41
       0.83       0.89       0.37       0.52       0.72       0.49       0.17       0.21       0.36
       0.56       0.46       0.30       0.52       0.32       0.14       0.14       0.10       0.08
       0.41       0.39       0.36       0.32       0.21       0.22       0.19       0.06       0.04
       0.27       0.24       0.36       0.40       0.28       0.15       0.13       0.11       0.17
       0.20       0.21       0.24       0.33       0.32       0.18       0.14       0.10       0.21
       0.17       0.26       0.28       0.29       0.28       0.20       0.15       0.17       0.18
    432000    9   13
       0.07       0.11       0.17       0.14       0.12       0.07       0.05       0.12       0.32
       0.14       0.30       0.35       0.29       0.27       0.09       0.05       0.05       0.10
       0.29       0.44       0.45       0.37       0.40       0.24       0.07       0.07       0.13
       0.49       0.51       0.47       0.38       0.28       0.20       0.09       0.07       0.22
       0.34       0.30       0.50       0.39       0.38       0.34       0.15       0.23       0.43
       0.08       0.06       0.29       0.30       0.43       0.39       0.18       0.34       0.49
       0.18       0.08       0.09       0.38       0.50       0.47       0.27       0.34       0.61
       0.22       0.18       0.17       0.37       0.41       0.36       0.34       0.37       0.68
       0.12       0.17       0.25       0.30       0.22       0.37       0.41       0.46       0.61
       0.13       0.16       0.34       0.43       0.35       0.65       0.54       0.57       0.64
       0.25       0.37       0.61       0.58       0.47       0.44       0.64       0.72       0.77
       0.39       0.70       0.81       0.65       0.41       0.38       0.56       0.60       0.70
       0.47       0.67       0.85       0.73       0.60       0.47       0.36       0.60       0.52
    518400    9   13
       0.40       0.43       0.51       0.35       0.47       0.38       0.22       0.11       0.02
       0.23       0.29       0.54       0.38       0.36       0.42       0.38       0.12       0.13
       0.18       0.25       0.39       0.24       0.34       0.53       0.28       0.32       0.50
       0.11       0.21       0.37       0.29       0.31       0.45       0.23       0.27       0.39
       0.09       0.29       0.60       0.35       0.32       0.40       0.36       0.41       0.76
       0.10       0.15       0.57       0.35       0.40       0.38       0.48       0.62       0.82
       0.14       0.08       0.22       0.26       0.62       0.45       0.38       0.66       0.77
       0.08       0.09       0.10       0.14       0.59       0.42       0.45       0.75       0.96
       0.07       0.03       0.02       0.14       0.64       0.46       0.61       0.70       0.86
       0.10       0.02       0.01       0.14       0.65       0.49       0.43       0.56       0.72
       0.09       0.07       0.02       0.11       0.34       0.40       0.57       0.48       0.61
       0.14       0.10       0.01       0.06       0.34       0.40       0.56       0.72       0.82
       0.10       0.05       0.04       0.10       0.58       0.47       0.46       0.86       0.84
    604800    9   13
       0.15       0.07       0.08       0.09       0.16       0.15       0.11       0.07       0.05
       0.24       0.11       0.13       0.13       0.03       0.09       0.08       0.02       0.10
       0.48       0.41       0.27       0.25       0.09       0.32       0.18       0.05       0.34
       0.22       0.22       0.21       0.31       0.09       0.20       0.15       0.10       0.54
       0.18       0.16       0.20       0.26       0.08       0.03       0.10       0.35       0.42
       0.14       0.05       0.16       0.17       0.03       0.01       0.18       0.45       0.28
       0.15       0.08       0.08       0.07       0.03       0.03       0.07       0.28       0.20
       0.07       0.03       0.05       0.05       0.03       0.03       0.02       0.10       0.14
       0.17       0.18       0.14       0.04       0.02       0.02       0.02       0.08       0.12
       0.25       0.14       0.07       0.03       0.09       0.27       0.18       0.12       0.16
       0.10       0.05       0.06       0.20       0.38       0.36       0.31       0.33       0.21
       0.01       0.02       0.03       0.28       0.34       0.19       0.28       0.43       0.37
       0.00       0.01       0.03       0.18       0.43       0.40       0.15       0.40       0.42
    691200    9   13
       0.13       0.12       0.05       0.24       0.65       0.76       1.01       0.94       0.68
       0.17       0.29       0.18       0.09       0.20       0.67       1.11       0.60       0.76
       0.26       0.36       0.35       0.24       0.31       0.68       0.62       0.40       0.98
       0.24       0.24       0.46       0.39       0.50       0.53       0.37       0.60       0.86
       0.40       0.40       0.60       0.60       0.42       0.28       0.37       0.49       0.79
       0.36       0.24       0.53       0.59       0.38       0.26       0.32       0.40       0.91
       0.11       0.16       0.21       0.33       0.49       0.61       0.37       0.26       0.42
       0.04       0.14       0.24       0.40       0.54       0.81       0.38       0.20       0.19
       0.09       0.25       0.22       0.55       0.95       0.86       0.30       0.11       0.15
       0.17       0.30       0.25       0.61       0.75       0.49       0.11       0.13       0.29
       0.25       0.23       0.20       0.63       0.82       0.58       0.17       0.14       0.45
       0.15       0.09       0.27       0.62       0.77       0.53       0.26       0.11       0.38
       0.07       0.02       0.26       0.59       0.65       0.18       0.18       0.12       0.34
    777600    9   13
       0.47       0.49       0.21       0.48       0.65       0.50       0.84       1.04       0.72
       0.59       0.42       0.39       0.50       0.33       0.39       0.90       0.93       0.84
       0.61       0.47       0.62       0.61       0.30       0.39       0.65       0.67       0.90
       0.52       0.41       0.47       0.58       0.41       0.60       0.67       0.46       0.89
       0.46       0.33       0.35       0.46       0.42       0.65       0.74       0.48       0.50
       0.45       0.36       0.43       0.36       0.27       0.60       0.68       0.38       0.54
       0.27       0.29       0.50       0.30       0.20       0.28       0.49       0.70       0.74
       0.14       0.17       0.44       0.32       0.15       0.11       0.19       0.42       0.47
       0.19       0.22       0.46       0.47       0.33       0.12       0.16       0.21       0.34
       0.16       0.21       0.30       0.42       0.56       0.25       0.33       0.54       0.59
       0.11       0.08       0.16       0.34       0.43       0.32       0.47       0.54       0.63
       0.17       0.06       0.22       0.26       0.25       0.29       0.47       0.39       0.68
       0.10       0.09       0.18       0.19       0.22       0.09       0.28       0.36       0.69
    864000    9   13
       0.46       0.60       0.67       0.66       0.58       0.39       0.47       0.38       0.26
       0.33       0.56       0.77       0.65       0.65       0.42       0.46       0.28       0.23
       0.29       0.49       0.74       0.49       0.56       0.54       0.34       0.24       0.41
       0.57       0.73       0.78       0.55       0.59       0.74       0.49       0.46       0.44
       0.69       0.83       0.92       0.74       0.91       1.05       0.86       0.65       0.67
       0.85       0.83       0.82       0.63       0.99       1.06       0.93       0.96       1.15
       1.00       0.83       0.78       0.57       0.86       1.16       1.15       1.33       1.62
       0.69       0.76       0.88       0.86       1.01       1.37       1.25       1.22       1.77
       0.76       0.89       1.02       1.05       1.20       1.07       1.41       1.59       1.91
       0.54       0.70       0.85       0.79       0.84       0.85       1.36       1.47       1.59
       0.41       0.68       0.98       0.99       0.99       0.96       1.00       0.85       1.15
       0.52       0.63       0.61       0.69       0.92       0.77       0.87       0.62       0.64
       0.90       0.61       0.48       0.41       0.79       0.59       0.82       0.68       0.60
    950400    9   13
       0.21       0.43       0.50       0.33       0.45       0.44       0.34       0.28       0.12
       0.42       0.48       0.51       0.27       0.40       0.48       0.30       0.27       0.15
       0.47       0.48       0.45       0.33       0.63       0.42       0.09       0.20       0.27
       0.36       0.39       0.48       0.51       0.82       0.37       0.19       0.23       0.19
       0.43       0.52       0.48       0.58       0.72       0.37       0.24       0.21       0.19
       0.63       0.81       0.68       0.62       0.64       0.32       0.26       0.28       0.39
       0.51       0.79       0.81       0.78       0.55       0.41       0.57       0.54       0.59
       0.41       0.74       0.57       0.66       0.61       0.59       0.76       0.68       0.67
       0.46       0.56       0.58       0.75       0.76       0.61       0.78       0.73       0.59
       0.51       0.67       0.69       0.80       0.57       0.50       0.64       0.42       0.33
       0.49       0.62       0.62       0.62       0.44       0.36       0.42       0.29       0.26
       0.52       0.49       0.58       0.57       0.46       0.19       0.33       0.37       0.30
       0.47       0.32       0.41       0.49       0.43       0.13       0.27       0.41       0.19
   1036800    9   13
       0.52       0.21       0.07       0.05       0.03       0.03       0.03       0.10       0.04
       0.37       0.14       0.13       0.14       0.04       0.03       0.07       0.10       0.02
       0.33       0.19       0.13       0.15       0.07       0.13       0.17       0.06       0.05
       0.11       0.12       0.10       0.13       0.11       0.10       0.09       0.04       0.12
       0.12       0.04       0.09       0.13       0.14       0.12       0.17       0.15       0.12
       0.19       0.09       0.10       0.11       0.05       0.15       0.23       0.20       0.08
       0.20       0.09       0.12       0.16       0.05       0.14       0.08       0.04       0.04
       0.14       0.06       0.07       0.03       0.01       0.03       0.03       0.03       0.03
       0.04       0.02       0.02       0.01       0.01       0.03       0.03       0.02       0.03
       0.02       0.02       0.02       0.05       0.09       0.13       0.07       0.04       0.03
       0.01       0.02       0.07       0.15       0.10       0.07       0.05       0.09       0.04
       0.01       0.02       0.06       0.08       0.04       0.04       0.03       0.04       0.01
       0.01       0.02       0.02       0.01       0.05       0.09       0.01       0.01       0.01
   1123200    9   13
       0.99       0.78       0.78       0.68       0.67       0.62       0.48       0.41       0.48
       1.35       0.94       0.86       0.70       0.61       0.53       0.50       0.52       0.45
       1.34       1.08       1.10       0.84       0.86       1.14       0.68       0.65       0.51
       1.67       1.39       1.25       0.98       1.00       1.49       0.83       0.98       0.66
       1.23       1.62       1.49       1.22       1.10       1.44       1.32       1.87       0.98
       1.57       2.30       1.78       1.56       1.13       1.23       1.59       1.64       0.92
       1.46       1.79       1.60       1.57       1.62       1.30       1.21       0.82       0.64
       1.40       1.63       1.33       1.49       1.86       1.40       0.84       0.60       0.42
       1.60       1.88       1.61       1.80       1.74       1.21       0.77       0.54       0.40
       1.70       2.00       2.04       2.22       2.74       1.79       0.95       0.73       0.75
       0.98       1.41       2.13       2.90       2.35       1.13       0.57       0.58       0.74
       0.55       0.60       1.01       1.86       1.07       0.61       0.24       0.23       0.52
       0.18       0.28       0.49       1.09       0.84       0.43       0.24       0.34       0.44
   1209600    9   13
       0.32       0.32       0.60       0.86       0.74       0.61       0.65       0.74       0.64
       0.13       0.27       0.59       0.85       0.75       0.65       0.64       0.71       0.65
       0.07       0.09       0.28       0.62       0.73       0.71       0.78       0.61       0.59
       0.05       0.06       0.09       0.21       0.14       0.30       0.56       0.62       0.70
       0.08       0.08       0.08       0.11       0.10       0.11       0.18       0.26       0.41
       0.19       0.33       0.20       0.07       0.08       0.06       0.14       0.20       0.37
       0.37       0.54       0.38       0.15       0.11       0.10       0.15       0.14       0.19
       0.40       0.45       0.41       0.15       0.13       0.12       0.13       0.14       0.12
       0.30       0.48       0.36       0.06       0.06       0.05       0.07       0.09       0.13
       0.14       0.17       0.22       0.08       0.05       0.05       0.03       0.14       0.29
       0.07       0.06       0.17       0.20       0.10       0.05       0.02       0.09       0.22
       0.10       0.10       0.08       0.07       0.11       0.09       0.15       0.08       0.14
       0.02       0.02       0.04       0.09       0.20       0.15       0.17       0.10       0.04
   1296000    9   13
       0.64       0.63       0.63       0.69       0.61       0.66       0.68       0.62       0.34
       0.44       0.46       0.71       0.64       0.68       0.72       0.64       0.64       0.56
       0.34       0.33       0.60       0.56       0.85       0.88       0.72       0.55       0.67
       0.63       0.54       0.57       0.69       0.99       0.84       0.62       0.61       0.55
       0.76       0.69       0.84       0.80       0.64       0.80       0.57       0.56       0.56
       0.78       0.64       0.68       0.77       0.68       0.97       0.74       0.56       0.57
       0.78       0.67       0.55       0.65       0.74       0.85       0.93       0.83       0.87
       0.79       0.58       0.81       0.61       0.54       0.71       0.88       0.88       0.98
       0.76       0.84       0.60       0.34       0.37       0.59       0.79       0.77       0.68
       0.59       0.61       0.40       0.24       0.41       0.67       0.75       0.75       0.88
       0.28       0.48       0.47       0.33       0.32       0.38       0.61       0.57       0.75
       0.21       0.41       0.55       0.42       0.17       0.21       0.24       0.47       0.53
       0.23       0.35       0.63       0.61       0.29       0.25       0.28       0.29       0.46
