         0    9   13
       0.27       0.20       0.32       0.21       0.33       0.24       0.09       0.08       0.06
       0.17       0.25       0.34       0.27       0.34       0.32       0.11       0.14       0.21
       0.10       0.28       0.40       0.29       0.48       0.29       0.06       0.05       0.34
       0.16       0.39       0.43       0.32       0.43       0.38       0.12       0.18       0.37
       0.24       0.38       0.39       0.29       0.47       0.47       0.28       0.26       0.35
       0.31       0.42       0.40       0.23       0.40       0.41       0.27       0.37       0.39
       0.48       0.56       0.48       0.33       0.52       0.45       0.40       0.34       0.55
       0.38       0.51       0.49       0.38       0.55       0.45       0.34       0.45       0.56
       0.79       0.70       0.66       0.73       0.67       0.51       0.35       0.49       0.45
       0.68       0.83       0.94       0.78       0.79       0.57       0.52       0.46       0.48
       0.54       0.71       0.93       0.74       0.78       0.68       0.63       0.43       0.34
       0.90       0.96       0.80       0.54       0.71       0.56       0.46       0.36       0.30
       1.15       1.25       1.01       0.54       0.80       0.42       0.53       0.60       0.39
     86400    9   13
       0.28       0.14       0.13       0.10       0.11       0.04       0.03       0.02       0.01
       0.25       0.10       0.23       0.23       0.07       0.07       0.08       0.09       0.04
       0.18       0.12       0.25       0.28       0.14       0.32       0.26       0.10       0.16
       0.18       0.27       0.31       0.31       0.27       0.33       0.27       0.26       0.50
       0.22       0.21       0.40       0.34       0.21       0.27       0.23       0.45       0.58
       0.30       0.17       0.42       0.41       0.13       0.12       0.12       0.36       0.51
       0.26       0.17       0.23       0.23       0.21       0.20       0.04       0.07       0.24
       0.12       0.12       0.12       0.10       0.07       0.22       0.12       0.06       0.17
       0.11       0.13       0.04       0.01       0.02       0.17       0.14       0.24       0.20
       0.20       0.08       0.03       0.08       0.31       0.54       0.38       0.33       0.33
       0.09       0.03       0.02       0.21       0.49       0.50       0.63       0.41       0.28
       0.02       0.03       0.03       0.14       0.27       0.37       0.52       0.52       0.33
       0.11       0.18       0.09       0.12       0.43       0.50       0.33       0.59       0.35
    172800    9   13
       0.12       0.12       0.27       0.30       0.30       0.12       0.13       0.08       0.02
       0.16       0.20       0.25       0.33       0.19       0.16       0.16       0.14       0.16
       0.12       0.19       0.18       0.27       0.07       0.23       0.28       0.10       0.45
       0.10       0.10       0.14       0.23       0.18       0.13       0.18       0.06       0.55
       0.10       0.11       0.07       0.16       0.09       0.02       0.05       0.05       0.28
       0.09       0.04       0.02       0.09       0.01       0.01       0.01       0.02       0.09
       0.04       0.04       0.01       0.08       0.04       0.00       0.01       0.03       0.02
       0.04       0.04       0.03       0.08       0.05       0.02       0.01       0.00       0.01
       0.06       0.09       0.14       0.09       0.02       0.04       0.01       0.01       0.07
       0.04       0.09       0.09       0.04       0.02       0.09       0.05       0.04       0.11
       0.03       0.02       0.03       0.02       0.01       0.02       0.02       0.06       0.10
       0.01       0.02       0.02       0.02       0.02       0.01       0.01       0.02       0.04
       0.01       0.03       0.01       0.02       0.02       0.05       0.02       0.03       0.04
    259200    9   13
       0.13       0.10       0.12       0.13       0.16       0.14       0.15       0.19       0.09
       0.15       0.14       0.17       0.14       0.12       0.12       0.15       0.17       0.12
       0.17       0.20       0.14       0.18       0.16       0.20       0.27       0.28       0.52
       0.19       0.22       0.13       0.15       0.15       0.17       0.22       0.20       0.59
       0.21       0.21       0.15       0.20       0.10       0.03       0.09       0.10       0.39
       0.12       0.07       0.09       0.09       0.01       0.00       0.04       0.04       0.11
       0.05       0.02       0.01       0.02       0.00       0.00       0.01       0.06       0.08
       0.02       0.03       0.01       0.01       0.01       0.01       0.01       0.02       0.03
       0.04       0.05       0.10       0.05       0.01       0.03       0.01       0.02       0.02
       0.05       0.10       0.13       0.04       0.04       0.09       0.06       0.08       0.05
       0.03       0.02       0.09       0.06       0.09       0.05       0.04       0.07       0.04
       0.01       0.04       0.05       0.05       0.12       0.04       0.09       0.04       0.03
       0.01       0.04       0.03       0.05       0.02       0.12       0.09       0.08       0.01
    345600    9   13
       0.04       0.17       0.32       0.22       0.44       0.73       0.89       0.91       0.62
       0.06       0.16       0.63       0.32       0.44       0.78       0.90       0.79       0.78
       0.10       0.20       0.90       0.39       0.64       1.11       1.01       0.75       1.17
       0.24       0.34       0.72       0.55       0.95       1.32       1.03       1.17       1.43
       0.44       0.47       0.49       0.60       0.79       1.54       1.68       2.77       2.83
       0.38       0.30       0.52       0.56       0.73       1.34       1.02       1.32       1.53
       0.42       0.27       0.35       0.60       0.49       0.72       0.49       0.67       0.96
       0.22       0.16       0.43       0.58       0.53       0.56       0.40       0.60       0.78
       0.17       0.37       0.68       0.72       0.70       0.68       0.56       0.69       1.27
       0.51       0.70       0.84       0.60       0.72       0.86       0.46       0.74       1.16
       0.24       0.53       1.18       0.82       0.92       0.72       0.48       0.56       0.80
       0.04       0.22       0.76       0.78       1.01       0.78       0.54       0.31       0.48
       0.05       0.11       0.27       0.78       0.74       0.93       0.81       0.43       0.42
    432000    9   13
       0.55       0.69       0.91       1.04       1.26       1.22       1.00       0.81       0.64
       0.61       0.54       0.90       1.08       1.13       1.27       0.99       0.88       0.65
       0.85       0.72       1.07       1.12       1.23       1.28       0.81       0.70       0.79
       1.28       1.00       1.15       0.90       1.23       1.12       0.44       0.65       0.96
       0.89       0.90       0.91       0.86       1.01       0.84       0.28       0.56       0.68
       1.24       1.10       0.95       0.72       0.74       0.78       0.48       0.51       0.52
       1.20       1.15       0.75       0.72       0.88       0.74       0.53       0.51       0.62
       0.67       0.61       0.80       0.94       1.01       0.86       0.68       0.76       1.12
       0.61       0.83       1.05       1.16       1.42       1.34       1.05       1.12       1.18
       0.61       0.66       0.93       1.04       1.50       1.60       1.52       1.54       1.43
       0.44       0.53       0.92       1.26       1.45       1.53       1.51       1.51       1.41
       0.45       0.50       0.77       1.12       1.03       1.20       1.69       1.96       1.69
       0.26       0.46       0.69       1.10       1.38       1.88       2.03       1.43       1.48
    518400    9   13
       1.10       1.11       0.85       0.65       0.66       0.71       0.62       0.65       0.63
       1.14       1.00       1.09       1.14       0.78       0.79       0.75       0.56       0.64
       1.06       0.97       1.11       1.20       1.05       0.93       0.72       0.58       0.64
       1.94       1.31       1.11       1.16       1.08       0.89       0.72       0.71       0.80
       1.66       1.34       1.02       1.03       0.86       0.89       0.80       0.70       0.73
       0.80       1.16       1.38       1.07       0.76       0.90       0.77       0.56       0.53
       1.18       0.93       1.15       0.81       0.74       0.76       0.68       0.42       0.50
       1.73       1.09       0.76       0.68       0.66       0.64       0.78       0.70       0.51
       2.53       1.37       1.07       0.77       0.78       0.53       0.59       0.93       0.50
       1.41       1.03       0.72       0.71       0.70       0.57       0.44       0.62       0.55
       0.55       0.77       0.40       0.46       0.88       1.09       1.19       1.19       0.92
       0.39       0.53       0.82       0.76       1.03       1.06       1.30       1.38       0.95
       0.49       0.57       1.69       2.26       1.45       0.98       1.04       1.18       0.96
    604800    9   13
       0.35       0.72       0.74       0.36       0.32       0.43       0.54       0.44       0.28
       0.44       0.51       0.49       0.42       0.45       0.37       0.38       0.37       0.35
       0.34       0.48       0.41       0.29       0.33       0.26       0.25       0.32       0.33
       0.33       0.32       0.24       0.32       0.35       0.32       0.31       0.35       0.26
       0.34       0.30       0.24       0.42       0.37       0.28       0.40       0.64       0.46
       0.47       0.41       0.26       0.62       0.76       0.49       0.34       0.53       0.90
       0.53       0.43       0.29       0.41       0.86       1.37       0.99       0.50       0.66
       1.35       0.41       0.32       0.33       0.62       1.17       1.70       0.76       0.57
       4.34       0.71       0.33       0.42       0.79       1.16       0.87       0.64       0.55
       1.66       0.63       0.48       0.66       0.86       1.33       0.68       0.51       0.51
       0.46       0.42       0.48       0.67       0.81       0.96       0.72       0.49       0.47
       0.32       0.34       0.54       0.56       0.63       0.72       0.58       0.49       0.48
       0.79       0.53       0.62       0.57       0.44       0.43       0.41       0.39       0.38
    691200    9   13
       0.07       0.06       0.03       0.03       0.06       0.02       0.01       0.01       0.00
       0.22       0.11       0.13       0.07       0.11       0.05       0.03       0.02       0.01
       0.31       0.12       0.21       0.12       0.17       0.13       0.06       0.04       0.07
       0.35       0.15       0.19       0.11       0.21       0.14       0.08       0.08       0.05
       0.32       0.14       0.10       0.13       0.30       0.13       0.09       0.07       0.05
       0.31       0.17       0.08       0.17       0.24       0.17       0.17       0.11       0.08
       0.34       0.28       0.12       0.12       0.14       0.15       0.22       0.16       0.10
       0.46       0.42       0.16       0.14       0.11       0.16       0.22       0.19       0.14
       0.47       0.34       0.24       0.17       0.12       0.18       0.24       0.21       0.18
       0.39       0.24       0.41       0.28       0.13       0.18       0.26       0.22       0.18
       0.28       0.31       0.35       0.24       0.12       0.27       0.24       0.16       0.11
       0.26       0.27       0.31       0.21       0.13       0.23       0.22       0.13       0.07
       0.21       0.21       0.22       0.25       0.12       0.24       0.26       0.12       0.04
    777600    9   13
       0.01       0.03       0.06       0.04       0.02       0.01       0.01       0.05       0.19
       0.01       0.08       0.11       0.04       0.03       0.03       0.02       0.06       0.10
       0.03       0.10       0.16       0.06       0.11       0.12       0.10       0.15       0.27
       0.06       0.10       0.12       0.05       0.25       0.20       0.11       0.21       0.32
       0.10       0.10       0.07       0.04       0.18       0.18       0.10       0.16       0.25
       0.10       0.14       0.09       0.05       0.09       0.14       0.17       0.06       0.18
       0.13       0.10       0.09       0.09       0.23       0.11       0.09       0.02       0.06
       0.09       0.16       0.15       0.10       0.16       0.08       0.02       0.01       0.00
       0.23       0.23       0.12       0.15       0.16       0.07       0.04       0.03       0.04
       0.14       0.16       0.19       0.21       0.24       0.08       0.04       0.05       0.09
       0.05       0.12       0.22       0.16       0.15       0.15       0.14       0.02       0.03
       0.05       0.09       0.14       0.17       0.11       0.15       0.25       0.04       0.01
       0.07       0.11       0.18       0.30       0.24       0.17       0.16       0.04       0.02
    864000    9   13
       0.70       0.70       0.69       0.65       0.74       0.49       0.54       0.81       0.70
       0.49       0.50       0.48       0.46       0.56       0.56       0.68       1.13       0.79
       0.64       0.51       0.43       0.50       0.69       0.82       0.83       0.82       1.08
       0.31       0.26       0.48       0.33       0.53       0.86       0.69       0.76       1.03
       0.12       0.11       0.41       0.27       0.25       0.64       0.51       0.61       0.54
       0.24       0.25       0.44       0.40       0.30       0.66       0.83       0.53       0.49
       0.43       0.42       0.46       0.47       0.44       0.91       0.57       0.41       0.50
       0.39       0.38       0.43       0.31       0.50       0.82       0.49       0.24       0.28
       0.39       0.38       0.34       0.22       0.26       0.21       0.23       0.19       0.23
       0.46       0.36       0.29       0.21       0.26       0.20       0.15       0.21       0.34
       0.25       0.24       0.35       0.32       0.24       0.23       0.20       0.15       0.22
       0.37       0.27       0.32       0.31       0.29       0.28       0.30       0.14       0.13
       0.42       0.47       0.52       0.38       0.47       0.29       0.33       0.24       0.16
    950400    9   13
       0.30       0.27       0.32       0.18       0.29       0.41       0.44       0.43       0.35
       0.23       0.45       0.56       0.39       0.43       0.48       0.52       0.43       0.39
       0.19       0.59       0.56       0.43       0.51       0.72       0.59       0.36       0.64
       0.31       0.65       0.57       0.42       0.59       0.77       0.48       0.40       0.58
       0.51       0.56       0.54       0.43       0.64       0.68       0.39       0.46       0.65
       0.37       0.36       0.52       0.30       0.51       0.52       0.48       0.58       0.83
       0.32       0.38       0.49       0.41       0.67       0.52       0.48       0.64       0.75
       0.45       0.49       0.57       0.52       0.51       0.48       0.51       0.58       0.57
       0.58       0.62       0.57       0.48       0.45       0.55       0.57       0.57       0.53
       0.73       0.64       0.58       0.61       0.58       0.54       0.65       0.63       0.56
       0.77       0.52       0.59       0.80       0.68       0.72       0.81       0.68       0.70
       0.52       0.74       0.64       0.68       0.63       0.56       0.66       0.60       0.56
       0.89       0.81       0.76       0.67       0.65       0.47       0.59       0.43       0.35
   1036800    9   13
       0.01       0.02       0.09       0.09       0.23       0.15       0.05       0.03       0.01
       0.01       0.03       0.15       0.12       0.09       0.11       0.14       0.10       0.15
       0.04       0.04       0.25       0.12       0.26       0.41       0.35       0.11       0.38
       0.10       0.08       0.27       0.11       0.33       0.51       0.29       0.10       0.24
       0.18       0.19       0.28       0.14       0.23       0.50       0.18       0.21       0.25
       0.29       0.29       0.47       0.18       0.28       0.46       0.26       0.19       0.10
       0.37       0.47       0.49       0.31       0.35       0.34       0.16       0.06       0.05
       0.56       0.55       0.50       0.38       0.32       0.32       0.20       0.05       0.01
       0.47       0.54       0.38       0.31       0.36       0.33       0.25       0.16       0.14
       0.31       0.44       0.37       0.39       0.31       0.27       0.31       0.20       0.14
       0.16       0.16       0.17       0.28       0.24       0.20       0.25       0.13       0.12
       0.02       0.08       0.16       0.17       0.15       0.11       0.20       0.12       0.13
       0.03       0.18       0.21       0.21       0.32       0.14       0.25       0.15       0.13
   1123200    9   13
       0.00       0.00       0.00       0.00       0.01       0.00       0.00       0.00       0.00
       0.00       0.00       0.00       0.01       0.00       0.00       0.00       0.00       0.00
       0.00       0.01       0.01       0.00       0.04       0.11       0.01       0.00       0.03
       0.01       0.01       0.01       0.00       0.08       0.19       0.02       0.00       0.04
       0.03       0.01       0.02       0.00       0.01       0.09       0.01       0.00       0.00
       0.06       0.00       0.02       0.00       0.01       0.11       0.01       0.00       0.00
       0.03       0.00       0.01       0.00       0.03       0.09       0.00       0.00       0.00
       0.00       0.01       0.02       0.00       0.01       0.01       0.00       0.00       0.00
       0.00       0.01       0.01       0.00       0.02       0.01       0.00       0.00       0.00
       0.00       0.00       0.00       0.02       0.17       0.05       0.01       0.00       0.01
       0.00       0.00       0.02       0.16       0.16       0.08       0.12       0.03       0.03
       0.00       0.00       0.02       0.19       0.21       0.20       0.31       0.09       0.03
       0.00       0.00       0.00       0.10       0.30       0.15       0.34       0.29       0.06
   1209600    9   13
       0.07       0.11       0.07       0.00       0.00       0.00       0.00       0.00       0.00
       0.01       0.11       0.04       0.00       0.00       0.00       0.00       0.01       0.01
       0.00       0.02       0.01       0.00       0.02       0.02       0.00       0.02       0.01
       0.00       0.03       0.01       0.03       0.04       0.02       0.01       0.02       0.03
       0.04       0.08       0.04       0.02       0.07       0.01       0.01       0.06       0.11
       0.10       0.06       0.04       0.01       0.08       0.02       0.01       0.03       0.11
       0.05       0.01       0.02       0.02       0.11       0.02       0.00       0.01       0.09
       0.01       0.00       0.01       0.01       0.01       0.00       0.00       0.00       0.03
       0.01       0.02       0.01       0.01       0.02       0.01       0.00       0.00       0.02
       0.00       0.01       0.01       0.01       0.04       0.02       0.00       0.00       0.01
       0.00       0.00       0.01       0.05       0.11       0.05       0.02       0.00       0.00
       0.00       0.00       0.01       0.12       0.10       0.06       0.07       0.01       0.00
       0.01       0.03       0.04       0.07       0.11       0.11       0.09       0.02       0.00
   1296000    9   13
       0.04       0.06       0.09       0.17       0.21       0.07       0.02       0.03       0.02
       0.07       0.14       0.11       0.15       0.10       0.01       0.04       0.04       0.09
       0.11       0.21       0.11       0.17       0.11       0.10       0.16       0.15       0.27
       0.10       0.16       0.11       0.20       0.24       0.23       0.16       0.34       0.37
       0.25       0.23       0.10       0.13       0.33       0.09       0.08       0.28       0.24
       0.25       0.19       0.11       0.11       0.23       0.09       0.08       0.11       0.20
       0.15       0.07       0.08       0.09       0.21       0.08       0.02       0.07       0.16
       0.15       0.10       0.09       0.05       0.08       0.03       0.02       0.17       0.15
       0.12       0.12       0.04       0.02       0.04       0.03       0.07       0.19       0.13
       0.17       0.11       0.04       0.13       0.22       0.14       0.01       0.11       0.09
       0.03       0.05       0.04       0.11       0.16       0.10       0.06       0.06       0.07
       0.01       0.09       0.10       0.02       0.04       0.18       0.14       0.03       0.02
       0.00       0.02       0.09       0.08       0.11       0.17       0.12       0.03       0.01
