         0    9   13
       2.77       2.38       1.46       0.93       0.93       1.96       1.40       0.82       0.76
       3.22       2.87       1.44       1.12       1.05       1.52       0.91       0.80       0.78
       3.75       5.24       2.52       1.04       0.83       1.10       0.78       0.67       0.71
       2.14       2.90       2.46       1.48       0.86       1.00       0.86       0.71       0.84
       1.26       1.16       1.15       1.82       1.10       0.97       0.83       0.81       0.98
       1.31       1.22       1.20       1.36       0.71       0.95       0.77       0.97       1.11
       0.75       0.82       0.88       0.69       0.53       0.76       0.74       0.88       1.05
       0.62       0.61       0.70       0.71       0.60       0.54       0.57       0.66       0.80
       0.39       0.48       0.67       0.90       0.73       0.45       0.40       0.47       0.70
       0.44       0.50       0.60       0.65       0.59       0.32       0.31       0.34       0.51
       0.40       0.43       0.50       0.52       0.47       0.23       0.23       0.24       0.19
       0.36       0.45       0.50       0.55       0.56       0.32       0.27       0.25       0.26
       0.39       0.46       0.29       0.29       0.48       0.30       0.26       0.21       0.27
     86400    9   13
       0.40       0.35       0.39       0.33       0.49       1.12       0.76       0.33       0.40
       0.31       0.51       0.67       0.65       0.56       1.01       0.42       0.39       0.48
       0.21       0.47       0.82       0.48       0.46       0.74       0.42       0.35       0.72
       0.16       0.40       1.13       0.76       0.55       0.53       0.39       0.38       0.60
       0.28       0.34       0.81       0.79       0.70       0.50       0.34       0.24       0.26
       0.37       0.45       0.62       0.48       0.48       0.36       0.22       0.14       0.21
       0.43       0.30       0.43       0.35       0.42       0.39       0.23       0.15       0.22
       0.36       0.31       0.32       0.19       0.26       0.29       0.33       0.28       0.26
       0.32       0.34       0.17       0.13       0.22       0.33       0.34       0.32       0.35
       0.37       0.22       0.10       0.16       0.24       0.27       0.30       0.24       0.29
       0.37       0.22       0.10       0.18       0.22       0.22       0.21       0.15       0.12
       0.39       0.21       0.12       0.14       0.20       0.22       0.16       0.07       0.12
       0.23       0.17       0.06       0.06       0.18       0.22       0.23       0.11       0.15
    172800    9   13
       0.13       0.09       0.13       0.27       0.49       0.45       0.29       0.43       0.46
       0.07       0.12       0.22       0.40       0.39       0.28       0.49       0.29       0.08
       0.07       0.15       0.36       0.54       0.64       0.35       0.72       0.45       0.28
       0.08       0.12       0.37       0.39       0.61       0.33       0.54       0.48       0.74
       0.19       0.14       0.29       0.22       0.30       0.50       0.46       0.52       0.74
       0.22       0.11       0.16       0.09       0.23       0.61       0.35       0.50       0.88
       0.18       0.10       0.12       0.07       0.20       0.45       0.24       0.43       0.85
       0.30       0.16       0.10       0.06       0.18       0.32       0.23       0.43       1.13
       0.24       0.12       0.12       0.06       0.13       0.33       0.29       0.49       1.04
       0.34       0.12       0.12       0.15       0.36       0.24       0.20       0.39       0.57
       0.27       0.13       0.16       0.37       0.30       0.13       0.13       0.20       0.18
       0.04       0.12       0.27       0.27       0.11       0.05       0.09       0.03       0.04
       0.11       0.24       0.41       0.31       0.12       0.04       0.04       0.01       0.07
    259200    9   13
       0.28       0.65       0.93       0.79       0.78       0.83       0.59       0.40       0.27
       0.45       0.63       1.00       0.92       0.91       1.01       0.55       0.24       0.15
       0.27       0.57       0.88       0.85       0.95       1.00       0.56       0.41       0.79
       0.19       0.42       0.69       0.65       0.74       0.72       0.61       0.82       1.54
       0.14       0.19       0.51       0.56       0.69       0.80       0.65       0.65       0.57
       0.18       0.18       0.57       0.36       0.59       0.88       0.64       0.54       0.35
       0.16       0.25       0.58       0.30       0.55       0.89       0.65       0.55       0.48
       0.15       0.28       0.36       0.27       0.57       0.89       0.68       0.59       0.74
       0.21       0.17       0.28       0.38       0.72       0.85       0.62       0.75       1.03
       0.22       0.24       0.34       0.61       0.81       0.68       0.67       0.68       0.81
       0.24       0.24       0.26       0.42       0.60       0.68       0.69       0.63       0.68
       0.17       0.14       0.30       0.32       0.52       0.48       0.40       0.35       0.46
       0.18       0.42       0.74       0.49       0.64       0.45       0.35       0.47       0.36
    345600    9   13
       0.12       0.09       0.20       0.10       0.01       0.05       0.12       0.11       0.04
       0.16       0.13       0.13       0.09       0.01       0.05       0.13       0.07       0.06
       0.17       0.16       0.14       0.11       0.04       0.05       0.12       0.23       0.21
       0.14       0.18       0.19       0.16       0.13       0.05       0.13       0.16       0.14
       0.14       0.14       0.17       0.16       0.16       0.08       0.13       0.18       0.14
       0.17       0.11       0.07       0.06       0.12       0.11       0.14       0.11       0.10
       0.15       0.13       0.05       0.03       0.06       0.02       0.03       0.02       0.05
       0.07       0.04       0.07       0.05       0.01       0.01       0.01       0.04       0.08
       0.03       0.01       0.02       0.04       0.02       0.05       0.07       0.08       0.08
       0.09       0.03       0.03       0.08       0.14       0.16       0.08       0.05       0.05
       0.06       0.07       0.08       0.15       0.17       0.10       0.03       0.01       0.01
       0.03       0.07       0.09       0.17       0.20       0.08       0.04       0.00       0.01
       0.02       0.06       0.08       0.18       0.23       0.14       0.11       0.03       0.03
    432000    9   13
       0.06       0.06       0.14       0.14       0.08       0.04       0.03       0.05       0.02
       0.18       0.09       0.15       0.15       0.10       0.13       0.08       0.03       0.01
       0.17       0.15       0.23       0.23       0.11       0.25       0.14       0.04       0.04
       0.19       0.20       0.29       0.35       0.18       0.14       0.17       0.13       0.10
       0.12       0.20       0.30       0.41       0.33       0.21       0.28       0.22       0.19
       0.14       0.23       0.30       0.37       0.26       0.23       0.29       0.21       0.15
       0.18       0.22       0.24       0.20       0.18       0.17       0.15       0.14       0.16
       0.18       0.21       0.23       0.12       0.10       0.08       0.12       0.18       0.23
       0.13       0.21       0.20       0.18       0.12       0.09       0.17       0.19       0.21
       0.21       0.32       0.23       0.29       0.21       0.11       0.19       0.18       0.20
       0.34       0.39       0.28       0.31       0.26       0.18       0.18       0.26       0.26
       0.26       0.27       0.22       0.26       0.24       0.33       0.19       0.14       0.22
       0.10       0.06       0.07       0.05       0.20       0.26       0.11       0.04       0.08
    518400    9   13
       0.23       0.16       0.30       0.35       0.30       0.41       0.53       0.43       0.44
       0.27       0.12       0.19       0.13       0.12       0.43       0.45       0.32       0.35
       0.25       0.18       0.27       0.19       0.15       0.47       0.44       0.32       0.38
       0.19       0.14       0.32       0.29       0.18       0.29       0.35       0.42       0.42
       0.18       0.09       0.29       0.29       0.22       0.30       0.37       0.44       0.67
       0.16       0.09       0.33       0.29       0.28       0.34       0.38       0.34       0.53
       0.09       0.14       0.38       0.26       0.30       0.29       0.34       0.32       0.33
       0.12       0.20       0.28       0.09       0.14       0.19       0.19       0.22       0.28
       0.15       0.19       0.13       0.10       0.13       0.14       0.10       0.09       0.16
       0.21       0.17       0.09       0.12       0.12       0.03       0.03       0.11       0.21
       0.14       0.08       0.12       0.19       0.12       0.05       0.07       0.14       0.22
       0.10       0.10       0.16       0.27       0.26       0.34       0.23       0.11       0.08
       0.11       0.11       0.15       0.21       0.40       0.38       0.21       0.14       0.15
    604800    9   13
       0.16       0.16       0.32       0.33       0.31       0.50       0.33       0.28       0.36
       0.21       0.30       0.45       0.24       0.33       0.56       0.22       0.30       0.42
       0.24       0.28       0.33       0.11       0.44       0.53       0.12       0.19       0.41
       0.24       0.19       0.16       0.05       0.38       0.47       0.22       0.21       0.22
       0.14       0.11       0.10       0.03       0.29       0.47       0.29       0.27       0.26
       0.05       0.09       0.09       0.07       0.25       0.29       0.29       0.34       0.30
       0.05       0.08       0.11       0.15       0.16       0.22       0.27       0.27       0.27
       0.10       0.09       0.10       0.07       0.09       0.20       0.26       0.22       0.18
       0.19       0.18       0.10       0.05       0.06       0.10       0.19       0.16       0.11
       0.26       0.17       0.10       0.09       0.04       0.03       0.07       0.05       0.04
       0.20       0.10       0.13       0.14       0.09       0.03       0.03       0.03       0.06
       0.23       0.14       0.18       0.24       0.20       0.20       0.13       0.04       0.07
       0.21       0.09       0.08       0.11       0.25       0.29       0.15       0.07       0.05
    691200    9   13
       0.18       0.09       0.36       0.48       0.33       0.39       0.67       0.53       0.17
       0.26       0.17       0.35       0.42       0.14       0.14       0.54       0.38       0.05
       0.28       0.19       0.30       0.28       0.14       0.17       0.56       0.37       0.17
       0.18       0.15       0.24       0.27       0.18       0.15       0.39       0.40       0.26
       0.09       0.05       0.21       0.17       0.21       0.15       0.23       0.32       0.32
       0.03       0.03       0.14       0.05       0.11       0.16       0.16       0.23       0.43
       0.03       0.04       0.07       0.02       0.10       0.11       0.05       0.13       0.35
       0.04       0.03       0.07       0.06       0.06       0.04       0.05       0.14       0.23
       0.04       0.06       0.08       0.06       0.04       0.01       0.02       0.06       0.10
       0.05       0.05       0.04       0.04       0.04       0.01       0.00       0.01       0.01
       0.06       0.07       0.12       0.18       0.17       0.07       0.02       0.01       0.00
       0.17       0.19       0.25       0.27       0.22       0.12       0.05       0.03       0.01
       0.16       0.11       0.09       0.09       0.12       0.12       0.04       0.02       0.02
    777600    9   13
       0.36       0.39       0.46       0.33       0.65       0.65       0.32       0.66       0.57
       0.29       0.22       0.32       0.24       0.54       0.74       0.42       0.51       0.87
       0.30       0.32       0.19       0.16       0.17       0.67       0.56       0.42       0.99
       0.59       0.58       0.57       0.73       0.30       0.56       0.64       0.49       0.81
       3.57       3.12       2.06       1.91       0.46       0.26       0.54       0.54       0.64
       4.14       3.80       2.98       1.34       0.58       0.58       0.51       0.60       0.63
       2.43       1.73       1.45       0.90       0.49       0.41       0.46       0.49       0.47
       0.43       0.47       0.47       0.32       0.18       0.10       0.13       0.16       0.23
       0.28       0.24       0.18       0.12       0.05       0.02       0.07       0.06       0.12
       0.26       0.14       0.09       0.12       0.09       0.03       0.10       0.15       0.14
       0.11       0.09       0.08       0.15       0.11       0.07       0.08       0.15       0.11
       0.01       0.02       0.04       0.12       0.07       0.06       0.04       0.03       0.05
       0.00       0.01       0.03       0.11       0.11       0.13       0.04       0.03       0.03
    864000    9   13
       0.27       0.24       0.28       0.34       0.39       0.52       0.37       0.43       0.27
       0.45       0.40       0.38       0.31       0.29       1.15       0.98       0.68       0.33
       0.47       0.38       0.40       0.29       0.23       0.58       0.79       0.22       0.26
       0.70       0.65       0.64       0.38       0.22       0.32       0.49       0.22       0.30
       0.51       0.49       0.54       0.40       0.28       0.24       0.39       0.30       0.41
       0.58       0.45       0.43       0.47       0.41       0.31       0.37       0.30       0.40
       0.55       0.61       0.60       0.48       0.36       0.26       0.38       0.47       0.58
       0.43       0.53       0.54       0.45       0.33       0.24       0.35       0.46       0.67
       0.29       0.32       0.34       0.30       0.22       0.24       0.33       0.37       0.48
       0.13       0.11       0.13       0.17       0.17       0.25       0.24       0.36       0.40
       0.02       0.02       0.06       0.12       0.11       0.11       0.11       0.22       0.34
       0.00       0.00       0.03       0.11       0.08       0.07       0.04       0.06       0.09
       0.01       0.02       0.08       0.15       0.17       0.09       0.03       0.02       0.02
    950400    9   13
       0.38       0.32       0.44       0.39       0.52       0.45       0.46       0.40       0.34
       0.41       0.35       0.43       0.51       0.52       0.59       0.57       0.38       0.33
       0.42       0.43       0.39       0.32       0.28       0.55       0.48       0.15       0.40
       0.28       0.29       0.38       0.41       0.22       0.29       0.29       0.07       0.36
       0.26       0.17       0.22       0.26       0.11       0.05       0.11       0.08       0.09
       0.22       0.14       0.16       0.24       0.18       0.19       0.22       0.15       0.11
       0.11       0.22       0.17       0.29       0.29       0.26       0.28       0.20       0.13
       0.08       0.17       0.21       0.13       0.14       0.11       0.10       0.08       0.09
       0.08       0.18       0.10       0.03       0.09       0.05       0.04       0.03       0.07
       0.05       0.06       0.02       0.01       0.03       0.02       0.03       0.03       0.07
       0.01       0.01       0.02       0.02       0.01       0.00       0.03       0.01       0.05
       0.01       0.05       0.06       0.02       0.01       0.01       0.04       0.01       0.03
       0.04       0.10       0.05       0.03       0.05       0.05       0.03       0.02       0.03
   1036800    9   13
       0.17       0.14       0.19       0.20       0.22       0.11       0.07       0.16       0.15
       0.17       0.09       0.03       0.09       0.06       0.08       0.16       0.26       0.22
       0.32       0.15       0.05       0.12       0.04       0.10       0.28       0.21       0.23
       0.19       0.16       0.13       0.29       0.26       0.08       0.24       0.21       0.35
       0.16       0.20       0.19       0.41       0.40       0.07       0.22       0.44       0.43
       0.13       0.18       0.18       0.22       0.32       0.16       0.33       0.27       0.25
       0.11       0.15       0.16       0.29       0.22       0.28       0.35       0.21       0.28
       0.12       0.16       0.27       0.32       0.20       0.39       0.41       0.34       0.42
       0.15       0.22       0.34       0.40       0.27       0.46       0.55       0.40       0.41
       0.36       0.48       0.36       0.42       0.43       0.35       0.34       0.27       0.33
       0.38       0.43       0.39       0.59       0.51       0.21       0.26       0.18       0.18
       0.26       0.38       0.46       0.56       0.55       0.50       0.23       0.10       0.09
       0.18       0.23       0.31       0.34       0.65       0.57       0.16       0.05       0.01
   1123200    9   13
       0.40       0.28       0.36       0.40       0.33       0.26       0.35       0.42       0.24
       0.46       0.35       0.39       0.38       0.21       0.33       0.49       0.33       0.20
       0.27       0.29       0.45       0.49       0.22       0.23       0.44       0.32       0.32
       0.23       0.27       0.41       0.53       0.56       0.27       0.30       0.45       0.54
       0.27       0.28       0.30       0.39       0.48       0.31       0.30       0.45       0.52
       0.30       0.25       0.23       0.26       0.35       0.32       0.34       0.32       0.31
       0.28       0.20       0.18       0.21       0.22       0.17       0.25       0.28       0.31
       0.15       0.11       0.15       0.11       0.18       0.15       0.22       0.33       0.34
       0.08       0.12       0.15       0.24       0.22       0.11       0.16       0.29       0.29
       0.17       0.21       0.27       0.34       0.27       0.13       0.11       0.17       0.19
       0.14       0.16       0.27       0.30       0.29       0.20       0.07       0.08       0.09
       0.03       0.11       0.35       0.43       0.43       0.44       0.24       0.02       0.01
       0.02       0.16       0.35       0.39       0.48       0.57       0.34       0.10       0.00
   1209600    9   13
       0.26       0.27       0.23       0.26       0.22       0.18       0.22       0.27       0.25
       0.47       0.38       0.28       0.33       0.21       0.23       0.36       0.36       0.21
       0.74       0.48       0.38       0.36       0.24       0.25       0.44       0.32       0.23
       0.73       0.50       0.51       0.49       0.43       0.27       0.26       0.30       0.36
       0.41       0.46       0.50       0.39       0.35       0.28       0.33       0.41       0.44
       0.31       0.31       0.26       0.25       0.23       0.20       0.20       0.18       0.18
       0.24       0.21       0.16       0.19       0.12       0.07       0.04       0.04       0.06
       0.10       0.09       0.12       0.08       0.07       0.06       0.08       0.08       0.11
       0.05       0.09       0.15       0.21       0.26       0.23       0.18       0.22       0.28
       0.17       0.24       0.27       0.29       0.29       0.28       0.32       0.63       0.54
       0.25       0.32       0.35       0.37       0.37       0.37       0.33       0.43       0.20
       0.39       0.40       0.45       0.50       0.44       0.30       0.10       0.04       0.03
       0.27       0.35       0.40       0.32       0.27       0.20       0.07       0.01       0.02
   1296000    9   13
       0.36       0.25       0.38       0.46       0.25       0.20       0.26       0.30       0.16
       0.46       0.29       0.36       0.39       0.17       0.30       0.43       0.26       0.17
       0.37       0.30       0.34       0.40       0.16       0.20       0.33       0.26       0.26
       0.27       0.28       0.34       0.45       0.46       0.24       0.30       0.38       0.38
       0.32       0.23       0.28       0.43       0.54       0.34       0.34       0.50       0.51
       0.29       0.19       0.22       0.37       0.39       0.33       0.35       0.36       0.45
       0.16       0.16       0.22       0.24       0.19       0.20       0.18       0.22       0.42
       0.11       0.14       0.17       0.10       0.08       0.09       0.15       0.33       0.41
       0.10       0.16       0.12       0.11       0.09       0.10       0.23       0.38       0.39
       0.17       0.23       0.20       0.25       0.26       0.25       0.35       0.49       0.41
       0.21       0.30       0.44       0.49       0.40       0.20       0.08       0.17       0.23
       0.27       0.36       0.53       0.45       0.31       0.29       0.18       0.03       0.04
       0.21       0.22       0.35       0.33       0.33       0.39       0.24       0.08       0.02
