         0    9   13
       0.16       0.11       0.34       0.26       0.23       0.43       0.31       0.44       0.37
       0.07       0.18       0.44       0.19       0.15       0.26       0.29       0.25       0.29
       0.10       0.21       0.63       0.38       0.40       0.56       0.33       0.14       0.36
       0.10       0.29       0.39       0.40       0.44       0.51       0.43       0.35       0.63
       0.20       0.27       0.33       0.43       0.45       0.45       0.31       0.47       0.62
       0.22       0.26       0.30       0.23       0.22       0.29       0.40       0.47       0.53
       0.08       0.12       0.21       0.14       0.10       0.12       0.19       0.29       0.28
       0.10       0.09       0.16       0.12       0.09       0.04       0.02       0.05       0.10
       0.19       0.21       0.19       0.18       0.09       0.11       0.06       0.05       0.11
       0.28       0.23       0.27       0.26       0.18       0.05       0.03       0.07       0.14
       0.28       0.32       0.37       0.28       0.13       0.08       0.01       0.03       0.09
       0.19       0.23       0.28       0.20       0.10       0.07       0.03       0.07       0.15
       0.37       0.32       0.35       0.28       0.14       0.05       0.06       0.13       0.28
     86400    9   13
       0.55       0.67       0.64       0.60       0.63       0.81       0.71       0.58       0.47
       0.27       0.70       0.71       0.57       0.44       0.73       0.77       0.56       0.36
       0.29       0.49       0.65       0.65       0.49       0.71       0.58       0.52       0.61
       0.27       0.44       0.54       0.56       0.51       0.50       0.39       0.45       0.78
       0.25       0.32       0.30       0.28       0.50       0.56       0.45       0.51       0.72
       0.16       0.28       0.14       0.22       0.41       0.46       0.52       0.66       0.62
       0.26       0.30       0.28       0.25       0.30       0.43       0.56       0.68       0.78
       0.24       0.43       0.33       0.34       0.30       0.39       0.53       0.64       0.52
       0.32       0.36       0.29       0.36       0.23       0.25       0.43       0.44       0.52
       0.26       0.22       0.25       0.33       0.13       0.12       0.19       0.43       0.58
       0.39       0.42       0.41       0.26       0.10       0.16       0.06       0.24       0.67
       0.27       0.45       0.46       0.24       0.18       0.39       0.24       0.21       0.60
       0.24       0.40       0.41       0.47       0.31       0.41       0.33       0.19       0.51
    172800    9   13
       0.63       0.70       1.05       1.09       0.67       0.65       0.62       0.39       0.31
       0.39       0.63       0.93       1.19       0.84       0.70       0.76       0.52       0.24
       0.60       0.73       0.81       0.56       0.49       0.70       0.50       0.40       0.43
       0.67       0.75       0.70       0.46       0.32       0.48       0.37       0.64       0.93
       0.56       0.70       0.42       0.44       0.47       0.50       0.40       0.52       0.83
       0.43       0.38       0.17       0.16       0.25       0.35       0.60       0.66       0.85
       0.61       0.44       0.18       0.24       0.18       0.31       0.58       0.55       0.66
       0.83       0.61       0.55       0.40       0.37       0.22       0.40       0.44       0.60
       0.80       0.97       1.02       0.57       0.51       0.36       0.36       0.50       0.48
       0.65       0.73       0.97       0.79       0.55       0.70       0.59       0.57       0.40
       0.36       0.51       0.83       0.76       0.73       0.71       0.76       0.73       0.39
       0.46       0.57       0.96       0.91       0.95       0.91       0.70       0.76       0.49
       0.88       1.38       1.65       1.33       1.04       0.95       0.79       0.81       0.80
    259200    9   13
       0.74       0.86       0.80       0.73       0.59       0.34       0.21       0.07       0.02
       0.53       0.61       0.86       0.78       0.68       0.63       0.33       0.13       0.04
       0.35       0.39       0.64       0.62       0.40       0.42       0.48       0.39       0.25
       0.36       0.29       0.38       0.34       0.28       0.36       0.46       0.51       0.64
       0.31       0.36       0.28       0.22       0.38       0.51       0.52       0.68       0.85
       0.32       0.34       0.39       0.43       0.51       0.38       0.44       0.42       0.51
       0.70       0.54       0.57       0.65       0.44       0.41       0.47       0.43       0.45
       0.97       0.75       0.70       0.72       0.57       0.58       0.60       0.61       0.48
       0.86       0.81       0.59       0.56       0.37       0.46       0.61       0.61       0.47
       0.83       0.81       0.70       0.52       0.37       0.38       0.59       0.53       0.31
       0.57       0.68       0.95       0.62       0.44       0.42       0.59       0.71       0.44
       0.77       0.84       1.05       0.90       0.69       0.75       0.69       1.01       0.84
       1.05       0.96       1.09       1.10       0.73       0.79       0.66       0.87       0.77
    345600    9   13
       0.30       0.37       0.34       0.23       0.19       0.07       0.02       0.00       0.00
       0.35       0.42       0.36       0.19       0.14       0.05       0.02       0.00       0.00
       0.39       0.32       0.36       0.20       0.21       0.14       0.02       0.01       0.01
       0.30       0.25       0.31       0.17       0.24       0.16       0.02       0.07       0.12
       0.32       0.29       0.27       0.18       0.23       0.17       0.02       0.19       0.34
       0.27       0.20       0.10       0.12       0.15       0.04       0.08       0.24       0.23
       0.27       0.18       0.11       0.17       0.11       0.02       0.09       0.13       0.17
       0.34       0.27       0.14       0.12       0.07       0.15       0.14       0.15       0.25
       0.45       0.28       0.17       0.06       0.03       0.21       0.28       0.24       0.15
       0.59       0.48       0.42       0.17       0.03       0.09       0.17       0.19       0.06
       0.51       0.55       0.61       0.23       0.08       0.10       0.13       0.18       0.11
       0.66       0.79       0.79       0.47       0.39       0.40       0.22       0.38       0.28
       0.78       0.70       0.67       0.64       0.36       0.41       0.37       0.46       0.57
    432000    9   13
       0.19       0.32       0.35       0.34       0.42       0.27       0.09       0.00       0.00
       0.29       0.34       0.41       0.40       0.36       0.17       0.14       0.06       0.02
       0.25       0.29       0.38       0.32       0.28       0.17       0.10       0.11       0.04
       0.26       0.35       0.43       0.34       0.30       0.18       0.05       0.16       0.20
       0.34       0.38       0.46       0.25       0.15       0.14       0.08       0.21       0.34
       0.24       0.21       0.27       0.15       0.17       0.22       0.16       0.29       0.16
       0.25       0.21       0.09       0.08       0.21       0.24       0.21       0.14       0.07
       0.18       0.20       0.18       0.10       0.10       0.15       0.08       0.04       0.03
       0.18       0.26       0.18       0.08       0.05       0.09       0.04       0.05       0.08
       0.22       0.26       0.24       0.15       0.11       0.11       0.16       0.15       0.25
       0.23       0.36       0.43       0.24       0.11       0.12       0.19       0.28       0.39
       0.25       0.41       0.43       0.35       0.17       0.22       0.11       0.41       0.56
       0.45       0.53       0.62       0.43       0.27       0.34       0.15       0.34       0.67
    518400    9   13
       0.20       0.27       0.48       0.39       0.42       0.29       0.11       0.02       0.01
       0.12       0.30       0.59       0.37       0.27       0.29       0.17       0.02       0.00
       0.14       0.41       0.80       0.39       0.33       0.32       0.22       0.04       0.03
       0.20       0.43       0.70       0.34       0.42       0.39       0.32       0.28       0.33
       0.29       0.32       0.49       0.28       0.42       0.40       0.44       0.52       0.55
       0.61       0.50       0.54       0.29       0.40       0.51       0.39       0.44       0.42
       0.62       0.41       0.46       0.27       0.42       0.36       0.23       0.39       0.36
       0.42       0.30       0.32       0.17       0.19       0.21       0.14       0.23       0.23
       0.33       0.33       0.15       0.14       0.14       0.13       0.06       0.16       0.25
       0.52       0.21       0.14       0.10       0.16       0.19       0.20       0.28       0.35
       0.53       0.39       0.30       0.21       0.19       0.24       0.35       0.48       0.36
       0.46       0.33       0.29       0.30       0.24       0.33       0.29       0.45       0.42
       0.12       0.20       0.27       0.28       0.27       0.27       0.29       0.37       0.47
    604800    9   13
       0.09       0.14       0.08       0.01       0.00       0.00       0.00       0.00       0.00
       0.21       0.22       0.18       0.01       0.00       0.00       0.00       0.00       0.00
       0.21       0.23       0.22       0.13       0.03       0.00       0.00       0.00       0.00
       0.22       0.16       0.19       0.18       0.12       0.01       0.03       0.02       0.01
       0.39       0.26       0.20       0.16       0.20       0.12       0.14       0.14       0.11
       0.44       0.23       0.22       0.18       0.23       0.31       0.24       0.28       0.30
       0.45       0.24       0.24       0.18       0.28       0.36       0.23       0.20       0.21
       0.34       0.33       0.42       0.32       0.33       0.28       0.22       0.22       0.22
       0.41       0.43       0.40       0.30       0.29       0.35       0.24       0.16       0.12
       0.44       0.34       0.27       0.16       0.20       0.18       0.10       0.09       0.04
       0.36       0.41       0.28       0.14       0.07       0.04       0.06       0.08       0.08
       0.33       0.39       0.37       0.14       0.04       0.07       0.03       0.07       0.06
       0.40       0.44       0.38       0.22       0.06       0.04       0.03       0.07       0.06
    691200    9   13
       0.00       0.00       0.00       0.00       0.00       0.00       0.00       0.00       0.00
       0.00       0.00       0.01       0.00       0.00       0.00       0.00       0.00       0.00
       0.01       0.00       0.02       0.01       0.00       0.00       0.00       0.00       0.00
       0.03       0.01       0.02       0.03       0.02       0.00       0.00       0.00       0.00
       0.05       0.03       0.02       0.08       0.03       0.01       0.00       0.00       0.00
       0.08       0.06       0.04       0.03       0.03       0.01       0.02       0.02       0.00
       0.21       0.15       0.08       0.04       0.12       0.09       0.07       0.04       0.00
       0.23       0.21       0.25       0.16       0.13       0.08       0.03       0.02       0.00
       0.27       0.30       0.27       0.26       0.20       0.14       0.03       0.02       0.02
       0.34       0.28       0.29       0.27       0.34       0.19       0.08       0.07       0.11
       0.24       0.25       0.24       0.27       0.35       0.32       0.21       0.11       0.17
       0.27       0.24       0.31       0.28       0.24       0.25       0.26       0.24       0.21
       0.33       0.41       0.42       0.33       0.32       0.20       0.15       0.29       0.29
    777600    9   13
       0.00       0.00       0.01       0.00       0.00       0.00       0.00       0.00       0.00
       0.01       0.01       0.01       0.00       0.00       0.00       0.00       0.00       0.00
       0.00       0.01       0.00       0.00       0.00       0.00       0.00       0.00       0.00
       0.00       0.00       0.00       0.00       0.00       0.01       0.00       0.00       0.00
       0.01       0.02       0.02       0.00       0.01       0.01       0.00       0.01       0.02
       0.07       0.06       0.03       0.01       0.01       0.02       0.00       0.03       0.06
       0.14       0.08       0.04       0.01       0.02       0.02       0.01       0.05       0.08
       0.19       0.16       0.13       0.07       0.07       0.04       0.02       0.04       0.01
       0.21       0.31       0.20       0.11       0.05       0.02       0.00       0.01       0.01
       0.30       0.29       0.13       0.07       0.04       0.02       0.00       0.02       0.02
       0.30       0.29       0.16       0.10       0.03       0.02       0.02       0.03       0.06
       0.17       0.22       0.26       0.14       0.09       0.15       0.03       0.04       0.06
       0.19       0.21       0.23       0.15       0.12       0.08       0.02       0.06       0.07
    864000    9   13
       0.00       0.00       0.00       0.00       0.00       0.00       0.00       0.00       0.00
       0.00       0.00       0.01       0.00       0.00       0.00       0.00       0.00       0.00
       0.00       0.01       0.03       0.00       0.00       0.01       0.00       0.00       0.00
       0.01       0.01       0.01       0.00       0.01       0.03       0.00       0.00       0.01
       0.01       0.02       0.00       0.00       0.01       0.03       0.00       0.00       0.00
       0.04       0.07       0.01       0.00       0.01       0.04       0.01       0.00       0.00
       0.05       0.07       0.04       0.00       0.03       0.02       0.00       0.00       0.00
       0.11       0.18       0.11       0.03       0.02       0.01       0.00       0.00       0.01
       0.25       0.31       0.17       0.08       0.03       0.03       0.00       0.00       0.07
       0.23       0.26       0.14       0.10       0.06       0.03       0.00       0.01       0.08
       0.14       0.21       0.25       0.19       0.03       0.01       0.00       0.01       0.06
       0.21       0.25       0.23       0.22       0.08       0.04       0.01       0.04       0.12
       0.22       0.30       0.26       0.25       0.19       0.09       0.08       0.21       0.41
    950400    9   13
       0.00       0.00       0.00       0.00       0.00       0.00       0.00       0.00       0.00
       0.00       0.00       0.00       0.00       0.00       0.00       0.00       0.00       0.00
       0.00       0.00       0.02       0.00       0.00       0.01       0.00       0.00       0.00
       0.00       0.01       0.01       0.00       0.05       0.03       0.01       0.02       0.01
       0.04       0.09       0.03       0.02       0.02       0.02       0.06       0.15       0.12
       0.11       0.13       0.04       0.02       0.05       0.07       0.11       0.18       0.12
       0.09       0.09       0.15       0.07       0.08       0.17       0.15       0.14       0.05
       0.11       0.21       0.29       0.12       0.08       0.10       0.10       0.10       0.03
       0.20       0.35       0.33       0.16       0.16       0.16       0.10       0.09       0.08
       0.37       0.37       0.27       0.16       0.24       0.12       0.10       0.12       0.05
       0.35       0.35       0.36       0.30       0.23       0.12       0.16       0.15       0.09
       0.28       0.34       0.46       0.37       0.33       0.36       0.17       0.19       0.11
       0.20       0.26       0.45       0.47       0.41       0.51       0.24       0.28       0.32
   1036800    9   13
       0.10       0.18       0.25       0.33       0.24       0.06       0.01       0.00       0.00
       0.09       0.20       0.25       0.28       0.27       0.11       0.07       0.06       0.02
       0.15       0.26       0.32       0.27       0.17       0.10       0.16       0.23       0.17
       0.16       0.25       0.30       0.28       0.23       0.11       0.14       0.30       0.29
       0.12       0.22       0.28       0.18       0.19       0.18       0.22       0.32       0.29
       0.17       0.19       0.18       0.12       0.22       0.27       0.24       0.23       0.25
       0.16       0.14       0.12       0.15       0.27       0.23       0.17       0.19       0.28
       0.08       0.13       0.19       0.19       0.23       0.24       0.24       0.26       0.19
       0.12       0.18       0.15       0.19       0.22       0.22       0.15       0.16       0.10
       0.22       0.20       0.21       0.19       0.09       0.08       0.04       0.06       0.06
       0.16       0.33       0.40       0.20       0.03       0.05       0.04       0.05       0.04
       0.14       0.34       0.49       0.33       0.13       0.16       0.06       0.13       0.14
       0.12       0.22       0.42       0.46       0.32       0.20       0.08       0.14       0.22
   1123200    9   13
       2.89       2.39       1.81       1.57       1.20       1.29       0.98       1.10       1.01
       1.16       1.05       1.28       1.17       1.04       0.95       1.07       0.99       0.86
       0.77       0.74       0.90       1.03       0.98       1.27       1.62       0.77       0.71
       0.82       0.79       1.08       1.35       1.10       1.34       1.42       0.69       0.65
       0.77       1.03       1.16       1.28       0.69       0.86       0.85       0.60       0.62
       0.74       1.02       1.09       0.93       0.46       0.72       0.56       0.66       0.85
       0.66       0.62       1.02       0.97       0.93       0.99       0.35       0.72       1.07
       0.51       0.42       0.66       0.74       0.82       0.52       0.49       0.96       1.09
       0.61       0.67       0.52       0.64       0.86       0.52       0.67       0.93       1.39
       0.45       0.45       0.57       0.60       0.80       0.75       0.68       1.28       1.53
       0.37       0.31       0.49       0.51       0.62       0.58       0.72       0.85       0.75
       0.43       0.44       0.58       0.55       0.49       0.40       0.46       0.49       0.54
       0.56       0.51       0.61       0.44       0.40       0.26       0.36       0.39       0.50
   1209600    9   13
       0.53       0.74       0.56       0.44       0.27       0.18       0.14       0.15       0.16
       0.50       0.53       0.59       0.58       0.30       0.19       0.14       0.12       0.21
       0.62       0.55       0.58       0.55       0.37       0.27       0.30       0.18       0.30
       0.73       0.71       0.46       0.38       0.43       0.31       0.26       0.27       0.46
       0.61       0.71       0.35       0.50       0.49       0.30       0.30       0.30       0.45
       0.50       0.56       0.31       0.37       0.30       0.28       0.33       0.25       0.24
       0.54       0.49       0.21       0.17       0.13       0.35       0.29       0.26       0.26
       0.60       0.35       0.21       0.13       0.15       0.33       0.25       0.16       0.15
       0.72       0.32       0.29       0.17       0.13       0.26       0.25       0.13       0.14
       0.67       0.45       0.34       0.15       0.14       0.28       0.28       0.23       0.19
       0.70       0.60       0.42       0.16       0.17       0.17       0.21       0.35       0.27
       0.70       0.67       0.43       0.12       0.11       0.15       0.14       0.32       0.28
       0.64       0.61       0.35       0.20       0.11       0.24       0.09       0.19       0.27
   1296000    9   13
       0.41       0.41       0.26       0.09       0.17       0.03       0.02       0.02       0.02
       0.36       0.39       0.46       0.32       0.17       0.04       0.03       0.02       0.03
       0.18       0.21       0.39       0.24       0.37       0.22       0.15       0.03       0.06
       0.20       0.32       0.55       0.21       0.47       0.49       0.52       0.34       0.20
       0.33       0.40       0.60       0.39       0.48       0.57       0.59       0.60       0.44
       0.45       0.41       0.39       0.43       0.54       0.46       0.34       0.34       0.25
       0.36       0.35       0.22       0.31       0.39       0.29       0.27       0.25       0.23
       0.31       0.28       0.21       0.19       0.10       0.13       0.30       0.42       0.37
       0.29       0.26       0.16       0.14       0.10       0.09       0.28       0.28       0.22
       0.51       0.20       0.18       0.20       0.13       0.21       0.16       0.22       0.17
       1.02       0.58       0.42       0.25       0.20       0.16       0.12       0.22       0.12
       1.09       1.02       0.84       0.54       0.27       0.21       0.11       0.31       0.32
       0.83       0.98       1.07       0.80       0.33       0.28       0.29       0.32       0.46
