         0    9   13
       0.00       0.00       0.00       0.03       0.07       0.02       0.14       0.20       0.01
       0.00       0.00       0.01       0.02       0.04       0.01       0.02       0.15       0.12
       0.00       0.00       0.01       0.05       0.04       0.01       0.05       0.11       0.24
       0.00       0.00       0.01       0.04       0.16       0.05       0.04       0.13       0.29
       0.01       0.01       0.01       0.03       0.10       0.03       0.00       0.09       0.27
       0.01       0.02       0.02       0.01       0.03       0.02       0.00       0.01       0.08
       0.00       0.00       0.01       0.00       0.02       0.01       0.00       0.02       0.05
       0.00       0.00       0.01       0.03       0.05       0.01       0.00       0.00       0.00
       0.02       0.04       0.01       0.02       0.01       0.00       0.00       0.00       0.00
       0.03       0.04       0.03       0.09       0.06       0.01       0.00       0.00       0.00
       0.00       0.01       0.15       0.25       0.11       0.05       0.01       0.00       0.00
       0.00       0.01       0.12       0.27       0.17       0.03       0.01       0.00       0.00
       0.00       0.00       0.04       0.20       0.21       0.01       0.02       0.00       0.00
     86400    9   13
       0.08       0.02       0.05       0.10       0.07       0.05       0.02       0.05       0.05
       0.02       0.00       0.05       0.18       0.09       0.08       0.11       0.09       0.06
       0.02       0.01       0.07       0.19       0.19       0.21       0.23       0.16       0.25
       0.01       0.01       0.13       0.17       0.30       0.24       0.21       0.23       0.41
       0.05       0.03       0.12       0.15       0.23       0.19       0.13       0.27       0.63
       0.09       0.05       0.07       0.05       0.14       0.16       0.09       0.22       0.45
       0.03       0.04       0.08       0.05       0.08       0.07       0.02       0.12       0.28
       0.01       0.04       0.10       0.04       0.01       0.00       0.00       0.01       0.05
       0.00       0.05       0.03       0.00       0.00       0.00       0.00       0.02       0.03
       0.01       0.01       0.00       0.01       0.03       0.00       0.01       0.04       0.03
       0.01       0.01       0.01       0.02       0.02       0.00       0.00       0.01       0.01
       0.01       0.01       0.01       0.01       0.00       0.00       0.01       0.00       0.01
       0.03       0.01       0.00       0.00       0.02       0.01       0.06       0.01       0.00
    172800    9   13
       0.03       0.07       0.19       0.23       0.30       0.43       0.52       0.51       0.38
       0.00       0.10       0.33       0.24       0.26       0.45       0.49       0.51       0.36
       0.00       0.05       0.35       0.29       0.50       0.57       0.44       0.34       0.56
       0.01       0.03       0.32       0.25       0.72       0.68       0.44       0.33       0.58
       0.02       0.05       0.22       0.20       0.66       0.77       0.41       0.49       0.69
       0.02       0.02       0.04       0.11       0.31       0.55       0.39       0.43       0.60
       0.00       0.00       0.00       0.01       0.07       0.19       0.14       0.21       0.42
       0.00       0.01       0.02       0.00       0.02       0.01       0.01       0.08       0.22
       0.01       0.10       0.03       0.01       0.01       0.00       0.00       0.04       0.16
       0.02       0.04       0.02       0.09       0.15       0.02       0.00       0.00       0.05
       0.01       0.01       0.05       0.20       0.14       0.08       0.03       0.00       0.05
       0.06       0.02       0.03       0.13       0.05       0.06       0.05       0.01       0.02
       0.02       0.01       0.01       0.02       0.06       0.02       0.06       0.01       0.01
    259200    9   13
       0.05       0.08       0.22       0.48       0.68       0.88       0.89       0.94       0.67
       0.03       0.17       0.36       0.35       0.69       0.64       0.60       0.63       0.74
       0.03       0.15       0.55       0.48       0.60       0.75       0.63       0.51       0.67
       0.00       0.08       0.60       0.58       0.77       0.93       0.58       0.55       0.88
       0.05       0.11       0.34       0.47       0.96       0.92       0.71       0.71       1.01
       0.03       0.05       0.12       0.31       0.79       0.97       0.73       0.74       0.88
       0.01       0.02       0.07       0.12       0.36       0.71       0.50       0.72       0.79
       0.00       0.03       0.11       0.04       0.08       0.18       0.34       0.47       0.66
       0.00       0.06       0.05       0.02       0.03       0.04       0.09       0.47       0.76
       0.01       0.01       0.00       0.01       0.09       0.04       0.04       0.11       0.17
       0.01       0.01       0.00       0.02       0.07       0.04       0.03       0.03       0.15
       0.00       0.00       0.01       0.02       0.01       0.02       0.04       0.01       0.11
       0.00       0.00       0.00       0.01       0.02       0.00       0.01       0.00       0.00
    345600    9   13
       0.39       0.55       1.01       0.45       0.45       0.60       0.55       0.57       0.30
       0.32       0.58       1.04       0.70       0.38       0.62       0.71       0.71       0.38
       0.28       0.61       0.84       0.73       0.58       0.72       0.80       0.65       0.65
       0.35       0.56       0.77       0.73       0.66       0.67       0.76       0.65       0.99
       0.34       0.46       0.73       0.66       0.53       0.61       0.65       0.58       1.12
       0.39       0.41       0.59       0.56       0.50       0.47       0.51       0.50       0.59
       0.26       0.35       0.49       0.43       0.39       0.42       0.33       0.34       0.41
       0.18       0.39       0.47       0.32       0.42       0.66       0.48       0.28       0.35
       0.10       0.33       0.16       0.13       0.29       0.52       0.43       0.39       0.27
       0.02       0.03       0.02       0.10       0.16       0.21       0.33       0.47       0.33
       0.01       0.02       0.03       0.15       0.18       0.22       0.38       0.52       0.30
       0.00       0.01       0.03       0.09       0.15       0.36       0.34       0.24       0.24
       0.00       0.00       0.01       0.01       0.07       0.12       0.18       0.21       0.46
    432000    9   13
       0.21       0.09       0.21       0.16       0.16       0.16       0.30       0.34       0.22
       0.14       0.37       0.64       0.72       0.13       0.11       0.11       0.33       0.40
       0.14       0.35       0.43       0.42       0.07       0.08       0.21       0.20       0.43
       0.33       0.28       0.17       0.16       0.10       0.11       0.28       0.11       0.19
       0.47       0.29       0.17       0.12       0.11       0.04       0.19       0.21       0.15
       0.46       0.35       0.23       0.16       0.10       0.02       0.07       0.24       0.21
       0.40       0.34       0.35       0.24       0.15       0.11       0.06       0.13       0.35
       0.12       0.05       0.15       0.28       0.24       0.12       0.11       0.15       0.30
       0.03       0.03       0.03       0.03       0.04       0.04       0.12       0.14       0.18
       0.01       0.01       0.00       0.01       0.07       0.04       0.02       0.06       0.16
       0.00       0.00       0.00       0.04       0.06       0.02       0.01       0.06       0.13
       0.01       0.00       0.01       0.02       0.02       0.04       0.04       0.02       0.02
       0.06       0.02       0.02       0.03       0.12       0.14       0.11       0.08       0.01
    518400    9   13
       0.93       0.63       0.60       0.54       0.44       0.28       0.36       0.51       0.47
       0.55       0.39       0.31       0.42       0.21       0.15       0.45       0.50       0.38
       0.49       0.37       0.33       0.46       0.08       0.21       0.54       0.32       0.48
       0.11       0.14       0.25       0.54       0.32       0.11       0.32       0.31       0.47
       0.12       0.10       0.17       0.35       0.33       0.04       0.12       0.47       0.41
       0.03       0.02       0.07       0.12       0.12       0.02       0.09       0.29       0.27
       0.01       0.01       0.01       0.01       0.03       0.01       0.01       0.14       0.26
       0.01       0.02       0.05       0.01       0.01       0.00       0.01       0.10       0.29
       0.01       0.03       0.02       0.00       0.00       0.00       0.01       0.04       0.14
       0.01       0.00       0.00       0.01       0.02       0.00       0.04       0.08       0.04
       0.00       0.00       0.01       0.02       0.02       0.01       0.04       0.04       0.06
       0.00       0.00       0.03       0.05       0.06       0.13       0.10       0.02       0.02
       0.09       0.04       0.04       0.20       0.30       0.38       0.27       0.14       0.02
    604800    9   13
       0.21       0.35       0.61       0.47       0.24       0.30       0.28       0.35       0.26
       0.23       0.38       0.54       0.58       0.20       0.18       0.49       0.41       0.23
       0.32       0.37       0.28       0.24       0.09       0.21       0.39       0.14       0.36
       0.08       0.21       0.15       0.07       0.09       0.09       0.10       0.01       0.08
       0.03       0.06       0.08       0.08       0.10       0.04       0.02       0.02       0.04
       0.13       0.05       0.02       0.03       0.06       0.04       0.06       0.13       0.13
       0.04       0.04       0.02       0.03       0.06       0.11       0.16       0.24       0.26
       0.05       0.06       0.13       0.10       0.10       0.16       0.22       0.31       0.38
       0.15       0.13       0.16       0.12       0.13       0.28       0.30       0.40       0.59
       0.17       0.08       0.10       0.16       0.28       0.39       0.29       0.32       0.60
       0.18       0.12       0.13       0.23       0.24       0.26       0.24       0.18       0.43
       0.15       0.26       0.25       0.28       0.25       0.36       0.27       0.12       0.09
       0.07       0.18       0.28       0.33       0.58       0.47       0.30       0.13       0.02
    691200    9   13
       0.93       0.91       1.07       1.15       1.01       1.15       1.33       1.11       1.01
       0.83       0.87       1.02       1.17       1.11       1.17       1.19       1.04       0.69
       1.02       1.03       0.93       0.91       0.75       1.00       0.96       0.68       0.63
       0.72       0.59       0.65       0.83       0.61       0.64       0.84       0.63       0.51
       0.27       0.20       0.38       0.82       0.71       0.61       0.76       0.62       0.59
       0.16       0.22       0.26       0.45       0.58       0.59       0.64       0.71       0.76
       0.13       0.14       0.16       0.17       0.23       0.33       0.46       0.62       0.68
       0.16       0.13       0.20       0.17       0.22       0.23       0.45       0.64       0.86
       0.11       0.20       0.17       0.11       0.20       0.27       0.41       0.47       0.82
       0.12       0.18       0.17       0.10       0.22       0.33       0.33       0.46       0.67
       0.23       0.26       0.18       0.20       0.21       0.18       0.23       0.52       0.65
       0.42       0.26       0.17       0.29       0.16       0.17       0.20       0.21       0.41
       0.29       0.12       0.16       0.34       0.38       0.45       0.29       0.39       0.63
    777600    9   13
       0.82       0.65       0.65       0.53       0.43       0.60       0.68       0.56       0.58
       0.80       0.49       0.45       0.53       0.48       0.70       0.69       0.61       0.62
       0.56       0.40       0.36       0.44       0.33       0.64       0.64       0.48       0.62
       0.41       0.41       0.53       0.69       0.54       0.55       0.78       0.62       0.53
       0.24       0.25       0.53       0.76       0.70       0.75       0.85       0.67       0.80
       0.26       0.23       0.48       0.67       0.77       0.90       0.93       0.95       1.16
       0.19       0.27       0.43       0.52       0.75       0.87       1.02       1.01       1.19
       0.10       0.27       0.37       0.20       0.49       0.70       0.80       0.85       1.05
       0.20       0.21       0.14       0.15       0.40       0.51       0.47       0.75       0.96
       0.34       0.22       0.13       0.18       0.39       0.38       0.54       0.73       0.75
       0.40       0.22       0.15       0.21       0.32       0.25       0.41       0.46       0.35
       0.28       0.20       0.21       0.28       0.40       0.28       0.15       0.10       0.26
       0.23       0.13       0.12       0.29       0.52       0.28       0.17       0.14       0.13
    864000    9   13
       0.26       0.11       0.33       0.38       0.26       0.21       0.43       0.43       0.35
       0.29       0.13       0.17       0.28       0.10       0.18       0.45       0.36       0.30
       0.20       0.21       0.27       0.38       0.10       0.25       0.45       0.25       0.35
       0.19       0.22       0.32       0.46       0.39       0.23       0.35       0.35       0.46
       0.18       0.20       0.26       0.37       0.46       0.25       0.27       0.44       0.55
       0.20       0.10       0.06       0.14       0.22       0.25       0.29       0.28       0.30
       0.12       0.05       0.03       0.07       0.08       0.14       0.16       0.16       0.22
       0.08       0.04       0.05       0.02       0.02       0.04       0.07       0.10       0.12
       0.08       0.07       0.09       0.07       0.06       0.12       0.09       0.09       0.10
       0.12       0.17       0.20       0.17       0.20       0.08       0.03       0.07       0.09
       0.07       0.18       0.28       0.25       0.18       0.05       0.01       0.03       0.03
       0.09       0.20       0.25       0.29       0.25       0.25       0.09       0.00       0.00
       0.09       0.10       0.11       0.16       0.34       0.32       0.11       0.02       0.00
    950400    9   13
       0.10       0.02       0.03       0.03       0.03       0.03       0.02       0.04       0.02
       0.14       0.06       0.06       0.12       0.02       0.03       0.14       0.15       0.10
       0.16       0.15       0.11       0.18       0.05       0.17       0.36       0.13       0.21
       0.26       0.21       0.25       0.30       0.22       0.16       0.15       0.07       0.27
       0.30       0.22       0.17       0.27       0.23       0.09       0.05       0.07       0.10
       0.20       0.10       0.06       0.15       0.13       0.05       0.08       0.10       0.08
       0.13       0.08       0.04       0.18       0.17       0.10       0.10       0.16       0.14
       0.07       0.11       0.15       0.11       0.09       0.06       0.09       0.11       0.04
       0.06       0.15       0.21       0.18       0.09       0.11       0.22       0.22       0.17
       0.07       0.22       0.28       0.34       0.29       0.19       0.14       0.21       0.30
       0.06       0.27       0.30       0.40       0.37       0.23       0.07       0.14       0.23
       0.13       0.14       0.17       0.34       0.34       0.44       0.17       0.02       0.03
       0.16       0.07       0.09       0.14       0.38       0.41       0.17       0.04       0.02
   1036800    9   13
       0.41       0.38       0.72       0.63       0.36       0.21       0.28       0.48       0.43
       0.33       0.15       0.29       0.33       0.09       0.24       0.42       0.50       0.31
       0.43       0.18       0.23       0.26       0.11       0.43       0.55       0.24       0.30
       0.19       0.28       0.41       0.48       0.27       0.23       0.34       0.30       0.46
       0.24       0.17       0.36       0.65       0.44       0.13       0.26       0.47       0.51
       0.26       0.13       0.20       0.38       0.37       0.18       0.29       0.37       0.36
       0.14       0.11       0.14       0.32       0.26       0.16       0.14       0.13       0.18
       0.09       0.06       0.10       0.12       0.06       0.06       0.12       0.13       0.19
       0.16       0.10       0.03       0.02       0.02       0.04       0.07       0.10       0.17
       0.12       0.05       0.02       0.02       0.03       0.04       0.04       0.07       0.19
       0.03       0.01       0.03       0.05       0.05       0.06       0.05       0.03       0.11
       0.06       0.10       0.10       0.12       0.10       0.11       0.08       0.01       0.01
       0.03       0.05       0.07       0.13       0.20       0.29       0.16       0.05       0.01
   1123200    9   13
       0.52       0.39       0.61       0.67       0.48       0.31       0.35       0.33       0.30
       0.58       0.26       0.30       0.35       0.23       0.41       0.67       0.60       0.34
       0.43       0.48       0.44       0.36       0.15       0.35       0.51       0.30       0.42
       0.22       0.28       0.48       0.58       0.54       0.40       0.47       0.38       0.52
       0.31       0.21       0.44       0.62       0.67       0.46       0.52       0.61       0.69
       0.32       0.15       0.35       0.48       0.47       0.43       0.49       0.40       0.67
       0.19       0.19       0.35       0.46       0.36       0.26       0.30       0.29       0.55
       0.17       0.24       0.37       0.31       0.28       0.23       0.32       0.39       0.46
       0.16       0.22       0.23       0.26       0.26       0.26       0.32       0.43       0.50
       0.26       0.34       0.30       0.34       0.33       0.25       0.20       0.48       0.81
       0.29       0.41       0.38       0.42       0.33       0.15       0.12       0.44       0.38
       0.30       0.38       0.51       0.46       0.40       0.73       0.58       0.17       0.04
       0.38       0.33       0.51       0.57       1.21       1.54       0.60       0.08       0.02
   1209600    9   13
       0.75       0.71       1.25       1.34       1.02       0.88       0.89       0.89       1.02
       0.97       0.95       1.16       1.47       1.09       0.93       1.02       0.85       0.74
       0.87       1.01       1.30       1.53       1.06       0.79       0.78       0.51       0.65
       0.34       0.59       1.04       1.57       1.68       1.09       0.67       0.61       0.61
       0.30       0.40       0.75       1.28       1.63       1.24       0.71       0.58       0.59
       0.39       0.32       0.51       0.89       1.12       0.92       0.70       0.52       0.52
       0.32       0.42       0.60       0.84       0.84       0.57       0.45       0.45       0.51
       0.30       0.34       0.52       0.52       0.47       0.24       0.18       0.22       0.30
       0.43       0.44       0.47       0.45       0.36       0.24       0.25       0.22       0.20
       0.56       0.35       0.21       0.18       0.20       0.16       0.17       0.12       0.09
       0.34       0.29       0.28       0.28       0.32       0.25       0.15       0.07       0.06
       0.28       0.19       0.23       0.30       0.29       0.28       0.21       0.06       0.05
       0.10       0.07       0.20       0.21       0.34       0.38       0.22       0.16       0.15
   1296000    9   13
       0.20       0.10       0.18       0.26       0.20       0.17       0.24       0.38       0.65
       0.19       0.13       0.20       0.27       0.22       0.26       0.35       0.46       0.70
       0.16       0.20       0.33       0.44       0.40       0.45       0.48       0.54       0.83
       0.17       0.27       0.57       0.91       1.16       1.43       0.88       0.78       1.60
       0.19       0.26       0.62       1.13       1.45       1.42       0.82       0.82       1.41
       0.21       0.23       0.39       0.70       1.13       1.01       0.74       0.66       0.68
       0.26       0.22       0.28       0.46       0.78       0.98       1.00       0.98       0.97
       0.23       0.29       0.46       0.45       0.61       0.67       0.90       1.10       1.10
       0.26       0.31       0.46       0.64       0.66       0.53       0.67       1.06       1.22
       0.28       0.25       0.25       0.44       0.71       0.66       0.74       1.01       1.23
       0.18       0.17       0.18       0.28       0.41       0.45       0.53       0.68       0.74
       0.09       0.08       0.09       0.12       0.14       0.21       0.24       0.34       0.45
       0.06       0.07       0.07       0.05       0.09       0.15       0.20       0.17       0.22
