         0    9   13
       1.24       1.02       0.65       0.34       0.38       0.47       0.50       0.70       0.78
       0.86       0.72       0.49       0.31       0.52       1.41       0.52       0.38       0.80
       0.79       0.62       0.55       0.27       0.59       1.83       1.15       0.49       1.30
       0.97       0.71       0.80       0.82       1.08       1.85       1.70       2.02       2.45
       0.59       0.71       1.32       1.23       1.40       3.29       2.99       3.50       2.83
       0.40       0.78       1.41       1.41       0.94       2.64       3.37       3.86       4.35
       0.24       0.64       1.24       1.18       0.88       1.37       2.21       3.44       5.90
       0.31       0.54       0.84       0.60       0.63       0.89       2.12       4.08       4.52
       0.47       0.53       0.59       0.58       0.57       0.66       1.08       1.95       2.16
       0.56       0.73       0.68       0.49       0.53       1.03       1.17       1.09       1.17
       0.63       0.73       0.60       0.42       0.36       0.56       0.84       0.73       0.65
       0.50       0.49       0.32       0.30       0.36       0.46       0.79       0.92       0.71
       0.29       0.24       0.19       0.35       0.78       0.81       0.43       0.78       0.68
     86400    9   13
       0.27       0.24       0.18       0.15       0.24       0.26       0.30       0.31       0.40
       0.43       0.30       0.18       0.21       0.40       0.43       0.39       0.31       0.47
       0.90       0.45       0.23       0.15       0.28       0.60       1.05       0.46       0.47
       0.62       0.53       0.47       0.26       0.38       0.40       0.46       0.45       0.22
       0.28       0.51       0.56       0.25       0.44       0.78       0.74       0.38       0.14
       0.51       0.46       0.48       0.38       0.65       1.30       2.23       0.73       0.36
       0.48       0.44       0.56       0.59       0.69       1.30       1.48       1.01       0.58
       0.37       0.37       0.54       1.13       1.47       1.46       0.81       0.72       0.77
       0.58       0.86       0.72       1.05       1.36       1.26       1.16       0.44       0.27
       0.61       0.93       0.99       1.14       2.00       1.64       1.04       0.52       0.15
       0.69       0.80       1.06       1.54       2.37       1.85       0.79       0.47       0.20
       0.56       0.83       0.93       1.35       1.91       1.28       0.45       0.33       0.23
       0.97       1.13       1.54       1.89       2.88       1.68       0.60       0.26       0.19
    172800    9   13
       0.67       0.64       0.60       0.64       0.61       0.50       0.57       0.53       0.40
       0.38       0.58       0.56       0.46       0.32       0.48       0.79       0.71       0.67
       0.45       0.54       0.55       0.49       0.40       0.77       1.03       0.55       1.02
       0.32       0.43       0.53       0.64       0.57       0.83       0.85       0.56       1.07
       0.20       0.29       0.48       0.54       0.67       1.07       0.86       0.83       1.19
       0.12       0.21       0.34       0.45       0.69       0.71       0.72       0.93       0.98
       0.08       0.14       0.29       0.35       0.33       0.17       0.37       0.71       0.95
       0.11       0.15       0.39       0.28       0.16       0.03       0.07       0.26       0.52
       0.28       0.34       0.30       0.16       0.08       0.04       0.02       0.04       0.15
       0.76       0.54       0.33       0.26       0.22       0.17       0.08       0.03       0.05
       0.88       0.70       0.46       0.37       0.35       0.18       0.10       0.04       0.02
       0.55       0.63       0.47       0.35       0.30       0.27       0.11       0.05       0.05
       0.77       0.63       0.48       0.40       0.48       0.39       0.12       0.04       0.11
    259200    9   13
       0.09       0.07       0.09       0.18       0.37       0.33       0.34       0.29       0.20
       0.14       0.12       0.18       0.26       0.28       0.30       0.30       0.24       0.15
       0.10       0.18       0.26       0.32       0.32       0.42       0.39       0.23       0.20
       0.16       0.16       0.23       0.33       0.26       0.42       0.35       0.32       0.33
       0.22       0.16       0.24       0.40       0.32       0.46       0.30       0.42       0.35
       0.32       0.21       0.24       0.34       0.40       0.32       0.38       0.39       0.18
       0.27       0.19       0.23       0.34       0.34       0.26       0.27       0.26       0.18
       0.17       0.06       0.14       0.11       0.09       0.07       0.07       0.03       0.03
       0.10       0.02       0.04       0.04       0.04       0.03       0.01       0.01       0.03
       0.15       0.05       0.04       0.12       0.11       0.07       0.03       0.06       0.11
       0.19       0.09       0.06       0.10       0.08       0.08       0.07       0.07       0.07
       0.12       0.12       0.20       0.15       0.07       0.05       0.06       0.13       0.18
       0.14       0.15       0.15       0.12       0.12       0.21       0.14       0.11       0.29
    345600    9   13
       0.51       0.51       0.56       0.36       0.36       0.32       0.26       0.35       0.34
       0.62       0.60       0.56       0.36       0.27       0.26       0.20       0.16       0.11
       0.51       0.64       0.61       0.38       0.25       0.27       0.22       0.13       0.10
       0.39       0.46       0.43       0.30       0.34       0.35       0.21       0.20       0.28
       0.33       0.41       0.40       0.34       0.13       0.15       0.18       0.24       0.32
       0.27       0.34       0.30       0.33       0.11       0.06       0.17       0.33       0.40
       0.21       0.11       0.12       0.14       0.08       0.06       0.11       0.27       0.29
       0.20       0.04       0.05       0.05       0.04       0.02       0.02       0.13       0.22
       0.21       0.17       0.06       0.03       0.05       0.03       0.02       0.03       0.12
       0.18       0.16       0.11       0.11       0.15       0.25       0.27       0.11       0.12
       0.19       0.11       0.22       0.21       0.20       0.31       0.36       0.37       0.43
       0.15       0.10       0.18       0.22       0.14       0.16       0.23       0.35       0.35
       0.02       0.04       0.14       0.24       0.20       0.20       0.16       0.19       0.26
    432000    9   13
       0.12       0.16       0.15       0.18       0.23       0.74       1.16       1.20       1.17
       0.21       0.15       0.12       0.17       0.21       0.60       0.86       1.26       1.96
       0.41       0.33       0.36       0.35       0.58       0.86       1.38       1.38       1.48
       0.48       0.42       0.50       0.83       0.82       0.89       1.69       1.33       1.33
       0.77       0.64       0.52       0.58       0.47       0.53       1.03       1.13       1.20
       0.88       0.74       0.76       0.46       0.28       0.36       0.80       1.03       1.24
       0.79       0.76       0.68       0.53       0.39       0.48       0.62       0.84       1.13
       0.53       0.49       0.47       0.33       0.33       0.40       0.50       0.76       1.09
       0.39       0.36       0.24       0.13       0.16       0.35       0.56       0.74       0.97
       0.14       0.07       0.04       0.11       0.19       0.41       0.56       0.70       0.91
       0.02       0.01       0.02       0.10       0.14       0.19       0.46       0.75       0.90
       0.04       0.03       0.08       0.12       0.11       0.18       0.31       0.42       0.50
       0.14       0.11       0.10       0.12       0.23       0.37       0.31       0.31       0.36
    518400    9   13
       0.31       0.33       0.34       0.35       0.46       0.45       0.45       0.61       1.25
       0.18       0.21       0.25       0.27       0.31       0.41       0.60       0.81       0.85
       0.35       0.49       0.83       0.51       0.31       0.46       0.84       1.22       0.66
       0.59       0.82       1.32       1.42       0.66       1.00       2.35       2.45       1.41
       0.49       0.61       0.92       0.82       0.71       0.93       1.95       1.26       1.07
       0.85       1.37       1.51       0.74       0.50       0.76       0.99       0.78       0.74
       1.14       1.07       1.38       1.05       0.65       0.62       0.54       0.50       0.59
       1.81       1.21       0.97       1.01       1.03       1.17       0.88       0.58       0.57
       1.36       1.32       1.22       0.80       0.95       1.09       0.82       0.61       0.66
       1.05       1.06       1.05       0.85       0.85       0.87       0.76       0.75       0.69
       0.89       0.94       0.99       0.88       0.86       0.75       0.97       0.96       0.87
       1.02       1.15       1.24       1.21       0.96       0.53       0.52       0.55       0.68
       1.17       1.07       1.33       1.55       1.38       0.92       0.52       0.62       0.65
    604800    9   13
       0.07       0.03       0.07       0.14       0.15       0.18       0.35       0.41       0.36
       0.09       0.04       0.07       0.09       0.08       0.10       0.35       0.48       0.37
       0.22       0.61       0.36       0.13       0.10       0.08       0.34       0.44       0.49
       0.33       0.89       0.40       0.20       0.17       0.17       0.29       0.46       0.52
       0.34       0.56       0.50       0.43       0.29       0.24       0.20       0.28       0.43
       0.41       0.35       0.60       0.65       0.32       0.21       0.16       0.23       0.44
       0.41       0.32       0.24       0.21       0.23       0.16       0.10       0.16       0.32
       0.43       0.39       0.30       0.20       0.22       0.12       0.13       0.20       0.16
       0.28       0.53       0.38       0.27       0.20       0.12       0.19       0.17       0.11
       0.47       0.65       0.31       0.28       0.22       0.16       0.14       0.06       0.09
       0.43       0.43       0.36       0.28       0.26       0.21       0.09       0.05       0.08
       0.32       0.34       0.37       0.34       0.35       0.27       0.14       0.04       0.02
       0.25       0.29       0.25       0.30       0.48       0.47       0.30       0.05       0.01
    691200    9   13
       0.42       0.42       0.27       0.31       0.55       0.49       0.42       0.36       0.20
       0.33       0.33       0.37       0.32       0.24       0.32       0.59       0.54       0.23
       0.38       0.24       0.43       0.51       0.29       0.44       0.67       0.46       0.55
       0.27       0.26       0.34       0.65       0.51       0.43       0.55       0.46       0.59
       0.10       0.11       0.28       0.42       0.49       0.29       0.43       0.57       0.71
       0.06       0.06       0.19       0.39       0.42       0.29       0.27       0.41       0.42
       0.05       0.07       0.09       0.16       0.28       0.27       0.32       0.26       0.26
       0.06       0.06       0.13       0.08       0.11       0.07       0.13       0.15       0.16
       0.11       0.10       0.11       0.08       0.04       0.02       0.03       0.05       0.08
       0.28       0.21       0.13       0.13       0.15       0.19       0.05       0.12       0.13
       0.11       0.14       0.23       0.26       0.21       0.23       0.08       0.08       0.02
       0.04       0.04       0.14       0.29       0.21       0.22       0.16       0.07       0.03
       0.09       0.04       0.03       0.08       0.15       0.18       0.10       0.10       0.07
    777600    9   13
       0.34       0.20       0.28       0.28       0.25       0.13       0.17       0.22       0.20
       0.30       0.12       0.24       0.34       0.12       0.14       0.21       0.24       0.22
       0.41       0.13       0.08       0.13       0.07       0.35       0.40       0.35       0.53
       0.46       0.39       0.19       0.10       0.08       0.23       0.23       0.22       0.58
       0.75       0.68       0.49       0.47       0.30       0.11       0.17       0.15       0.53
       0.63       0.75       0.70       0.77       0.66       0.31       0.24       0.24       0.43
       0.27       0.37       0.39       0.64       0.64       0.33       0.25       0.27       0.26
       0.12       0.14       0.39       0.42       0.45       0.28       0.23       0.40       0.36
       0.16       0.28       0.28       0.15       0.21       0.22       0.27       0.30       0.23
       0.13       0.16       0.16       0.15       0.14       0.13       0.10       0.11       0.15
       0.02       0.03       0.09       0.13       0.14       0.12       0.10       0.14       0.16
       0.00       0.00       0.04       0.11       0.12       0.07       0.10       0.06       0.09
       0.01       0.00       0.02       0.07       0.13       0.09       0.06       0.01       0.00
    864000    9   13
       0.74       0.79       0.55       0.42       0.41       0.33       0.27       0.35       0.38
       0.55       0.64       0.59       0.54       0.33       0.34       0.31       0.49       0.54
       0.40       0.40       0.36       0.51       0.34       0.49       0.74       0.70       0.72
       0.25       0.25       0.20       0.47       0.35       0.28       0.54       0.53       0.83
       0.14       0.17       0.10       0.32       0.23       0.06       0.13       0.26       0.46
       0.06       0.05       0.04       0.08       0.07       0.03       0.04       0.10       0.23
       0.05       0.04       0.01       0.03       0.04       0.03       0.06       0.08       0.14
       0.07       0.03       0.02       0.06       0.03       0.01       0.04       0.08       0.05
       0.15       0.08       0.03       0.03       0.02       0.02       0.02       0.03       0.03
       0.17       0.14       0.12       0.13       0.03       0.04       0.04       0.01       0.03
       0.08       0.17       0.25       0.20       0.06       0.02       0.01       0.02       0.02
       0.03       0.13       0.34       0.34       0.18       0.06       0.05       0.01       0.03
       0.05       0.28       0.42       0.45       0.37       0.28       0.15       0.02       0.05
    950400    9   13
       0.43       0.59       0.43       0.32       0.34       0.33       0.43       0.49       0.69
       0.47       0.66       0.53       0.56       0.48       0.49       0.62       0.71       0.74
       0.83       1.04       0.71       0.65       0.55       0.68       1.11       1.03       0.90
       0.96       1.17       0.85       0.93       0.77       0.60       1.04       1.10       1.10
       0.92       1.03       0.94       1.01       0.84       0.58       0.86       1.08       1.14
       0.96       0.90       0.81       1.02       0.63       0.45       1.02       1.45       1.60
       0.45       0.54       0.46       0.67       0.37       0.24       0.58       0.94       0.99
       0.15       0.27       0.26       0.13       0.09       0.07       0.19       0.41       0.64
       0.13       0.18       0.16       0.10       0.04       0.07       0.27       0.50       0.66
       0.16       0.18       0.20       0.22       0.16       0.25       0.37       0.40       0.58
       0.15       0.24       0.30       0.28       0.14       0.12       0.18       0.46       0.61
       0.08       0.13       0.21       0.29       0.13       0.11       0.12       0.15       0.29
       0.01       0.01       0.08       0.19       0.28       0.36       0.18       0.06       0.22
   1036800    9   13
       1.10       0.93       0.91       0.68       0.60       0.75       0.95       0.90       0.59
       0.90       0.57       0.49       0.51       0.49       0.74       0.99       0.68       0.43
       1.16       0.54       0.47       0.42       0.32       0.64       0.80       0.69       0.52
       0.68       0.67       0.79       0.77       0.77       0.66       0.56       0.56       0.43
       0.47       0.60       0.86       0.95       0.76       0.62       0.62       0.60       0.43
       0.61       0.67       0.75       0.80       0.55       0.51       0.63       0.59       0.56
       0.83       0.69       0.72       0.72       0.34       0.26       0.44       0.48       0.74
       0.41       0.41       0.79       0.89       0.44       0.27       0.32       0.47       0.62
       0.35       0.31       0.54       0.69       0.35       0.30       0.42       0.55       0.71
       0.46       0.42       0.44       0.47       0.26       0.18       0.44       0.55       0.71
       0.18       0.29       0.43       0.42       0.22       0.21       0.38       0.45       0.50
       0.07       0.17       0.38       0.41       0.18       0.25       0.28       0.19       0.23
       0.06       0.08       0.23       0.36       0.28       0.30       0.14       0.10       0.23
   1123200    9   13
       0.53       0.67       1.05       0.94       0.87       0.75       1.08       1.24       0.74
       0.61       0.65       0.75       0.65       0.46       0.65       1.03       1.17       0.64
       0.16       0.14       0.24       0.19       0.28       0.76       0.89       0.76       1.34
       0.06       0.10       0.18       0.26       0.36       0.77       0.73       1.04       2.29
       0.10       0.15       0.27       0.36       0.30       0.30       0.45       0.85       1.01
       0.09       0.12       0.26       0.39       0.31       0.10       0.26       0.45       0.46
       0.14       0.13       0.21       0.25       0.09       0.03       0.03       0.15       0.29
       0.18       0.11       0.16       0.13       0.07       0.03       0.02       0.05       0.09
       0.32       0.31       0.25       0.22       0.13       0.06       0.05       0.10       0.09
       0.47       0.48       0.46       0.39       0.24       0.08       0.10       0.16       0.19
       0.23       0.26       0.33       0.33       0.24       0.14       0.14       0.11       0.09
       0.12       0.20       0.24       0.17       0.10       0.09       0.11       0.11       0.07
       0.19       0.28       0.35       0.31       0.29       0.22       0.09       0.10       0.11
   1209600    9   13
       1.05       1.13       1.44       1.32       1.42       1.17       1.19       1.28       1.64
       0.67       1.04       1.20       1.03       0.77       0.78       0.97       1.02       1.32
       0.55       0.87       0.78       0.69       0.51       0.71       0.89       0.87       1.08
       0.59       0.69       0.59       0.50       0.64       0.55       0.90       0.90       0.94
       0.51       0.60       0.52       0.34       0.42       0.37       0.35       0.37       0.38
       0.35       0.44       0.39       0.29       0.27       0.18       0.10       0.24       0.28
       0.31       0.57       0.40       0.44       0.24       0.18       0.16       0.24       0.22
       0.31       0.43       0.39       0.22       0.18       0.26       0.28       0.21       0.20
       0.10       0.13       0.11       0.04       0.06       0.16       0.20       0.22       0.18
       0.02       0.03       0.02       0.02       0.01       0.05       0.09       0.16       0.17
       0.03       0.02       0.04       0.07       0.04       0.05       0.04       0.04       0.07
       0.02       0.02       0.09       0.12       0.07       0.04       0.06       0.06       0.08
       0.07       0.04       0.06       0.14       0.19       0.07       0.05       0.03       0.03
   1296000    9   13
       0.89       1.28       1.56       1.16       1.21       0.99       1.23       2.25       2.52
       0.79       1.22       1.80       1.23       1.08       1.26       1.80       2.26       2.28
       0.86       1.06       1.20       1.03       1.03       1.30       1.74       2.02       2.07
       0.99       1.14       1.09       0.86       1.40       1.77       1.16       1.17       1.27
       1.05       1.32       1.55       1.29       1.96       2.15       1.04       0.82       0.81
       1.09       1.04       1.48       1.83       1.92       1.93       1.20       0.86       0.56
       0.85       0.82       1.11       1.78       1.47       1.11       0.72       0.68       0.60
       0.75       0.83       1.15       1.30       1.43       0.90       0.59       0.65       0.64
       0.90       1.07       1.36       1.09       0.62       0.38       0.47       0.50       0.45
       0.61       0.97       1.31       1.28       0.94       0.40       0.37       0.33       0.32
       0.64       0.73       0.98       1.34       1.05       0.53       0.32       0.22       0.19
       0.49       0.77       1.01       1.19       1.01       0.70       0.43       0.22       0.20
       0.20       0.35       0.45       0.52       0.65       0.58       0.42       0.17       0.13
