         0    9   13
       0.32       0.39       0.55       0.48       0.43       0.26       0.23       0.15       0.12
       0.32       0.43       0.41       0.43       0.22       0.27       0.37       0.31       0.26
       0.30       0.46       0.36       0.22       0.26       0.46       0.49       0.31       0.61
       0.51       0.70       0.73       0.61       0.48       0.43       0.46       0.41       0.66
       0.83       0.85       0.93       0.90       0.79       0.43       0.65       0.62       0.95
       0.95       0.85       0.72       0.73       0.74       0.57       0.91       1.02       1.12
       0.93       1.09       1.00       0.90       0.94       0.86       0.95       1.02       1.10
       0.74       1.17       1.41       0.86       0.73       0.89       1.11       0.91       0.90
       0.73       0.95       0.69       0.42       0.45       0.89       0.79       0.51       0.58
       0.76       0.91       0.78       0.76       0.66       0.61       0.54       0.48       0.52
       0.55       0.53       0.70       0.72       0.47       0.32       0.45       0.45       0.38
       0.54       0.43       0.32       0.47       0.41       0.72       0.66       0.53       0.43
       0.58       0.60       0.30       0.33       0.54       0.76       0.85       0.53       0.32
     86400    9   13
       0.20       0.27       0.66       0.65       0.76       0.77       0.62       0.44       0.55
       0.19       0.24       0.74       0.55       0.55       0.81       0.50       0.32       0.44
       0.15       0.28       0.80       0.39       0.44       0.63       0.21       0.09       0.32
       0.13       0.17       0.65       0.31       0.46       0.49       0.21       0.17       0.28
       0.11       0.09       0.26       0.26       0.31       0.41       0.35       0.37       0.62
       0.33       0.43       0.24       0.33       0.46       0.48       0.58       0.48       0.58
       0.71       0.63       0.52       0.55       0.54       0.39       0.51       0.62       0.55
       0.52       0.40       0.41       0.49       0.60       0.71       0.82       0.83       0.55
       0.71       0.43       0.32       0.36       0.91       0.89       0.82       0.94       0.65
       0.68       0.61       0.47       0.48       0.95       0.98       0.95       0.82       0.57
       0.46       0.43       0.68       0.70       0.89       1.01       0.86       0.53       0.43
       0.72       0.55       0.52       0.65       0.86       0.81       0.64       0.55       0.60
       0.68       0.53       0.62       0.85       1.12       0.79       0.80       0.73       0.57
    172800    9   13
       0.33       0.34       0.46       0.22       0.16       0.21       0.38       0.23       0.15
       0.38       0.24       0.46       0.35       0.20       0.36       0.43       0.21       0.15
       0.53       0.29       0.51       0.32       0.36       0.64       0.57       0.30       0.57
       0.69       0.57       0.53       0.52       0.66       0.73       0.87       0.68       0.48
       0.79       0.67       0.66       0.61       0.70       0.78       0.89       0.68       0.56
       0.77       0.71       0.86       0.54       0.47       0.80       0.83       0.83       0.88
       0.61       0.90       1.00       0.66       0.65       0.64       0.83       0.95       0.90
       0.67       0.83       1.05       1.03       0.78       0.53       0.57       0.71       0.77
       1.02       1.02       0.95       0.92       0.87       0.84       0.68       0.62       1.01
       1.23       1.21       0.77       0.97       0.80       0.80       0.57       0.72       0.89
       1.18       1.49       1.08       0.88       0.76       0.62       0.74       0.57       0.51
       1.12       1.30       0.93       0.66       0.51       0.49       0.38       0.36       0.45
       1.04       0.88       0.59       0.69       0.88       0.55       0.42       0.41       0.41
    259200    9   13
       0.33       0.14       0.27       0.22       0.13       0.10       0.20       0.17       0.05
       0.22       0.10       0.34       0.36       0.20       0.20       0.17       0.18       0.05
       0.51       0.24       0.42       0.54       0.43       0.41       0.20       0.06       0.28
       0.50       0.29       0.41       0.53       0.43       0.43       0.29       0.12       0.35
       0.49       0.38       0.51       0.85       0.58       0.38       0.47       0.28       0.29
       0.48       0.30       0.45       0.79       0.68       0.45       0.75       0.60       0.55
       0.28       0.15       0.51       0.66       0.75       0.69       1.00       1.05       1.05
       0.08       0.26       0.68       0.76       1.16       1.12       1.16       1.21       1.09
       0.15       0.40       0.37       0.28       0.65       1.01       1.01       1.12       1.11
       0.20       0.26       0.39       0.30       0.47       0.56       0.70       0.99       1.02
       0.45       0.68       0.58       0.46       0.57       0.42       0.77       0.65       0.69
       1.08       1.07       0.60       0.44       0.38       0.38       0.49       0.35       0.51
       1.01       0.71       0.62       0.57       0.65       0.48       0.33       0.48       0.41
    345600    9   13
       0.35       0.38       0.49       0.35       0.29       0.26       0.17       0.10       0.14
       0.31       0.14       0.34       0.30       0.30       0.50       0.39       0.17       0.12
       0.27       0.15       0.33       0.25       0.23       0.57       0.63       0.39       0.46
       0.15       0.20       0.40       0.30       0.30       0.42       0.65       0.78       0.74
       0.14       0.15       0.38       0.32       0.32       0.56       0.79       0.81       0.93
       0.25       0.25       0.39       0.23       0.29       0.53       0.65       0.70       1.07
       0.32       0.31       0.37       0.23       0.33       0.39       0.37       0.46       0.85
       0.18       0.26       0.30       0.06       0.05       0.10       0.38       0.62       0.87
       0.12       0.14       0.12       0.08       0.07       0.23       0.50       0.67       0.77
       0.18       0.15       0.16       0.24       0.30       0.35       0.50       0.59       0.80
       0.14       0.08       0.13       0.25       0.22       0.17       0.42       0.63       0.68
       0.26       0.13       0.18       0.23       0.23       0.27       0.18       0.34       0.61
       0.52       0.36       0.46       0.42       0.55       0.47       0.11       0.13       0.36
    432000    9   13
       0.25       0.20       0.36       0.39       0.32       0.43       0.58       0.41       0.48
       0.25       0.22       0.30       0.25       0.12       0.51       0.71       0.48       0.36
       0.24       0.21       0.24       0.14       0.15       0.55       0.59       0.27       0.38
       0.28       0.30       0.42       0.37       0.27       0.50       0.58       0.36       0.44
       0.20       0.25       0.53       0.59       0.43       0.42       0.59       0.62       0.60
       0.45       0.43       0.57       0.71       0.67       0.67       0.98       0.72       0.62
       0.29       0.33       0.49       0.93       0.93       0.95       1.15       0.74       0.62
       0.42       0.39       0.45       0.70       0.85       0.74       0.77       0.64       0.64
       0.54       0.72       0.80       0.93       0.69       0.46       0.60       0.58       0.62
       0.78       1.00       1.17       1.24       0.90       0.90       0.77       0.60       0.61
       0.87       0.93       0.88       0.82       0.69       0.62       0.73       0.55       0.67
       0.83       0.71       0.69       0.76       0.65       0.31       0.36       0.52       0.78
       0.70       0.49       0.42       0.65       0.80       0.46       0.41       0.68       0.75
    518400    9   13
       1.06       1.52       2.40       1.93       1.61       1.45       1.06       1.11       1.21
       0.88       0.75       1.10       1.06       1.05       1.30       1.06       1.16       1.49
       0.88       0.59       0.67       0.49       0.40       1.21       1.18       0.81       0.99
       0.47       0.48       0.63       0.68       0.47       0.58       0.86       0.76       0.86
       0.49       0.45       0.57       0.79       0.57       0.49       0.74       0.62       0.82
       0.61       0.54       0.47       0.74       0.53       0.52       0.88       0.86       0.88
       0.41       0.44       0.48       0.62       0.51       0.54       0.90       1.16       1.11
       0.21       0.33       0.49       0.41       0.29       0.37       0.92       1.25       1.13
       0.17       0.24       0.28       0.22       0.21       0.55       1.07       1.18       1.41
       0.23       0.36       0.48       0.49       0.53       0.84       1.18       1.14       1.38
       0.48       0.64       0.70       0.72       0.70       0.68       0.97       1.18       1.35
       0.61       0.73       0.91       0.94       0.85       0.93       0.95       1.26       1.80
       0.75       0.73       0.88       1.09       1.15       1.23       0.96       1.29       1.76
    604800    9   13
       0.86       0.75       0.82       0.80       1.48       1.82       1.19       0.88       0.82
       0.82       0.53       0.67       0.73       1.07       1.21       0.70       0.24       0.28
       1.19       0.89       1.03       0.67       0.44       0.72       0.69       0.46       0.51
       0.79       0.73       0.95       0.92       0.70       0.80       1.03       0.96       0.86
       0.44       0.36       0.71       0.81       0.57       0.71       0.87       1.15       1.64
       0.19       0.13       0.39       0.58       0.38       0.48       0.78       1.22       1.89
       0.07       0.05       0.18       0.25       0.31       0.49       0.73       1.37       1.66
       0.18       0.14       0.11       0.07       0.12       0.33       0.67       1.04       1.14
       0.15       0.18       0.25       0.20       0.09       0.22       0.64       0.75       0.79
       0.37       0.31       0.29       0.33       0.25       0.20       0.41       0.52       0.56
       0.58       0.28       0.21       0.24       0.33       0.26       0.30       0.53       0.51
       0.58       0.39       0.28       0.30       0.39       0.35       0.27       0.43       0.33
       0.41       0.25       0.15       0.19       0.30       0.21       0.16       0.27       0.18
    691200    9   13
       0.27       0.46       0.68       0.77       0.79       0.60       0.62       0.64       0.36
       0.55       0.53       0.63       0.89       0.81       0.65       0.70       0.62       0.39
       0.49       0.47       0.33       0.32       0.48       0.78       0.64       0.57       0.71
       0.28       0.30       0.25       0.16       0.27       0.50       0.42       0.45       0.94
       0.32       0.25       0.38       0.26       0.31       0.39       0.35       0.46       0.78
       0.33       0.19       0.41       0.20       0.28       0.42       0.45       0.29       0.34
       0.32       0.16       0.23       0.13       0.24       0.49       0.62       0.27       0.30
       0.52       0.51       0.32       0.23       0.16       0.35       0.47       0.22       0.26
       0.41       0.54       0.29       0.23       0.24       0.29       0.37       0.13       0.17
       0.26       0.53       0.51       0.42       0.32       0.56       0.55       0.14       0.07
       0.21       0.59       0.83       0.72       0.48       0.40       0.57       0.26       0.14
       0.16       0.51       0.91       0.76       0.57       0.45       0.57       0.49       0.30
       0.10       0.26       0.60       0.73       0.62       0.52       0.42       0.55       0.39
    777600    9   13
       0.03       0.07       0.09       0.03       0.05       0.03       0.03       0.06       0.07
       0.11       0.14       0.15       0.05       0.11       0.08       0.05       0.05       0.06
       0.20       0.20       0.20       0.10       0.30       0.20       0.14       0.13       0.28
       0.33       0.33       0.35       0.21       0.28       0.33       0.29       0.28       0.41
       0.38       0.36       0.40       0.25       0.41       0.43       0.28       0.22       0.28
       0.42       0.43       0.45       0.26       0.43       0.39       0.30       0.25       0.39
       0.44       0.55       0.54       0.42       0.54       0.50       0.51       0.39       0.53
       0.27       0.42       0.49       0.50       0.68       0.65       0.82       0.79       0.77
       0.56       0.60       0.70       0.79       0.88       0.87       0.95       1.28       1.24
       0.47       0.61       1.03       0.94       1.03       1.10       0.89       0.97       0.84
       0.49       0.54       0.64       0.78       1.09       1.04       0.79       0.57       0.62
       0.43       0.42       0.46       0.81       1.17       0.84       0.94       0.77       0.76
       0.29       0.34       0.38       0.71       1.38       1.15       1.70       1.68       1.09
    864000    9   13
       0.23       0.37       0.60       0.47       0.34       0.45       0.63       0.42       0.29
       0.17       0.29       0.61       0.46       0.38       0.59       0.49       0.48       0.40
       0.20       0.34       0.55       0.34       0.48       0.62       0.38       0.41       0.80
       0.21       0.30       0.48       0.34       0.49       0.65       0.60       0.63       0.82
       0.18       0.23       0.38       0.29       0.32       0.82       0.86       0.79       0.89
       0.18       0.19       0.37       0.35       0.31       0.78       0.82       0.83       1.37
       0.29       0.27       0.37       0.54       0.50       0.79       0.84       0.83       1.49
       0.28       0.41       0.38       0.46       0.60       0.85       1.08       0.93       1.29
       0.25       0.39       0.47       0.51       0.56       1.03       1.33       1.08       1.56
       0.37       0.61       0.59       0.62       0.73       0.67       1.06       1.24       2.05
       0.60       0.71       0.65       0.59       0.54       0.44       0.97       1.42       1.66
       0.71       0.72       0.75       0.71       0.63       0.71       0.59       0.62       0.80
       0.56       0.51       0.76       0.70       0.72       0.78       0.35       0.25       0.62
    950400    9   13
       0.95       0.83       1.57       0.85       0.53       0.52       0.40       0.31       0.39
       1.03       1.12       1.09       0.79       0.68       0.65       0.73       0.61       0.54
       1.48       1.23       0.65       0.59       0.75       0.73       0.72       0.55       0.70
       1.02       1.13       0.61       0.77       1.01       0.69       0.51       0.52       1.07
       1.17       1.24       0.72       0.85       0.92       0.64       0.47       0.52       0.80
       0.74       0.95       0.90       0.85       0.82       0.79       0.55       0.59       0.53
       0.45       0.72       0.76       0.67       0.83       0.54       0.37       0.48       0.54
       0.31       0.60       0.42       0.48       0.54       0.42       0.34       0.37       0.51
       0.35       0.84       0.47       0.40       0.43       0.52       0.44       0.30       0.40
       0.42       0.68       0.45       0.53       0.85       0.57       0.38       0.40       0.60
       0.40       0.56       0.48       0.48       0.52       0.36       0.52       0.67       0.84
       0.45       0.53       0.60       1.18       1.51       1.63       1.25       1.11       0.99
       0.54       0.47       0.76       2.14       3.11       2.50       1.61       1.27       1.28
   1036800    9   13
       0.55       0.80       1.25       0.99       0.82       0.40       0.35       0.32       0.27
       0.58       0.76       1.06       0.82       0.58       0.33       0.43       0.42       0.60
       0.23       0.19       0.20       0.26       0.48       0.51       0.99       0.66       0.73
       0.30       0.17       0.14       0.31       0.46       0.56       1.05       0.41       0.26
       0.58       0.36       0.21       0.25       0.33       0.27       0.41       0.19       0.19
       0.84       0.61       0.34       0.46       0.45       0.27       0.19       0.12       0.25
       0.71       0.64       0.48       0.55       0.39       0.29       0.24       0.17       0.22
       0.88       0.66       0.62       0.49       0.46       0.38       0.27       0.21       0.18
       0.90       0.74       0.54       0.36       0.42       0.40       0.27       0.41       0.28
       0.83       0.69       0.50       0.37       0.39       0.36       0.40       0.84       0.64
       0.48       0.43       0.34       0.40       0.39       0.32       0.44       0.72       0.48
       0.29       0.36       0.49       0.63       0.49       0.54       0.52       0.54       0.25
       0.46       0.49       0.65       0.96       0.83       0.84       0.61       0.52       0.48
   1123200    9   13
       0.50       0.62       0.65       0.74       0.69       0.68       0.84       0.72       0.41
       0.51       0.61       0.73       0.85       0.68       1.02       0.98       0.83       0.70
       0.80       0.79       0.80       0.75       0.67       1.30       1.18       0.71       1.14
       0.27       0.49       0.75       0.97       0.73       0.79       0.90       1.02       1.07
       0.19       0.34       0.57       0.87       0.82       0.61       1.06       1.21       1.12
       0.23       0.39       0.43       0.65       0.75       0.78       1.12       1.22       1.12
       0.21       0.45       0.57       0.43       0.34       0.36       0.48       1.12       1.58
       0.23       0.41       0.51       0.15       0.10       0.13       0.38       0.82       1.11
       0.16       0.21       0.14       0.06       0.21       0.29       0.61       0.96       1.64
       0.20       0.19       0.08       0.15       0.39       0.43       0.36       0.76       1.57
       0.51       0.38       0.27       0.22       0.27       0.12       0.27       0.42       0.58
       0.75       0.52       0.36       0.28       0.32       0.23       0.59       0.48       0.13
       0.63       0.46       0.36       0.33       0.69       0.70       0.46       0.17       0.09
   1209600    9   13
       0.35       0.27       0.47       0.59       0.42       0.43       0.57       0.52       0.41
       0.19       0.19       0.34       0.38       0.30       0.44       0.61       0.40       0.40
       0.12       0.22       0.35       0.35       0.17       0.45       0.50       0.22       0.39
       0.12       0.24       0.35       0.46       0.31       0.32       0.24       0.26       0.47
       0.26       0.27       0.38       0.43       0.30       0.28       0.11       0.13       0.39
       0.40       0.32       0.32       0.31       0.26       0.26       0.11       0.08       0.20
       0.28       0.31       0.31       0.17       0.06       0.09       0.14       0.18       0.15
       0.18       0.24       0.27       0.08       0.05       0.10       0.34       0.48       0.39
       0.14       0.20       0.21       0.15       0.14       0.16       0.39       0.53       0.57
       0.18       0.13       0.10       0.11       0.21       0.25       0.22       0.16       0.22
       0.21       0.17       0.12       0.08       0.22       0.17       0.06       0.02       0.05
       0.20       0.26       0.23       0.08       0.07       0.09       0.05       0.03       0.13
       0.10       0.14       0.21       0.17       0.26       0.20       0.17       0.22       0.25
   1296000    9   13
       0.70       0.35       0.31       0.31       0.36       0.33       0.43       0.50       0.37
       0.43       0.38       0.32       0.30       0.31       0.38       0.58       0.58       0.38
       0.29       0.27       0.17       0.26       0.31       0.55       0.65       0.33       0.41
       0.26       0.26       0.17       0.24       0.36       0.37       0.36       0.37       0.46
       0.36       0.17       0.16       0.21       0.22       0.23       0.23       0.54       0.59
       0.46       0.32       0.19       0.19       0.28       0.23       0.24       0.44       0.77
       0.37       0.32       0.26       0.41       0.36       0.33       0.37       0.27       0.30
       0.09       0.12       0.25       0.16       0.17       0.14       0.09       0.11       0.17
       0.06       0.09       0.09       0.06       0.12       0.06       0.04       0.10       0.22
       0.16       0.05       0.09       0.20       0.28       0.22       0.13       0.12       0.22
       0.03       0.02       0.08       0.20       0.26       0.22       0.26       0.43       0.32
       0.01       0.06       0.11       0.17       0.09       0.09       0.16       0.32       0.45
       0.07       0.12       0.16       0.24       0.21       0.31       0.22       0.24       0.34
