         0    9   13
       0.15       0.06       0.26       0.51       0.52       0.52       0.47       0.48       0.54
       0.10       0.17       0.36       0.53       0.44       0.45       0.36       0.35       0.46
       0.11       0.23       0.58       0.63       0.49       0.49       0.29       0.22       0.41
       0.17       0.19       0.46       0.51       0.54       0.49       0.18       0.18       0.57
       0.23       0.13       0.29       0.46       0.32       0.40       0.13       0.11       0.52
       0.28       0.10       0.20       0.22       0.23       0.31       0.11       0.07       0.34
       0.44       0.34       0.26       0.18       0.13       0.28       0.06       0.02       0.09
       0.42       0.37       0.32       0.21       0.10       0.13       0.03       0.05       0.02
       0.43       0.47       0.42       0.21       0.11       0.13       0.06       0.11       0.07
       0.46       0.49       0.54       0.37       0.35       0.30       0.13       0.17       0.16
       0.38       0.58       0.74       0.49       0.50       0.34       0.17       0.21       0.22
       0.43       0.55       0.80       0.64       0.45       0.30       0.20       0.19       0.22
       0.27       0.47       0.70       0.67       0.52       0.35       0.20       0.18       0.22
     86400    9   13
       2.32       3.48       3.21       3.21       2.32       1.89       1.78       1.73       1.27
       2.10       2.78       2.14       1.70       1.52       1.47       1.40       1.43       1.68
       1.54       1.92       2.05       2.09       1.61       1.66       1.41       1.47       2.73
       1.29       1.60       2.47       3.40       2.73       2.37       1.84       2.60       3.27
       1.01       1.23       2.35       2.87       2.35       2.83       2.15       2.53       2.19
       0.97       1.33       1.77       1.67       1.23       2.00       2.00       2.17       1.70
       0.76       0.92       0.89       1.02       0.97       1.46       1.51       1.20       0.88
       0.44       0.61       0.71       0.71       0.68       0.84       0.75       0.79       0.88
       0.45       0.58       0.52       0.43       0.41       0.38       0.53       0.61       0.60
       0.45       0.47       0.37       0.40       0.48       0.42       0.59       0.68       0.48
       0.27       0.29       0.39       0.57       0.54       0.37       0.34       0.39       0.39
       0.26       0.35       0.51       0.65       0.46       0.29       0.16       0.08       0.24
       0.18       0.34       0.45       0.33       0.17       0.10       0.04       0.01       0.09
    172800    9   13
       0.93       0.43       0.36       0.26       0.51       0.76       0.53       0.43       0.26
       0.48       0.33       0.39       0.41       0.60       1.08       0.93       0.54       0.41
       0.33       0.27       0.42       0.82       0.71       1.27       0.98       0.60       0.67
       0.24       0.23       0.48       1.09       1.00       0.88       0.53       0.40       0.62
       0.32       0.42       0.68       1.00       0.79       0.51       0.24       0.20       0.26
       0.42       0.57       0.61       0.57       0.38       0.23       0.14       0.29       0.30
       0.33       0.38       0.35       0.21       0.23       0.30       0.19       0.27       0.44
       0.20       0.15       0.21       0.21       0.30       0.27       0.26       0.37       0.47
       0.23       0.22       0.20       0.22       0.22       0.21       0.17       0.21       0.33
       0.37       0.31       0.25       0.23       0.19       0.12       0.09       0.19       0.22
       0.28       0.28       0.24       0.16       0.14       0.12       0.08       0.09       0.04
       0.12       0.17       0.17       0.12       0.14       0.17       0.06       0.01       0.01
       0.08       0.11       0.12       0.15       0.24       0.20       0.07       0.01       0.04
    259200    9   13
       0.13       0.15       0.35       0.23       0.22       0.22       0.22       0.24       0.16
       0.23       0.19       0.23       0.21       0.22       0.32       0.31       0.22       0.23
       0.28       0.25       0.27       0.28       0.20       0.41       0.44       0.28       0.31
       0.28       0.26       0.30       0.34       0.26       0.28       0.42       0.42       0.35
       0.21       0.20       0.29       0.36       0.37       0.28       0.41       0.46       0.36
       0.16       0.19       0.25       0.35       0.40       0.32       0.31       0.28       0.23
       0.20       0.29       0.27       0.28       0.34       0.30       0.26       0.27       0.27
       0.29       0.35       0.34       0.20       0.18       0.18       0.22       0.24       0.35
       0.27       0.30       0.30       0.24       0.18       0.21       0.27       0.30       0.30
       0.25       0.40       0.39       0.34       0.30       0.26       0.31       0.31       0.37
       0.21       0.39       0.40       0.33       0.26       0.22       0.24       0.29       0.56
       0.14       0.34       0.41       0.40       0.32       0.34       0.24       0.21       0.40
       0.09       0.41       0.58       0.48       0.47       0.50       0.23       0.17       0.20
    345600    9   13
       0.07       0.21       0.30       0.38       0.53       0.76       0.71       0.64       0.68
       0.09       0.25       0.24       0.33       0.30       0.59       0.52       0.57       0.59
       0.27       0.38       0.31       0.32       0.48       0.43       0.54       0.50       0.68
       0.33       0.35       0.33       0.34       0.45       0.30       0.59       0.71       0.91
       0.15       0.20       0.23       0.49       0.61       0.32       0.50       0.62       0.92
       0.14       0.15       0.15       0.46       0.73       0.24       0.23       0.52       1.11
       0.13       0.14       0.08       0.21       0.26       0.07       0.08       0.36       0.66
       0.16       0.14       0.18       0.11       0.03       0.01       0.04       0.21       0.40
       0.31       0.26       0.17       0.07       0.05       0.09       0.05       0.31       0.48
       0.17       0.10       0.02       0.06       0.10       0.16       0.10       0.43       0.58
       0.02       0.02       0.02       0.06       0.11       0.12       0.14       0.52       0.63
       0.05       0.03       0.09       0.11       0.15       0.28       0.26       0.29       0.35
       0.17       0.34       0.65       0.46       0.48       0.44       0.28       0.23       0.58
    432000    9   13
       0.93       1.03       1.47       1.57       1.78       2.27       2.76       2.10       1.24
       1.00       1.50       1.81       1.82       1.86       1.73       2.00       1.30       0.74
       1.26       1.65       1.98       1.78       1.84       1.59       1.77       2.01       1.49
       1.54       1.83       1.90       1.79       2.62       2.62       1.93       3.21       2.98
       1.45       1.78       1.77       1.81       2.30       2.07       2.41       3.21       3.85
       1.14       1.79       1.62       1.34       1.87       1.93       2.17       2.32       2.56
       1.10       1.19       1.30       1.27       1.41       1.40       1.54       1.76       1.80
       0.75       1.16       1.18       1.22       1.07       0.88       1.05       1.37       1.24
       0.51       1.17       1.41       1.14       0.86       0.63       0.97       0.99       0.86
       0.49       0.62       1.03       1.16       1.14       0.72       0.71       0.69       0.62
       0.29       0.38       0.61       1.02       1.16       0.80       0.59       0.60       0.51
       0.22       0.34       0.51       0.76       1.14       1.34       0.92       0.75       0.71
       0.43       0.57       0.71       0.80       0.98       1.25       1.03       0.85       0.90
    518400    9   13
       0.15       0.12       0.13       0.29       0.28       0.20       0.35       0.23       0.28
       0.23       0.13       0.13       0.17       0.12       0.23       0.27       0.12       0.25
       0.22       0.12       0.14       0.21       0.33       0.96       0.41       0.24       0.70
       0.15       0.09       0.17       0.21       0.38       0.88       0.62       0.45       0.75
       0.42       0.29       0.36       0.24       0.18       0.22       0.34       0.46       0.78
       0.47       0.39       0.42       0.22       0.22       0.34       0.42       0.31       0.41
       0.49       0.35       0.40       0.32       0.40       0.35       0.34       0.21       0.34
       0.52       0.43       0.51       0.41       0.38       0.26       0.33       0.45       0.87
       0.51       0.44       0.33       0.27       0.22       0.27       0.29       0.41       0.64
       0.64       0.47       0.28       0.24       0.31       0.24       0.15       0.19       0.45
       0.72       0.67       0.51       0.47       0.39       0.16       0.27       0.30       0.27
       0.76       0.70       0.60       0.61       0.39       0.38       0.59       0.53       0.48
       0.51       0.57       0.54       0.72       0.84       0.94       0.99       1.02       0.84
    604800    9   13
       0.27       0.35       0.44       0.39       0.33       0.27       0.21       0.12       0.09
       0.28       0.27       0.35       0.26       0.28       0.30       0.25       0.24       0.55
       0.20       0.20       0.38       0.21       0.22       0.28       0.30       0.42       0.99
       0.08       0.12       0.29       0.22       0.23       0.20       0.34       0.57       0.27
       0.18       0.17       0.23       0.19       0.24       0.17       0.29       0.43       0.29
       0.14       0.14       0.21       0.08       0.16       0.20       0.32       0.46       0.40
       0.12       0.13       0.18       0.14       0.17       0.25       0.36       0.36       0.38
       0.16       0.17       0.26       0.20       0.18       0.24       0.22       0.13       0.36
       0.09       0.09       0.16       0.20       0.20       0.22       0.12       0.18       0.38
       0.18       0.16       0.20       0.25       0.62       0.68       0.20       0.12       0.18
       0.26       0.21       0.24       0.24       0.77       0.65       0.18       0.21       0.33
       0.21       0.15       0.24       0.27       0.28       0.18       0.22       0.46       0.45
       0.15       0.14       0.25       0.28       0.26       0.17       0.19       0.40       0.51
    691200    9   13
       0.58       0.48       0.29       0.28       0.20       0.15       0.09       0.06       0.05
       0.27       0.46       0.30       0.33       0.14       0.13       0.28       0.19       0.09
       0.24       0.29       0.44       0.29       0.16       0.41       0.45       0.16       0.21
       0.21       0.21       0.47       0.40       0.38       0.38       0.22       0.25       0.30
       0.26       0.23       0.44       0.25       0.08       0.12       0.07       0.29       0.48
       0.41       0.39       0.41       0.12       0.01       0.02       0.02       0.08       0.21
       0.22       0.31       0.21       0.05       0.01       0.03       0.02       0.01       0.02
       0.17       0.14       0.05       0.05       0.05       0.02       0.01       0.02       0.03
       0.10       0.07       0.04       0.06       0.04       0.02       0.03       0.04       0.06
       0.09       0.02       0.04       0.06       0.12       0.27       0.15       0.09       0.07
       0.02       0.02       0.11       0.25       0.30       0.31       0.30       0.34       0.15
       0.05       0.05       0.11       0.32       0.21       0.14       0.22       0.26       0.18
       0.12       0.16       0.17       0.25       0.29       0.27       0.17       0.26       0.38
    777600    9   13
       0.08       0.21       0.47       0.42       0.23       0.18       0.20       0.23       0.11
       0.29       0.40       0.40       0.37       0.24       0.19       0.27       0.21       0.11
       0.37       0.49       0.50       0.37       0.29       0.39       0.39       0.23       0.33
       0.24       0.41       0.54       0.41       0.52       0.42       0.49       0.27       0.46
       0.26       0.33       0.57       0.53       0.54       0.33       0.37       0.33       0.35
       0.32       0.26       0.24       0.46       0.36       0.19       0.25       0.24       0.32
       0.12       0.24       0.13       0.43       0.24       0.03       0.08       0.09       0.10
       0.07       0.13       0.18       0.14       0.08       0.02       0.00       0.01       0.01
       0.23       0.41       0.28       0.11       0.01       0.02       0.03       0.03       0.02
       0.34       0.43       0.25       0.08       0.02       0.12       0.09       0.06       0.05
       0.23       0.27       0.13       0.08       0.01       0.04       0.01       0.07       0.06
       0.08       0.17       0.11       0.04       0.03       0.03       0.05       0.03       0.04
       0.00       0.05       0.12       0.08       0.11       0.19       0.11       0.02       0.03
    864000    9   13
       0.15       0.12       0.07       0.08       0.12       0.16       0.17       0.11       0.06
       0.11       0.20       0.11       0.18       0.15       0.11       0.14       0.12       0.12
       0.10       0.18       0.22       0.37       0.27       0.15       0.21       0.18       0.36
       0.08       0.16       0.33       0.56       0.43       0.35       0.40       0.15       0.39
       0.11       0.15       0.24       0.52       0.40       0.15       0.45       0.27       0.77
       0.09       0.11       0.12       0.28       0.21       0.08       0.24       0.31       0.61
       0.10       0.09       0.04       0.13       0.05       0.01       0.04       0.08       0.21
       0.06       0.05       0.04       0.06       0.01       0.00       0.02       0.04       0.06
       0.15       0.13       0.19       0.11       0.05       0.05       0.03       0.01       0.04
       0.24       0.24       0.20       0.07       0.04       0.26       0.13       0.03       0.02
       0.25       0.24       0.14       0.06       0.08       0.32       0.06       0.04       0.07
       0.10       0.21       0.26       0.16       0.13       0.15       0.09       0.06       0.05
       0.06       0.05       0.09       0.22       0.18       0.09       0.01       0.03       0.04
    950400    9   13
       0.35       0.72       0.79       0.92       0.77       0.74       0.52       0.31       0.18
       0.28       0.70       0.88       0.84       0.77       0.95       0.93       0.51       0.23
       0.71       1.04       1.26       1.21       1.05       1.36       1.07       0.47       0.60
       0.91       1.19       1.48       1.61       1.36       1.23       0.92       0.67       0.90
       0.85       1.24       1.60       1.52       1.13       1.04       1.10       1.13       1.14
       0.88       1.33       1.18       1.00       0.93       1.20       1.19       1.28       1.36
       0.51       0.70       0.78       0.78       0.86       1.01       1.12       1.16       1.19
       0.26       0.35       0.71       0.78       0.83       0.85       0.96       0.89       1.04
       0.42       0.54       0.70       0.79       0.80       0.71       0.69       0.68       0.74
       0.36       0.24       0.40       0.69       0.79       0.65       0.47       0.59       0.59
       0.46       0.29       0.42       0.57       0.71       0.70       0.60       0.54       0.48
       0.50       0.17       0.40       0.51       0.45       0.54       0.52       0.35       0.32
       0.15       0.09       0.32       0.46       0.35       0.51       0.34       0.30       0.22
   1036800    9   13
       0.62       0.43       0.28       0.43       0.59       0.51       0.47       0.52       0.40
       1.24       0.79       0.61       0.59       0.55       0.56       0.46       0.50       0.34
       1.44       1.02       0.56       0.59       0.54       0.48       0.34       0.41       0.46
       0.80       0.69       0.48       0.47       0.59       0.45       0.41       0.36       0.30
       0.70       0.75       0.55       0.45       0.57       0.53       0.37       0.29       0.45
       0.59       0.60       0.54       0.35       0.44       0.41       0.38       0.32       0.41
       0.54       0.49       0.46       0.29       0.29       0.25       0.38       0.40       0.40
       0.41       0.40       0.37       0.19       0.16       0.26       0.42       0.42       0.53
       0.39       0.40       0.34       0.17       0.22       0.23       0.41       0.37       0.52
       0.59       0.41       0.29       0.16       0.22       0.28       0.38       0.44       0.54
       0.43       0.27       0.14       0.12       0.20       0.36       0.43       0.42       0.59
       0.26       0.32       0.17       0.12       0.33       0.41       0.41       0.54       0.58
       0.28       0.61       0.50       0.40       0.52       0.47       0.47       0.51       0.50
   1123200    9   13
       0.49       0.32       0.64       0.40       0.33       0.29       0.30       0.22       0.09
       0.34       0.29       0.48       0.38       0.32       0.35       0.32       0.27       0.16
       0.30       0.23       0.34       0.27       0.38       0.40       0.21       0.15       0.30
       0.26       0.36       0.43       0.29       0.42       0.32       0.19       0.10       0.40
       0.35       0.48       0.41       0.32       0.40       0.28       0.22       0.29       0.57
       0.32       0.45       0.41       0.44       0.39       0.22       0.24       0.40       0.49
       0.45       0.43       0.39       0.36       0.42       0.23       0.24       0.44       0.52
       0.28       0.32       0.42       0.46       0.60       0.38       0.38       0.44       0.39
       0.27       0.41       0.43       0.45       0.53       0.49       0.45       0.48       0.37
       0.44       0.45       0.40       0.34       0.33       0.46       0.42       0.51       0.39
       0.31       0.23       0.26       0.28       0.29       0.49       0.36       0.43       0.43
       0.28       0.23       0.26       0.28       0.23       0.20       0.36       0.34       0.48
       0.30       0.29       0.36       0.50       0.40       0.26       0.41       0.21       0.30
   1209600    9   13
       0.31       0.54       0.52       0.28       0.28       0.13       0.26       0.59       0.60
       0.26       0.42       0.59       0.32       0.22       0.15       0.35       0.44       0.43
       0.23       0.37       0.65       0.28       0.26       0.44       0.38       0.28       0.52
       0.22       0.40       0.55       0.49       0.33       0.50       0.40       0.29       0.46
       0.20       0.25       0.34       0.33       0.35       0.43       0.21       0.37       0.62
       0.22       0.22       0.28       0.25       0.34       0.35       0.36       0.51       0.73
       0.16       0.22       0.25       0.24       0.46       0.42       0.33       0.39       0.44
       0.14       0.17       0.19       0.22       0.40       0.50       0.41       0.52       0.50
       0.14       0.10       0.11       0.33       0.39       0.51       0.50       0.60       0.52
       0.19       0.12       0.16       0.41       0.40       0.59       0.62       0.51       0.40
       0.17       0.16       0.15       0.30       0.37       0.35       0.70       0.52       0.38
       0.11       0.18       0.16       0.26       0.40       0.37       0.72       0.68       0.56
       0.11       0.17       0.14       0.28       0.51       0.59       0.55       0.60       0.83
   1296000    9   13
       0.20       0.40       0.60       0.55       0.89       0.57       0.26       0.23       0.42
       0.22       0.46       0.44       0.13       0.47       0.32       0.16       0.23       0.20
       0.23       0.27       0.25       0.11       0.46       0.47       0.48       0.28       0.16
       0.22       0.40       0.34       0.28       0.54       0.68       0.46       0.26       0.26
       0.36       0.59       0.66       0.56       0.57       0.59       0.44       0.23       0.23
       0.63       0.75       0.82       0.57       0.71       0.71       0.44       0.33       0.33
       0.61       0.53       0.70       0.62       0.79       0.71       0.44       0.51       0.60
       0.60       0.46       0.76       0.58       0.67       0.73       0.45       0.40       0.46
       0.50       0.48       0.46       0.33       0.43       0.44       0.48       0.48       0.34
       0.72       0.59       0.58       0.41       0.69       0.72       0.71       0.61       0.40
       0.84       0.59       0.58       0.60       0.52       0.70       0.96       0.62       0.50
       0.93       0.75       0.61       0.63       0.43       0.50       0.63       0.58       0.43
       0.98       0.83       0.59       0.51       0.61       0.62       0.35       0.28       0.30
