         0    9   13
       0.12       0.07       0.10       0.11       0.13       0.18       0.23       0.10       0.01
       0.23       0.19       0.20       0.26       0.20       0.23       0.20       0.05       0.02
       0.31       0.32       0.33       0.34       0.28       0.23       0.25       0.10       0.15
       0.45       0.33       0.32       0.24       0.24       0.16       0.27       0.16       0.34
       0.37       0.23       0.17       0.14       0.13       0.15       0.26       0.31       0.42
       0.21       0.11       0.05       0.14       0.15       0.16       0.22       0.32       0.30
       0.35       0.26       0.14       0.24       0.09       0.09       0.08       0.26       0.42
       0.35       0.24       0.14       0.12       0.07       0.14       0.24       0.26       0.25
       0.42       0.42       0.23       0.12       0.08       0.25       0.35       0.38       0.24
       0.52       0.53       0.32       0.33       0.21       0.47       0.52       0.62       0.45
       0.60       0.59       0.64       0.50       0.36       0.61       0.46       0.56       0.56
       0.41       0.57       0.70       0.51       0.46       0.53       0.33       0.52       0.45
       0.14       0.43       0.78       0.62       0.26       0.42       0.37       0.42       0.39
     86400    9   13
       0.09       0.07       0.12       0.15       0.10       0.11       0.07       0.05       0.07
       0.19       0.10       0.20       0.09       0.08       0.08       0.05       0.09       0.12
       0.12       0.09       0.18       0.09       0.09       0.25       0.18       0.20       0.31
       0.18       0.12       0.12       0.08       0.24       0.35       0.25       0.31       0.49
       0.24       0.19       0.10       0.06       0.21       0.37       0.22       0.32       0.40
       0.29       0.33       0.15       0.05       0.15       0.29       0.26       0.30       0.34
       0.17       0.24       0.17       0.16       0.31       0.38       0.29       0.22       0.31
       0.09       0.17       0.26       0.19       0.18       0.21       0.09       0.13       0.19
       0.11       0.15       0.12       0.16       0.12       0.13       0.09       0.17       0.32
       0.11       0.11       0.08       0.16       0.19       0.20       0.22       0.35       0.31
       0.16       0.20       0.24       0.21       0.30       0.27       0.26       0.66       0.46
       0.52       0.46       0.35       0.32       0.28       0.38       0.49       0.88       0.76
       0.54       0.57       0.55       0.51       0.36       0.47       0.49       1.00       1.05
    172800    9   13
       0.14       0.60       0.82       0.64       0.82       0.67       0.70       0.69       0.35
       0.19       0.56       0.79       0.47       0.33       0.28       0.38       0.41       0.34
       0.32       0.41       0.70       0.46       0.38       0.54       0.55       0.45       0.80
       0.32       0.21       0.54       0.33       0.34       0.60       0.60       0.44       0.77
       0.36       0.48       0.39       0.34       0.41       0.94       0.54       0.49       0.67
       0.50       0.34       0.20       0.35       0.32       0.71       0.44       0.43       0.62
       0.23       0.25       0.17       0.21       0.20       0.25       0.21       0.43       0.82
       0.32       0.22       0.15       0.18       0.17       0.21       0.28       0.53       0.73
       0.34       0.33       0.30       0.25       0.20       0.23       0.48       0.67       0.62
       0.48       0.44       0.27       0.25       0.24       0.33       0.26       0.42       0.42
       0.42       0.45       0.44       0.39       0.29       0.36       0.11       0.26       0.32
       0.28       0.43       0.49       0.48       0.43       0.45       0.19       0.40       0.44
       0.18       0.28       0.42       0.53       0.43       0.44       0.46       0.51       0.32
    259200    9   13
       0.60       0.53       0.34       0.45       0.60       0.49       0.60       0.57       0.16
       0.43       0.49       0.42       0.49       0.58       0.45       0.60       0.39       0.14
       0.30       0.18       0.36       0.48       0.60       0.56       0.41       0.33       0.56
       0.14       0.21       0.39       0.42       0.55       0.62       0.61       0.40       0.61
       0.28       0.31       0.33       0.28       0.41       0.72       0.74       0.55       0.70
       0.28       0.32       0.23       0.43       0.44       0.72       0.76       0.48       0.44
       0.37       0.29       0.20       0.22       0.34       0.59       0.68       0.40       0.39
       0.29       0.15       0.28       0.20       0.17       0.36       0.65       0.76       0.58
       0.29       0.38       0.49       0.29       0.09       0.21       0.52       0.77       0.81
       0.62       0.54       0.43       0.34       0.28       0.34       0.35       0.70       0.72
       0.77       0.62       0.59       0.43       0.47       0.50       0.32       0.77       0.95
       0.86       0.79       0.66       0.62       0.38       0.51       0.34       0.69       0.76
       0.98       0.88       0.80       0.63       0.36       0.42       0.52       0.60       0.71
    345600    9   13
       0.01       0.05       0.14       0.06       0.02       0.02       0.07       0.06       0.05
       0.03       0.08       0.19       0.02       0.01       0.05       0.23       0.07       0.03
       0.08       0.12       0.25       0.12       0.14       0.26       0.26       0.06       0.18
       0.18       0.11       0.19       0.21       0.22       0.37       0.24       0.14       0.46
       0.24       0.29       0.23       0.17       0.28       0.45       0.29       0.33       0.52
       0.34       0.45       0.22       0.13       0.19       0.42       0.41       0.47       0.46
       0.40       0.51       0.39       0.23       0.12       0.38       0.47       0.39       0.53
       0.64       0.57       0.36       0.28       0.10       0.31       0.24       0.28       0.28
       0.69       0.60       0.39       0.51       0.11       0.04       0.07       0.07       0.04
       0.96       0.61       0.34       0.55       0.34       0.11       0.03       0.01       0.01
       0.76       0.64       0.53       0.38       0.29       0.45       0.15       0.03       0.02
       0.61       0.56       0.39       0.36       0.22       0.49       0.44       0.16       0.04
       0.45       0.46       0.46       0.48       0.23       0.51       0.57       0.34       0.12
    432000    9   13
       0.53       0.66       0.77       0.58       0.47       0.71       0.74       0.86       0.47
       0.38       0.51       0.52       0.29       0.39       0.57       0.69       0.30       0.11
       0.39       0.36       0.44       0.36       0.43       0.66       0.92       0.76       0.46
       0.47       0.37       0.31       0.28       0.26       0.69       0.73       0.74       0.88
       0.49       0.47       0.35       0.24       0.27       0.70       0.64       0.74       1.22
       0.53       0.37       0.23       0.17       0.31       0.68       0.67       0.61       0.94
       0.44       0.47       0.32       0.26       0.50       0.65       0.46       0.48       0.87
       0.29       0.61       0.57       0.48       0.59       0.57       0.51       0.75       0.94
       0.42       0.71       0.75       0.64       0.67       0.58       0.50       0.72       0.96
       0.39       0.47       0.59       0.79       0.64       0.76       0.55       0.95       1.35
       0.22       0.34       0.76       0.90       0.82       0.94       0.55       0.75       1.34
       0.41       0.45       0.79       0.93       0.84       0.97       0.69       0.80       1.04
       0.38       0.41       0.74       1.22       0.91       0.91       0.97       0.89       0.87
    518400    9   13
       0.57       0.66       0.60       0.29       0.16       0.20       0.32       0.36       0.23
       0.49       0.49       0.46       0.39       0.21       0.18       0.21       0.22       0.11
       0.43       0.40       0.42       0.39       0.27       0.16       0.20       0.33       0.22
       0.41       0.43       0.39       0.27       0.12       0.12       0.17       0.25       0.32
       0.34       0.45       0.35       0.26       0.26       0.28       0.29       0.27       0.31
       0.34       0.41       0.36       0.38       0.37       0.35       0.45       0.62       0.64
       0.60       0.42       0.36       0.52       0.46       0.44       0.55       0.64       0.56
       0.77       0.58       0.38       0.55       0.55       0.67       0.77       0.65       0.39
       0.70       0.61       0.53       0.46       0.54       0.68       0.79       0.73       0.49
       0.81       0.59       0.71       0.45       0.27       0.55       0.75       0.84       0.61
       0.57       0.74       0.90       0.41       0.27       0.47       0.54       0.77       0.62
       0.26       0.50       0.70       0.45       0.31       0.42       0.32       0.57       0.54
       0.59       0.43       0.51       0.48       0.24       0.49       0.27       0.44       0.54
    604800    9   13
       0.18       0.17       0.06       0.02       0.01       0.01       0.00       0.00       0.00
       0.37       0.42       0.18       0.04       0.02       0.02       0.01       0.00       0.00
       0.45       0.58       0.32       0.13       0.05       0.04       0.02       0.01       0.03
       0.41       0.44       0.34       0.16       0.22       0.12       0.04       0.14       0.23
       0.35       0.30       0.29       0.24       0.27       0.15       0.12       0.38       0.46
       0.34       0.40       0.31       0.38       0.43       0.25       0.18       0.29       0.49
       0.39       0.41       0.36       0.25       0.32       0.26       0.18       0.15       0.19
       0.40       0.43       0.33       0.18       0.15       0.09       0.03       0.02       0.02
       0.56       0.68       0.43       0.21       0.04       0.03       0.01       0.01       0.01
       0.58       0.58       0.58       0.40       0.11       0.03       0.04       0.02       0.02
       0.63       0.59       0.57       0.31       0.17       0.17       0.03       0.01       0.01
       0.72       0.64       0.56       0.16       0.08       0.13       0.02       0.00       0.00
       0.37       0.48       0.57       0.33       0.04       0.01       0.00       0.00       0.00
    691200    9   13
       0.25       0.51       0.43       0.30       0.31       0.20       0.13       0.20       0.15
       0.14       0.20       0.43       0.31       0.22       0.15       0.18       0.12       0.03
       0.21       0.09       0.29       0.30       0.28       0.14       0.24       0.17       0.15
       0.19       0.07       0.18       0.17       0.33       0.27       0.27       0.27       0.43
       0.14       0.09       0.09       0.07       0.31       0.43       0.33       0.28       0.37
       0.18       0.22       0.09       0.02       0.22       0.41       0.28       0.20       0.19
       0.22       0.22       0.13       0.06       0.23       0.25       0.17       0.17       0.14
       0.23       0.28       0.16       0.08       0.09       0.08       0.13       0.21       0.24
       0.25       0.31       0.16       0.09       0.07       0.16       0.18       0.22       0.21
       0.25       0.23       0.29       0.20       0.11       0.12       0.11       0.14       0.11
       0.36       0.35       0.37       0.23       0.11       0.18       0.11       0.07       0.11
       0.35       0.44       0.30       0.24       0.14       0.26       0.14       0.03       0.01
       0.38       0.39       0.29       0.27       0.12       0.13       0.12       0.04       0.01
    777600    9   13
       0.36       0.46       0.46       0.49       0.62       0.48       0.35       0.25       0.18
       0.71       0.60       0.52       0.53       0.57       0.45       0.32       0.29       0.24
       0.65       0.48       0.47       0.43       0.62       0.49       0.39       0.24       0.32
       0.32       0.36       0.43       0.46       0.54       0.47       0.35       0.41       0.47
       0.33       0.35       0.43       0.34       0.46       0.44       0.31       0.39       0.35
       0.33       0.28       0.21       0.13       0.29       0.40       0.25       0.22       0.18
       0.43       0.21       0.16       0.18       0.28       0.27       0.17       0.18       0.21
       0.67       0.36       0.18       0.14       0.11       0.11       0.17       0.22       0.22
       0.88       0.67       0.25       0.10       0.07       0.11       0.17       0.18       0.23
       0.85       0.73       0.42       0.17       0.16       0.12       0.16       0.17       0.24
       0.29       0.48       0.59       0.28       0.16       0.16       0.12       0.14       0.24
       0.37       0.48       0.54       0.32       0.20       0.22       0.16       0.20       0.26
       0.47       0.46       0.47       0.36       0.21       0.21       0.16       0.22       0.26
    864000    9   13
       0.26       0.23       0.23       0.06       0.01       0.00       0.00       0.00       0.00
       0.35       0.31       0.28       0.15       0.03       0.01       0.00       0.00       0.00
       0.31       0.32       0.35       0.29       0.21       0.12       0.02       0.01       0.01
       0.29       0.30       0.45       0.34       0.42       0.27       0.07       0.11       0.07
       0.27       0.37       0.35       0.35       0.41       0.32       0.14       0.22       0.20
       0.17       0.24       0.18       0.30       0.27       0.22       0.21       0.29       0.18
       0.34       0.21       0.13       0.14       0.11       0.11       0.16       0.18       0.08
       0.34       0.23       0.18       0.22       0.09       0.14       0.07       0.05       0.02
       0.24       0.30       0.14       0.20       0.22       0.19       0.07       0.05       0.03
       0.27       0.18       0.09       0.09       0.10       0.08       0.02       0.02       0.07
       0.30       0.33       0.24       0.04       0.02       0.02       0.01       0.02       0.05
       0.22       0.25       0.18       0.04       0.02       0.03       0.01       0.02       0.05
       0.29       0.28       0.21       0.06       0.02       0.03       0.01       0.03       0.05
    950400    9   13
       0.06       0.05       0.01       0.00       0.00       0.00       0.00       0.00       0.00
       0.05       0.11       0.08       0.01       0.00       0.00       0.00       0.00       0.00
       0.23       0.20       0.13       0.04       0.03       0.01       0.00       0.00       0.00
       0.28       0.34       0.21       0.11       0.11       0.06       0.00       0.00       0.02
       0.35       0.38       0.29       0.17       0.20       0.10       0.02       0.03       0.05
       0.41       0.40       0.27       0.25       0.34       0.21       0.11       0.09       0.06
       0.36       0.41       0.36       0.32       0.30       0.27       0.24       0.22       0.20
       0.33       0.42       0.38       0.25       0.20       0.16       0.15       0.25       0.25
       0.30       0.35       0.21       0.16       0.06       0.03       0.02       0.06       0.12
       0.13       0.16       0.11       0.15       0.03       0.00       0.00       0.00       0.01
       0.07       0.07       0.02       0.01       0.00       0.00       0.00       0.00       0.00
       0.07       0.08       0.03       0.00       0.00       0.00       0.00       0.00       0.00
       0.09       0.10       0.05       0.01       0.00       0.00       0.00       0.00       0.00
   1036800    9   13
       0.02       0.02       0.02       0.03       0.03       0.04       0.04       0.03       0.03
       0.05       0.02       0.02       0.03       0.03       0.04       0.03       0.01       0.01
       0.05       0.02       0.02       0.03       0.03       0.07       0.06       0.03       0.03
       0.06       0.03       0.03       0.05       0.04       0.07       0.07       0.06       0.09
       0.14       0.10       0.06       0.08       0.03       0.06       0.05       0.05       0.05
       0.25       0.21       0.09       0.05       0.05       0.05       0.06       0.08       0.07
       0.33       0.20       0.10       0.09       0.11       0.06       0.07       0.08       0.09
       0.33       0.32       0.18       0.15       0.19       0.19       0.23       0.24       0.18
       0.59       0.46       0.27       0.30       0.38       0.41       0.46       0.48       0.42
       0.57       0.43       0.32       0.39       0.49       0.53       0.66       0.76       0.75
       0.63       0.60       0.63       0.61       0.70       0.95       1.04       0.94       0.92
       0.72       0.79       0.83       0.67       0.77       0.89       1.12       1.11       1.05
       0.60       0.71       0.58       0.47       0.71       0.71       0.99       1.18       0.99
   1123200    9   13
       0.01       0.00       0.00       0.00       0.00       0.00       0.00       0.02       0.02
       0.04       0.03       0.01       0.00       0.00       0.00       0.00       0.02       0.03
       0.07       0.05       0.02       0.01       0.03       0.04       0.00       0.00       0.01
       0.20       0.09       0.03       0.03       0.11       0.09       0.01       0.01       0.02
       0.20       0.12       0.05       0.03       0.08       0.04       0.01       0.02       0.04
       0.21       0.11       0.03       0.03       0.05       0.02       0.01       0.02       0.03
       0.20       0.11       0.01       0.02       0.02       0.01       0.01       0.02       0.02
       0.16       0.07       0.02       0.01       0.01       0.01       0.04       0.08       0.05
       0.28       0.11       0.06       0.01       0.02       0.06       0.06       0.08       0.03
       0.35       0.21       0.11       0.02       0.01       0.03       0.04       0.03       0.01
       0.32       0.37       0.19       0.02       0.01       0.01       0.02       0.02       0.02
       0.07       0.18       0.13       0.01       0.01       0.01       0.01       0.02       0.02
       0.04       0.04       0.07       0.02       0.00       0.00       0.00       0.02       0.02
   1209600    9   13
       0.00       0.00       0.00       0.00       0.00       0.00       0.00       0.00       0.00
       0.00       0.00       0.00       0.00       0.00       0.00       0.00       0.00       0.00
       0.00       0.00       0.00       0.00       0.01       0.01       0.00       0.00       0.01
       0.00       0.00       0.00       0.00       0.02       0.05       0.01       0.00       0.02
       0.02       0.03       0.02       0.01       0.05       0.03       0.00       0.01       0.01
       0.10       0.14       0.03       0.02       0.05       0.03       0.00       0.01       0.01
       0.14       0.15       0.03       0.03       0.05       0.02       0.00       0.00       0.00
       0.22       0.26       0.10       0.02       0.00       0.00       0.00       0.00       0.00
       0.16       0.15       0.03       0.00       0.00       0.00       0.00       0.00       0.00
       0.22       0.08       0.05       0.01       0.01       0.03       0.04       0.02       0.00
       0.34       0.20       0.18       0.03       0.02       0.05       0.09       0.07       0.02
       0.22       0.21       0.18       0.03       0.02       0.04       0.04       0.06       0.02
       0.26       0.25       0.14       0.06       0.01       0.01       0.01       0.02       0.02
   1296000    9   13
       0.19       0.15       0.01       0.00       0.01       0.01       0.00       0.00       0.00
       0.14       0.06       0.03       0.00       0.00       0.00       0.00       0.00       0.00
       0.08       0.05       0.05       0.02       0.03       0.06       0.02       0.00       0.02
       0.12       0.06       0.06       0.03       0.09       0.04       0.01       0.01       0.07
       0.16       0.09       0.09       0.06       0.06       0.02       0.00       0.01       0.02
       0.27       0.16       0.16       0.06       0.10       0.07       0.01       0.00       0.00
       0.27       0.24       0.14       0.12       0.23       0.11       0.04       0.01       0.00
       0.36       0.22       0.15       0.14       0.20       0.15       0.08       0.04       0.01
       0.27       0.17       0.13       0.10       0.12       0.16       0.10       0.11       0.05
       0.14       0.11       0.10       0.08       0.08       0.12       0.11       0.15       0.10
       0.20       0.14       0.12       0.10       0.10       0.13       0.16       0.18       0.06
       0.22       0.18       0.15       0.08       0.11       0.14       0.12       0.18       0.10
       0.25       0.28       0.22       0.13       0.09       0.14       0.07       0.09       0.06
