         0    9   13
       1.33       1.16       0.74       0.35       0.40       0.44       0.55       0.61       0.43
       1.02       0.95       0.82       0.61       0.56       0.62       0.60       0.62       0.53
       1.45       1.28       1.02       0.97       1.04       0.80       0.85       0.76       0.52
       1.95       1.38       1.36       0.89       0.77       0.70       0.79       0.78       0.61
       1.50       1.12       0.96       0.92       0.95       0.88       0.79       0.64       0.53
       0.77       0.85       0.60       0.74       0.78       0.71       0.80       0.74       0.69
       0.74       0.75       0.57       0.57       0.50       0.49       0.68       0.68       0.74
       0.72       0.61       0.59       0.47       0.54       0.60       0.67       0.86       0.80
       0.83       0.73       0.69       0.42       0.71       0.93       0.95       1.30       1.33
       0.74       0.69       0.62       0.55       1.23       1.69       1.15       1.39       1.31
       0.90       0.70       0.69       0.62       1.34       3.56       2.17       1.60       1.33
       1.02       0.68       0.59       0.64       0.53       1.38       1.76       1.73       1.73
       0.99       0.72       0.66       0.58       0.42       0.71       0.74       1.23       1.79
     86400    9   13
       0.36       0.70       0.65       0.82       0.43       0.36       0.41       0.42       0.35
       0.30       0.77       0.73       0.62       0.41       0.27       0.21       0.22       0.36
       0.80       1.09       1.01       0.52       0.49       0.29       0.26       0.23       0.24
       1.74       0.90       0.89       0.62       0.58       0.36       0.30       0.21       0.44
       1.53       0.97       1.12       1.06       0.92       0.51       0.39       0.34       0.56
       1.36       1.27       1.36       1.30       1.10       0.64       0.59       0.48       0.63
       1.93       1.45       1.31       1.65       1.37       0.84       0.92       0.80       0.69
       2.42       2.37       1.55       1.94       2.28       1.11       1.09       0.95       0.75
       1.60       2.08       1.54       1.53       1.83       1.23       1.23       1.37       1.22
       1.74       1.64       1.25       1.11       1.21       1.41       1.66       1.69       1.47
       1.62       1.62       1.45       1.24       1.70       2.00       2.43       2.44       1.84
       1.47       2.04       2.07       2.16       3.36       2.09       1.85       2.10       1.93
       1.57       1.87       2.05       2.80       3.57       1.51       1.72       1.35       1.82
    172800    9   13
       0.44       0.52       0.39       0.32       0.28       0.34       0.29       0.18       0.11
       0.48       0.72       0.43       0.24       0.23       0.32       0.27       0.12       0.11
       1.05       0.46       0.38       0.23       0.43       0.43       0.21       0.19       0.19
       1.11       0.89       0.50       0.63       0.54       0.57       0.21       0.17       0.17
       0.49       0.87       0.60       0.96       0.50       0.41       0.25       0.15       0.19
       0.53       0.63       0.51       0.53       0.40       0.33       0.18       0.12       0.16
       0.61       0.91       0.37       0.22       0.25       0.23       0.12       0.09       0.14
       0.64       1.19       0.24       0.07       0.14       0.18       0.10       0.07       0.08
       0.47       0.47       0.12       0.04       0.09       0.23       0.07       0.07       0.06
       1.08       0.14       0.05       0.02       0.06       0.24       0.09       0.03       0.02
       1.65       0.50       0.16       0.03       0.02       0.06       0.05       0.01       0.01
       1.26       0.68       0.23       0.03       0.03       0.05       0.09       0.02       0.00
       0.72       0.19       0.08       0.04       0.07       0.12       0.20       0.23       0.12
    259200    9   13
       0.37       0.35       0.40       0.37       0.40       0.29       0.23       0.14       0.15
       0.29       0.21       0.33       0.23       0.14       0.11       0.18       0.28       0.30
       0.10       0.05       0.26       0.19       0.10       0.26       0.40       0.43       0.36
       0.21       0.28       0.43       0.28       0.35       0.48       0.50       0.43       0.31
       0.77       0.62       0.62       0.47       0.83       0.72       0.46       0.45       0.44
       0.57       0.51       0.62       0.48       0.52       0.57       0.36       0.35       0.47
       0.40       0.23       0.21       0.19       0.40       0.36       0.30       0.33       0.43
       0.27       0.13       0.08       0.15       0.30       0.29       0.14       0.30       0.39
       0.36       0.20       0.11       0.18       0.33       0.31       0.11       0.14       0.28
       0.53       0.26       0.18       0.38       0.49       0.32       0.12       0.17       0.24
       0.34       0.21       0.16       0.43       0.41       0.39       0.52       0.25       0.37
       0.21       0.23       0.13       0.28       0.29       0.45       0.65       0.40       0.53
       0.11       0.18       0.16       0.27       0.60       0.70       0.77       0.70       0.66
    345600    9   13
       0.47       0.40       0.24       0.26       0.16       0.42       0.49       0.41       0.44
       0.61       0.54       0.42       0.62       0.40       0.44       0.49       0.67       0.61
       0.49       0.60       0.61       0.84       0.61       0.58       0.48       0.43       0.70
       0.51       0.67       0.54       0.59       0.40       0.34       0.16       0.20       0.73
       0.46       0.35       0.25       0.15       0.15       0.26       0.10       0.30       0.78
       0.14       0.08       0.13       0.14       0.31       0.33       0.13       0.21       0.59
       0.07       0.17       0.51       0.38       0.49       0.53       0.34       0.36       0.64
       0.09       0.19       0.62       0.55       0.48       0.56       0.48       1.02       1.28
       0.30       0.63       0.70       0.51       0.42       0.59       0.86       1.39       1.43
       0.54       0.65       0.47       0.44       0.74       1.12       0.82       0.86       0.90
       0.41       0.39       0.28       0.47       0.71       0.79       0.70       0.75       0.79
       0.21       0.32       0.34       0.55       0.66       0.59       0.45       0.46       0.26
       0.11       0.28       0.24       0.36       0.77       0.39       0.24       0.20       0.09
    432000    9   13
       0.37       0.29       0.52       0.71       0.66       0.69       0.84       0.53       0.42
       0.62       0.48       0.50       0.46       0.36       0.65       0.74       0.38       0.37
       0.80       0.85       0.49       0.36       0.11       0.61       0.62       0.36       0.70
       0.65       0.56       0.28       0.20       0.25       0.55       0.42       0.42       0.54
       0.39       0.17       0.26       0.24       0.42       0.54       0.69       0.71       0.78
       0.35       0.15       0.17       0.14       0.39       0.63       0.61       0.47       0.58
       0.20       0.29       0.49       0.51       0.53       0.67       0.27       0.32       0.43
       0.23       0.43       0.52       0.30       0.18       0.17       0.09       0.27       0.50
       0.55       0.70       0.28       0.07       0.02       0.03       0.10       0.20       0.24
       0.60       0.38       0.16       0.14       0.10       0.16       0.20       0.28       0.16
       0.47       0.07       0.15       0.22       0.23       0.26       0.36       0.66       0.39
       0.40       0.09       0.11       0.23       0.26       0.38       0.36       0.46       0.54
       0.42       0.64       0.71       0.84       0.58       0.46       0.45       0.57       0.75
    518400    9   13
       0.58       0.92       1.62       1.20       1.03       0.81       0.56       0.56       0.50
       0.50       0.78       1.47       0.93       0.71       0.79       0.82       0.74       0.63
       0.69       1.01       1.24       0.72       0.66       0.88       0.92       0.59       0.73
       0.68       0.86       1.03       0.74       0.82       0.91       0.76       0.64       0.59
       0.65       0.43       1.01       0.87       0.85       0.78       0.64       0.60       0.45
       0.77       0.59       0.65       0.58       0.52       0.54       0.40       0.28       0.31
       0.73       0.46       0.40       0.37       0.34       0.32       0.12       0.04       0.30
       0.24       0.35       0.29       0.09       0.06       0.07       0.03       0.06       0.32
       0.21       0.31       0.15       0.04       0.04       0.07       0.16       0.26       0.46
       0.06       0.06       0.04       0.04       0.06       0.32       0.30       0.33       0.51
       0.04       0.08       0.08       0.08       0.10       0.17       0.33       0.41       0.44
       0.05       0.12       0.13       0.12       0.04       0.07       0.12       0.29       0.28
       0.14       0.28       0.35       0.28       0.17       0.09       0.16       0.14       0.14
    604800    9   13
       0.24       0.14       0.17       0.31       0.58       0.29       0.31       0.35       0.41
       0.18       0.13       0.32       0.22       0.35       0.21       0.25       0.36       0.51
       0.08       0.23       0.48       0.18       0.42       0.39       0.58       0.52       0.76
       0.11       0.50       0.47       0.21       0.46       0.50       0.46       0.40       0.45
       0.28       0.35       0.37       0.36       0.43       0.68       0.63       0.64       0.70
       0.65       0.44       0.51       0.47       0.36       0.55       0.86       0.83       0.77
       0.72       0.62       0.64       0.78       0.73       0.81       0.80       0.72       0.80
       0.48       0.59       0.62       0.61       0.78       0.98       0.75       0.80       0.94
       0.48       0.45       0.48       0.50       0.65       0.76       0.77       1.09       1.15
       0.39       0.38       0.62       0.74       0.64       0.67       0.76       1.15       1.18
       0.31       0.26       0.48       0.58       0.51       0.49       0.90       0.92       0.94
       0.22       0.30       0.44       0.44       0.33       0.43       0.45       0.67       0.81
       0.30       0.34       0.29       0.48       0.72       0.64       0.50       0.76       1.20
    691200    9   13
       0.52       0.50       0.49       0.44       0.47       0.40       0.31       0.34       0.33
       0.45       0.41       0.56       0.42       0.39       0.34       0.16       0.32       0.34
       0.53       0.47       0.71       0.56       0.60       0.39       0.29       0.47       0.44
       0.67       0.64       0.74       0.59       0.66       0.45       0.34       0.49       0.76
       0.78       0.73       0.77       0.79       0.84       0.68       0.57       0.63       1.04
       0.83       0.69       0.76       0.68       0.98       0.81       0.75       1.02       1.18
       0.53       0.56       0.65       0.37       0.55       0.68       0.57       0.72       0.77
       0.28       0.33       0.50       0.17       0.39       0.52       0.39       0.24       0.16
       0.17       0.33       0.44       0.32       0.70       0.52       0.46       0.25       0.17
       0.39       0.61       0.73       0.59       0.60       0.54       0.45       0.28       0.24
       0.70       0.93       0.89       0.52       0.60       0.86       0.61       0.51       0.43
       0.64       0.92       0.98       0.78       0.80       0.68       0.84       0.95       0.83
       0.84       0.91       1.12       1.31       1.26       0.73       0.62       0.84       0.72
    777600    9   13
       0.97       1.07       1.10       0.94       1.01       0.92       0.76       0.39       0.29
       0.64       0.69       1.00       1.03       1.19       1.06       0.87       0.61       0.49
       0.63       0.70       0.99       0.70       0.97       1.06       0.94       0.89       0.73
       0.86       0.91       0.84       0.80       0.85       1.03       1.09       0.93       0.79
       0.73       0.60       0.84       0.84       0.81       1.01       1.42       1.09       0.83
       0.73       0.52       0.63       0.64       0.69       1.00       1.04       0.97       0.93
       0.66       0.84       0.87       0.85       0.76       0.79       0.80       0.97       1.21
       0.66       0.80       0.75       0.45       0.68       0.75       1.00       1.25       1.51
       0.44       0.49       0.42       0.36       0.57       0.84       1.52       1.71       1.83
       0.48       0.58       0.51       0.55       0.95       1.42       2.33       3.34       3.05
       0.41       0.50       0.70       0.99       1.50       1.67       1.93       2.31       1.95
       0.16       0.36       0.95       1.48       1.36       1.44       1.50       1.18       1.46
       0.04       0.19       0.88       1.80       1.93       1.23       1.02       1.12       1.49
    864000    9   13
       0.68       0.66       0.84       0.83       0.72       0.81       0.50       0.47       0.57
       0.93       0.93       0.78       0.71       0.77       0.76       0.48       0.48       0.54
       0.97       0.84       0.92       0.77       0.90       0.87       0.69       0.62       0.59
       0.87       0.68       0.86       0.69       0.76       0.80       0.82       0.88       0.83
       0.59       0.51       0.87       0.60       0.73       0.96       0.77       0.65       0.66
       0.45       0.28       0.71       0.45       0.78       1.06       0.62       0.44       0.59
       0.42       0.23       0.57       0.43       0.53       0.65       0.51       0.43       0.60
       0.31       0.35       0.43       0.30       0.40       0.49       0.34       0.58       0.94
       0.26       0.37       0.35       0.33       0.56       0.82       0.65       0.83       1.19
       0.21       0.20       0.21       0.43       0.80       0.82       0.79       0.84       1.61
       0.28       0.30       0.21       0.24       0.63       0.70       0.87       0.77       0.97
       0.23       0.17       0.20       0.19       0.26       0.50       0.58       0.52       0.76
       0.07       0.11       0.11       0.17       0.26       0.28       0.28       0.40       0.35
    950400    9   13
       0.26       0.60       0.60       0.40       0.41       0.45       0.25       0.13       0.14
       0.29       0.51       0.49       0.36       0.42       0.42       0.19       0.04       0.14
       0.23       0.39       0.49       0.60       0.70       0.54       0.15       0.07       0.24
       0.31       0.40       0.47       0.49       0.72       0.48       0.16       0.16       0.15
       0.33       0.41       0.43       0.46       0.76       0.47       0.25       0.25       0.19
       0.28       0.50       0.37       0.24       0.52       0.39       0.31       0.31       0.36
       0.30       0.50       0.46       0.30       0.37       0.26       0.34       0.39       0.48
       0.25       0.35       0.42       0.37       0.19       0.14       0.25       0.17       0.18
       0.48       0.41       0.42       0.55       0.31       0.17       0.10       0.02       0.07
       0.44       0.57       0.54       0.74       0.65       0.33       0.26       0.14       0.07
       0.38       0.54       0.61       0.58       0.55       0.56       0.50       0.23       0.11
       0.54       0.55       0.61       0.57       0.51       0.48       0.45       0.22       0.34
       0.69       0.58       0.49       0.51       0.56       0.39       0.45       0.53       0.40
   1036800    9   13
       0.29       0.30       0.36       0.36       0.32       0.32       0.10       0.07       0.14
       0.35       0.25       0.37       0.24       0.28       0.24       0.21       0.08       0.24
       0.39       0.29       0.38       0.20       0.33       0.55       0.39       0.09       0.53
       0.48       0.36       0.39       0.28       0.31       0.49       0.36       0.27       0.58
       0.27       0.38       0.37       0.39       0.37       0.42       0.41       0.26       0.55
       0.39       0.41       0.45       0.40       0.60       0.55       0.43       0.27       0.58
       0.32       0.35       0.42       0.41       0.51       0.59       0.40       0.27       0.34
       0.24       0.34       0.35       0.14       0.45       0.47       0.46       0.42       0.43
       0.23       0.23       0.16       0.08       0.34       0.66       0.53       0.48       0.73
       0.27       0.24       0.23       0.22       0.43       0.71       0.61       0.48       0.61
       0.33       0.45       0.50       0.46       0.44       0.46       0.59       0.44       0.36
       0.38       0.59       0.74       0.60       0.52       0.50       0.40       0.27       0.27
       0.40       0.47       0.65       0.61       0.88       0.59       0.32       0.38       0.26
   1123200    9   13
       0.38       0.28       0.47       0.35       0.35       0.09       0.03       0.22       0.35
       0.42       0.40       0.46       0.37       0.12       0.08       0.24       0.46       0.47
       0.52       0.65       0.48       0.35       0.30       0.36       0.54       0.46       0.56
       0.39       0.48       0.47       0.32       0.34       0.45       0.29       0.49       0.65
       0.39       0.60       0.56       0.59       0.35       0.35       0.26       0.61       0.60
       0.17       0.37       0.46       0.67       0.21       0.07       0.19       0.59       0.61
       0.11       0.17       0.24       0.44       0.18       0.04       0.13       0.17       0.18
       0.04       0.09       0.30       0.31       0.12       0.02       0.01       0.01       0.01
       0.07       0.12       0.18       0.11       0.04       0.03       0.01       0.01       0.09
       0.20       0.09       0.03       0.01       0.02       0.05       0.03       0.03       0.10
       0.12       0.05       0.02       0.01       0.02       0.01       0.04       0.11       0.10
       0.03       0.03       0.05       0.02       0.02       0.01       0.03       0.11       0.09
       0.06       0.11       0.24       0.10       0.06       0.10       0.07       0.19       0.12
   1209600    9   13
       0.60       0.31       0.24       0.32       0.40       0.58       0.73       0.71       0.55
       0.26       0.28       0.45       0.47       0.47       0.75       0.87       0.80       0.54
       0.29       0.34       0.44       0.46       0.64       1.10       0.98       0.64       0.61
       0.34       0.45       0.50       0.54       0.54       0.89       0.70       0.77       0.88
       0.47       0.48       0.64       0.66       0.52       0.56       0.80       0.72       0.64
       0.48       0.32       0.27       0.37       0.22       0.26       0.50       0.27       0.42
       0.13       0.09       0.07       0.09       0.03       0.14       0.23       0.04       0.21
       0.16       0.10       0.04       0.01       0.00       0.01       0.04       0.04       0.29
       0.16       0.08       0.03       0.01       0.00       0.01       0.05       0.14       0.34
       0.28       0.14       0.09       0.02       0.07       0.15       0.23       0.20       0.28
       0.12       0.10       0.06       0.10       0.19       0.22       0.26       0.25       0.32
       0.02       0.04       0.07       0.15       0.17       0.12       0.11       0.17       0.35
       0.02       0.04       0.03       0.05       0.10       0.31       0.10       0.14       0.38
   1296000    9   13
       0.53       0.61       0.57       0.45       0.43       0.28       0.12       0.12       0.10
       0.44       0.51       0.64       0.45       0.44       0.30       0.14       0.16       0.21
       0.31       0.29       0.46       0.28       0.41       0.28       0.15       0.17       0.22
       0.32       0.17       0.30       0.18       0.34       0.30       0.15       0.17       0.27
       0.43       0.24       0.24       0.14       0.46       0.41       0.24       0.24       0.25
       0.49       0.44       0.36       0.37       0.46       0.39       0.37       0.34       0.52
       0.61       0.55       0.43       0.53       0.42       0.26       0.39       0.56       0.80
       0.64       0.56       0.39       0.57       0.62       0.49       0.50       0.79       1.09
       0.51       0.40       0.57       0.88       0.77       0.65       0.70       1.01       0.82
       0.35       0.40       0.63       0.88       0.73       0.56       0.70       0.70       0.49
       0.17       0.32       0.45       0.70       0.76       0.73       0.52       0.45       0.49
       0.30       0.29       0.32       0.52       0.75       0.70       0.59       0.49       0.47
       0.76       0.66       0.51       0.65       0.83       0.60       0.79       0.62       0.49
