         0    9   13
       0.05       0.02       0.03       0.11       0.30       0.08       0.08       0.21       0.02
       0.02       0.01       0.04       0.16       0.10       0.02       0.07       0.15       0.06
       0.01       0.01       0.11       0.12       0.11       0.16       0.14       0.07       0.35
       0.00       0.01       0.21       0.12       0.36       0.20       0.10       0.16       0.47
       0.00       0.01       0.20       0.28       0.45       0.26       0.06       0.40       0.71
       0.01       0.00       0.03       0.12       0.41       0.31       0.08       0.12       0.22
       0.07       0.01       0.02       0.14       0.39       0.23       0.04       0.02       0.05
       0.05       0.02       0.08       0.05       0.12       0.15       0.13       0.01       0.13
       0.02       0.01       0.03       0.03       0.13       0.08       0.05       0.02       0.26
       0.01       0.00       0.01       0.10       0.29       0.20       0.04       0.02       0.11
       0.01       0.02       0.11       0.28       0.50       0.37       0.11       0.04       0.14
       0.02       0.04       0.16       0.35       0.46       0.64       0.39       0.02       0.13
       0.02       0.02       0.03       0.19       0.43       0.45       0.24       0.14       0.12
     86400    9   13
       0.28       0.26       0.26       0.29       0.57       0.37       0.27       0.40       0.26
       0.91       1.29       0.68       0.51       0.28       0.12       0.17       0.44       0.46
       1.10       1.08       0.51       0.19       0.28       0.26       0.32       0.25       0.54
       0.41       0.60       0.53       0.32       0.65       0.45       0.31       0.59       0.78
       0.19       0.23       0.35       0.18       0.57       0.75       0.42       0.72       0.99
       0.04       0.13       0.20       0.08       0.46       0.66       0.49       0.45       0.62
       0.08       0.07       0.11       0.32       0.44       0.58       0.38       0.37       0.74
       0.16       0.07       0.20       0.35       0.34       0.40       0.11       0.38       0.72
       0.28       0.26       0.12       0.20       0.34       0.22       0.02       0.33       0.57
       0.88       0.80       0.21       0.30       0.53       0.20       0.09       0.24       0.49
       0.46       0.23       0.47       0.95       0.82       0.30       0.12       0.22       0.68
       0.19       0.21       0.22       0.33       0.32       0.47       0.44       0.41       0.71
       0.11       0.23       0.29       0.36       0.44       0.31       0.56       0.52       0.39
    172800    9   13
       0.76       0.77       1.34       2.10       2.08       1.33       1.12       1.10       1.44
       0.76       0.89       1.40       2.12       3.93       1.74       1.13       1.15       1.34
       1.34       1.11       2.49       3.14       2.47       1.52       0.81       0.89       1.07
       1.26       0.89       1.54       2.26       1.66       1.14       0.72       0.57       0.63
       1.43       1.10       0.79       0.72       0.89       0.75       0.55       0.44       0.52
       1.73       0.85       0.67       0.42       0.72       0.66       0.54       0.55       0.62
       0.82       0.51       0.82       0.44       0.52       0.52       0.64       0.52       0.49
       0.94       0.49       0.70       0.46       0.31       0.40       0.58       0.50       0.39
       0.80       1.02       0.87       0.78       0.40       0.30       0.32       0.31       0.34
       0.71       1.12       1.21       0.92       0.62       0.45       0.28       0.25       0.33
       0.79       1.74       1.94       1.15       0.73       0.45       0.40       0.34       0.35
       0.85       1.08       1.30       0.90       0.68       0.65       0.40       0.45       0.50
       0.68       0.78       0.80       0.33       0.51       0.94       0.56       0.56       0.54
    259200    9   13
       0.85       1.02       0.62       0.60       0.55       0.32       0.05       0.01       0.01
       0.96       1.00       0.70       0.59       0.37       0.12       0.04       0.03       0.04
       0.92       0.75       0.51       0.35       0.41       0.14       0.05       0.07       0.14
       0.83       0.59       0.38       0.24       0.21       0.12       0.03       0.03       0.06
       0.54       0.47       0.32       0.15       0.20       0.13       0.05       0.01       0.01
       0.39       0.29       0.12       0.04       0.12       0.18       0.10       0.03       0.01
       0.57       0.34       0.09       0.04       0.07       0.08       0.03       0.02       0.00
       0.78       0.54       0.11       0.03       0.04       0.03       0.02       0.02       0.01
       0.83       0.45       0.20       0.10       0.06       0.02       0.01       0.01       0.01
       0.72       0.55       0.44       0.21       0.04       0.01       0.01       0.01       0.00
       0.82       0.98       0.93       0.34       0.03       0.01       0.01       0.01       0.01
       0.82       1.06       0.91       0.31       0.04       0.03       0.01       0.01       0.01
       0.61       0.77       1.02       0.58       0.18       0.02       0.01       0.01       0.00
    345600    9   13
       0.35       0.61       0.60       0.27       0.30       0.19       0.24       0.29       0.29
       0.35       0.37       0.37       0.36       0.43       0.25       0.15       0.19       0.28
       0.46       0.23       0.35       0.41       0.35       0.18       0.06       0.06       0.13
       0.32       0.38       0.50       0.37       0.28       0.12       0.07       0.04       0.09
       0.24       0.40       0.45       0.28       0.18       0.09       0.05       0.04       0.10
       0.23       0.30       0.36       0.17       0.12       0.06       0.03       0.04       0.07
       0.22       0.31       0.40       0.16       0.09       0.04       0.03       0.05       0.09
       0.30       0.36       0.35       0.25       0.11       0.02       0.02       0.03       0.03
       0.47       0.41       0.22       0.36       0.26       0.05       0.02       0.05       0.04
       0.48       0.46       0.29       0.51       0.46       0.25       0.06       0.09       0.08
       0.45       0.78       0.54       0.57       0.51       0.68       0.17       0.11       0.14
       0.39       0.73       0.50       0.41       0.54       0.68       0.31       0.10       0.17
       0.50       0.47       0.43       0.37       0.63       0.41       0.26       0.12       0.21
    432000    9   13
       0.57       0.85       1.85       2.12       1.63       1.33       0.94       0.98       0.51
       0.77       0.91       1.56       1.52       1.16       1.10       0.79       0.86       0.54
       0.84       0.92       1.11       1.13       0.98       0.73       0.57       0.73       0.64
       0.74       0.83       0.89       1.00       0.93       0.70       0.69       0.83       0.54
       0.62       0.85       0.82       1.01       0.97       0.86       0.75       1.03       0.95
       0.59       0.86       0.85       1.05       0.99       0.89       0.86       1.32       1.61
       0.52       0.87       0.84       0.91       0.93       1.04       1.13       1.61       2.60
       0.57       0.79       0.57       0.81       0.92       1.09       1.18       1.46       2.34
       0.55       0.63       0.64       0.85       0.87       0.85       0.94       1.11       1.27
       0.65       0.76       0.80       0.84       0.72       0.64       0.76       0.93       1.07
       0.62       0.57       0.60       0.65       0.66       0.63       0.69       0.75       1.01
       0.40       0.44       0.51       0.66       0.76       0.58       0.57       0.68       0.92
       0.27       0.31       0.35       0.52       0.68       0.45       0.58       0.58       0.67
    518400    9   13
       0.53       0.58       0.46       0.41       0.53       1.15       1.01       0.73       0.83
       0.46       0.54       0.47       0.42       0.67       1.40       0.91       0.70       0.73
       0.36       0.54       0.51       0.51       0.86       1.04       0.57       0.67       0.48
       0.42       0.51       0.61       0.75       0.95       0.76       0.61       0.60       0.40
       0.34       0.46       0.59       0.82       1.09       0.78       0.61       0.64       0.72
       0.38       0.46       0.57       0.85       1.00       0.78       0.76       0.84       0.97
       0.40       0.49       0.54       0.75       0.80       0.78       0.87       0.87       0.94
       0.49       0.71       0.69       0.61       0.62       0.59       0.77       0.72       0.76
       0.74       1.00       0.74       0.56       0.52       0.51       0.65       0.50       0.64
       0.96       0.96       0.61       0.48       0.51       0.40       0.49       0.45       0.58
       0.78       0.58       0.47       0.41       0.45       0.30       0.34       0.38       0.36
       0.54       0.52       0.57       0.61       0.62       0.49       0.39       0.44       0.26
       0.82       0.47       0.40       0.48       0.59       0.53       0.52       0.50       0.15
    604800    9   13
       0.84       0.74       0.72       0.42       0.42       0.61       0.54       0.39       0.68
       0.49       0.53       0.67       0.36       0.32       0.60       0.40       0.38       0.54
       0.32       0.36       0.47       0.28       0.31       0.42       0.27       0.43       0.31
       0.16       0.29       0.39       0.23       0.33       0.21       0.26       0.41       0.23
       0.20       0.27       0.35       0.25       0.26       0.26       0.30       0.37       0.36
       0.34       0.23       0.34       0.23       0.25       0.36       0.36       0.51       0.47
       0.42       0.39       0.53       0.35       0.33       0.42       0.43       0.60       0.61
       0.56       0.50       0.73       0.57       0.42       0.41       0.42       0.51       0.69
       0.30       0.45       0.73       0.53       0.33       0.26       0.31       0.43       0.68
       0.31       0.36       0.46       0.39       0.26       0.17       0.22       0.27       0.46
       0.16       0.18       0.25       0.21       0.14       0.08       0.08       0.15       0.28
       0.14       0.22       0.28       0.18       0.20       0.23       0.15       0.12       0.15
       0.17       0.42       0.42       0.21       0.28       0.34       0.24       0.25       0.22
    691200    9   13
       1.15       1.93       0.95       0.43       0.43       0.53       0.36       0.46       0.62
       1.18       2.28       1.76       0.77       1.30       1.20       0.53       0.32       0.18
       1.19       2.79       2.94       0.88       2.27       2.96       1.15       1.78       1.42
       0.88       1.98       4.33       1.65       3.12       2.58       1.43       2.30       2.21
       0.73       0.92       1.30       1.55       2.80       0.71       1.08       1.06       0.68
       1.19       0.53       0.82       1.28       1.80       1.04       0.56       0.64       0.49
       1.03       0.51       0.65       1.13       1.47       1.11       0.57       0.61       0.47
       0.92       0.33       0.77       1.20       0.83       0.81       0.67       0.61       0.47
       0.43       0.29       0.72       1.97       2.29       1.25       1.08       0.79       0.64
       0.20       0.18       0.48       1.46       2.99       1.99       1.60       1.42       1.01
       0.15       0.27       0.54       0.97       1.60       2.98       3.62       3.38       1.99
       0.52       0.74       0.67       0.92       1.41       2.83       4.73       3.31       2.24
       0.65       0.90       0.97       1.65       2.64       1.90       1.73       2.96       3.59
    777600    9   13
       0.41       0.41       0.23       0.16       0.23       0.24       0.08       0.03       0.00
       0.44       0.46       0.34       0.30       0.25       0.31       0.36       0.17       0.05
       0.24       0.43       0.43       0.35       0.47       0.32       0.35       0.30       0.32
       0.23       0.99       0.68       0.36       0.55       0.26       0.14       0.18       0.46
       0.39       2.19       1.63       0.46       0.41       0.14       0.08       0.17       0.37
       0.27       1.07       2.21       1.73       0.49       0.15       0.14       0.19       0.22
       0.25       0.36       0.55       0.70       0.25       0.19       0.17       0.08       0.05
       0.12       0.24       0.41       0.30       0.13       0.15       0.12       0.04       0.03
       0.41       0.27       0.08       0.14       0.12       0.26       0.30       0.09       0.12
       0.50       0.37       0.22       0.10       0.12       0.19       0.45       0.59       0.39
       0.50       0.40       0.36       0.23       0.09       0.17       0.46       0.57       0.32
       0.69       0.33       0.27       0.34       0.25       0.25       0.28       0.33       0.46
       0.65       0.33       0.18       0.50       0.78       0.30       0.21       0.49       0.76
    864000    9   13
       0.45       0.57       0.52       0.25       0.13       0.05       0.04       0.02       0.02
       0.81       0.70       0.55       0.40       0.26       0.16       0.11       0.06       0.04
       0.92       0.95       0.99       0.68       0.59       0.37       0.34       0.29       0.16
       0.57       0.56       0.63       0.50       0.55       0.29       0.36       0.51       0.39
       0.32       0.41       0.30       0.38       0.56       0.32       0.31       0.50       0.43
       0.32       0.22       0.18       0.28       0.45       0.39       0.41       0.40       0.35
       0.36       0.21       0.12       0.16       0.15       0.18       0.31       0.34       0.32
       0.66       0.30       0.10       0.04       0.02       0.04       0.10       0.11       0.07
       1.33       0.90       0.37       0.09       0.06       0.05       0.07       0.06       0.04
       1.29       1.30       0.92       0.40       0.10       0.15       0.18       0.09       0.03
       0.90       1.18       1.24       0.68       0.24       0.22       0.20       0.13       0.05
       0.47       1.02       1.24       0.93       0.37       0.28       0.15       0.10       0.06
       0.33       0.95       1.08       1.12       0.46       0.25       0.09       0.08       0.04
    950400    9   13
       0.39       0.77       0.92       0.91       0.64       0.43       0.30       0.26       0.14
       0.40       0.75       0.97       0.99       0.93       0.65       0.69       0.65       0.34
       0.22       0.47       0.98       0.93       0.86       0.55       0.70       0.76       0.69
       0.18       0.26       0.57       0.57       0.73       0.47       0.59       0.63       0.58
       0.24       0.18       0.25       0.21       0.47       0.44       0.49       0.54       0.51
       0.34       0.11       0.12       0.14       0.35       0.40       0.36       0.36       0.21
       0.41       0.13       0.03       0.03       0.10       0.10       0.08       0.19       0.23
       0.49       0.23       0.07       0.03       0.01       0.01       0.02       0.08       0.12
       0.67       0.52       0.25       0.09       0.01       0.02       0.10       0.16       0.15
       1.12       0.80       0.52       0.28       0.06       0.06       0.09       0.13       0.10
       0.79       0.92       0.89       0.46       0.24       0.30       0.22       0.18       0.05
       0.62       0.53       0.69       0.41       0.36       0.54       0.31       0.34       0.25
       0.80       0.52       0.67       0.78       0.54       0.62       0.41       0.28       0.22
   1036800    9   13
       0.55       0.55       0.77       0.76       0.82       0.83       0.71       0.88       1.05
       0.61       0.56       0.70       0.72       0.63       0.67       0.60       0.70       0.77
       0.53       0.44       0.51       0.44       0.35       0.40       0.45       0.60       0.73
       0.42       0.31       0.29       0.24       0.34       0.23       0.29       0.45       0.53
       0.36       0.32       0.19       0.25       0.26       0.20       0.28       0.31       0.42
       0.41       0.33       0.21       0.35       0.27       0.20       0.33       0.35       0.43
       0.64       0.40       0.26       0.26       0.18       0.29       0.54       0.48       0.50
       0.88       0.60       0.31       0.23       0.18       0.46       0.69       0.60       0.52
       0.94       0.98       0.70       0.39       0.18       0.37       0.56       0.65       0.52
       0.80       0.91       1.04       0.91       0.50       0.44       0.54       0.52       0.52
       0.61       0.80       1.05       0.86       0.65       0.61       0.51       0.57       0.57
       0.54       0.80       1.03       0.83       0.60       0.63       0.49       0.59       0.58
       0.40       0.48       0.73       0.98       0.65       0.70       0.56       0.52       0.65
   1123200    9   13
       0.56       0.74       0.79       0.64       0.48       0.26       0.34       0.42       0.42
       0.53       0.61       0.64       0.52       0.53       0.34       0.32       0.41       0.52
       0.54       0.50       0.43       0.45       0.48       0.24       0.23       0.37       0.46
       0.44       0.40       0.40       0.43       0.38       0.21       0.24       0.30       0.33
       0.30       0.41       0.47       0.50       0.45       0.27       0.31       0.37       0.50
       0.31       0.34       0.53       0.53       0.40       0.27       0.43       0.55       0.70
       0.23       0.33       0.52       0.55       0.35       0.31       0.57       0.74       0.75
       0.20       0.33       0.44       0.45       0.34       0.37       0.67       0.85       0.84
       0.38       0.45       0.48       0.59       0.25       0.33       0.59       0.77       0.74
       0.50       0.48       0.52       0.72       0.30       0.30       0.51       0.62       0.63
       0.36       0.28       0.42       0.49       0.31       0.22       0.40       0.34       0.39
       0.22       0.17       0.36       0.53       0.42       0.14       0.15       0.06       0.17
       0.18       0.09       0.11       0.35       0.32       0.09       0.12       0.03       0.04
   1209600    9   13
       0.43       0.59       0.82       0.84       0.95       0.74       0.58       0.55       0.63
       0.30       0.53       0.83       0.77       0.92       0.82       0.57       0.61       0.68
       0.23       0.55       0.74       0.60       0.89       0.57       0.51       0.64       0.64
       0.08       0.37       0.61       0.66       0.81       0.48       0.46       0.61       0.45
       0.04       0.24       0.56       0.63       0.93       0.63       0.45       0.63       0.68
       0.06       0.16       0.45       0.64       0.89       0.54       0.54       0.83       1.01
       0.06       0.10       0.34       0.49       0.62       0.49       0.65       0.97       0.99
       0.08       0.10       0.30       0.45       0.52       0.51       0.59       0.73       0.84
       0.15       0.26       0.22       0.38       0.45       0.50       0.52       0.45       0.50
       0.27       0.25       0.17       0.21       0.36       0.38       0.34       0.31       0.32
       0.26       0.22       0.23       0.25       0.21       0.10       0.12       0.14       0.20
       0.43       0.34       0.24       0.16       0.10       0.14       0.09       0.07       0.15
       0.53       0.42       0.19       0.12       0.17       0.18       0.11       0.08       0.11
   1296000    9   13
       0.51       0.45       0.83       0.92       0.75       0.90       1.11       0.95       0.61
       0.48       0.43       0.66       0.68       0.68       1.23       1.25       0.97       0.59
       0.57       0.54       0.65       0.58       0.63       0.89       0.94       0.83       0.49
       0.57       0.65       0.73       0.78       0.81       0.63       0.83       0.76       0.33
       0.51       0.52       0.73       0.87       0.95       0.76       0.79       0.69       0.54
       0.57       0.51       0.59       0.66       0.74       0.70       0.74       0.73       0.84
       0.39       0.59       0.52       0.43       0.55       0.58       0.69       0.75       0.89
       0.40       0.43       0.28       0.22       0.40       0.57       0.76       0.83       1.03
       0.34       0.26       0.23       0.38       0.51       0.53       0.69       0.62       0.92
       0.23       0.32       0.45       0.52       0.47       0.31       0.34       0.59       0.69
       0.14       0.40       0.55       0.48       0.39       0.12       0.12       0.39       0.51
       0.27       0.48       0.55       0.52       0.41       0.27       0.15       0.20       0.45
       0.27       0.37       0.46       0.46       0.53       0.51       0.29       0.25       0.41
