         0    9   13
       0.01       0.01       0.01       0.01       0.01       0.01       0.00       0.00       0.00
       0.00       0.01       0.02       0.03       0.02       0.02       0.00       0.00       0.00
       0.01       0.03       0.05       0.09       0.01       0.01       0.01       0.01       0.03
       0.02       0.07       0.08       0.13       0.07       0.01       0.01       0.01       0.05
       0.06       0.11       0.05       0.14       0.15       0.02       0.00       0.01       0.07
       0.12       0.10       0.06       0.04       0.14       0.02       0.00       0.00       0.04
       0.09       0.07       0.02       0.01       0.07       0.01       0.00       0.00       0.01
       0.09       0.10       0.11       0.04       0.02       0.00       0.00       0.00       0.00
       0.09       0.15       0.11       0.07       0.01       0.01       0.00       0.00       0.01
       0.02       0.02       0.02       0.08       0.12       0.09       0.00       0.01       0.09
       0.00       0.01       0.09       0.22       0.12       0.14       0.08       0.05       0.01
       0.01       0.03       0.10       0.15       0.07       0.07       0.13       0.06       0.01
       0.02       0.07       0.05       0.07       0.27       0.24       0.11       0.07       0.01
     86400    9   13
       0.28       0.55       0.88       0.80       0.87       0.84       0.75       1.09       1.01
       0.41       0.62       0.87       0.79       0.59       0.63       0.61       0.58       0.73
       0.71       0.53       0.57       0.69       0.62       0.48       0.44       0.70       0.83
       0.58       0.79       0.85       0.66       0.73       0.53       0.67       0.93       0.99
       0.80       0.91       1.17       1.01       0.82       0.43       0.57       0.56       0.66
       0.70       0.65       0.95       0.91       0.87       0.51       0.50       0.28       0.41
       0.48       0.57       1.12       0.84       0.64       0.33       0.36       0.35       0.23
       0.20       0.48       0.70       0.63       0.33       0.10       0.19       0.21       0.08
       0.15       0.41       0.42       0.31       0.07       0.01       0.10       0.05       0.02
       0.07       0.18       0.22       0.17       0.04       0.01       0.00       0.00       0.00
       0.22       0.16       0.11       0.04       0.00       0.00       0.00       0.00       0.00
       0.20       0.08       0.03       0.01       0.01       0.00       0.00       0.00       0.00
       0.02       0.01       0.02       0.02       0.01       0.00       0.00       0.00       0.00
    172800    9   13
       0.34       0.22       0.47       0.58       0.36       0.40       1.05       1.22       0.85
       0.83       0.48       0.62       0.43       0.20       0.24       0.81       0.78       0.41
       0.42       0.31       0.47       0.32       0.14       0.18       0.35       0.41       0.30
       0.12       0.13       0.22       0.21       0.21       0.25       0.23       0.21       0.16
       0.15       0.16       0.17       0.24       0.16       0.26       0.21       0.16       0.16
       0.26       0.26       0.30       0.34       0.32       0.24       0.16       0.11       0.18
       0.32       0.38       0.36       0.31       0.18       0.09       0.09       0.10       0.12
       0.33       0.54       0.41       0.43       0.13       0.02       0.03       0.04       0.03
       0.42       0.45       0.33       0.31       0.16       0.01       0.03       0.05       0.02
       0.52       0.42       0.33       0.29       0.19       0.14       0.08       0.15       0.09
       0.83       0.58       0.33       0.37       0.26       0.27       0.21       0.29       0.18
       0.54       0.40       0.37       0.41       0.24       0.26       0.23       0.23       0.13
       0.09       0.16       0.30       0.55       0.34       0.33       0.34       0.14       0.03
    259200    9   13
       0.48       0.39       0.32       0.39       0.64       0.84       0.80       0.61       0.63
       0.38       0.21       0.09       0.20       0.59       0.58       0.54       0.51       0.43
       0.27       0.32       0.15       0.28       0.47       0.75       1.02       0.32       0.41
       0.43       0.64       0.47       0.62       0.36       0.64       0.83       0.33       0.41
       0.69       0.61       0.71       0.89       0.64       0.41       0.46       0.42       0.53
       0.33       0.31       0.51       0.79       0.88       0.82       0.89       0.53       0.60
       0.42       0.55       0.65       0.71       0.81       0.84       0.73       0.57       0.47
       0.37       0.64       0.78       0.78       0.60       0.38       0.51       0.42       0.51
       0.27       0.53       0.57       0.60       0.46       0.27       0.46       0.53       0.89
       0.15       0.26       0.41       0.52       0.45       0.25       0.29       0.58       0.89
       0.36       0.44       0.44       0.49       0.32       0.13       0.10       0.43       0.67
       0.18       0.29       0.28       0.38       0.30       0.16       0.12       0.16       0.47
       0.01       0.03       0.13       0.33       0.37       0.38       0.31       0.24       0.31
    345600    9   13
       0.44       0.36       0.44       0.53       0.34       0.22       0.32       0.49       0.60
       0.29       0.28       0.43       0.55       0.07       0.04       0.18       0.31       0.46
       0.33       0.45       0.43       0.41       0.05       0.23       0.52       0.54       0.77
       0.12       0.30       0.19       0.22       0.16       0.36       0.59       0.59       1.10
       0.06       0.06       0.04       0.20       0.43       0.38       0.55       0.82       1.35
       0.07       0.05       0.12       0.46       0.82       0.70       0.58       0.65       0.70
       0.05       0.05       0.09       0.43       0.61       0.34       0.27       0.23       0.14
       0.03       0.02       0.05       0.21       0.22       0.11       0.14       0.08       0.03
       0.00       0.02       0.07       0.10       0.12       0.12       0.10       0.08       0.06
       0.03       0.06       0.10       0.18       0.20       0.12       0.13       0.19       0.21
       0.07       0.08       0.16       0.20       0.19       0.16       0.17       0.21       0.34
       0.02       0.01       0.06       0.12       0.12       0.15       0.17       0.22       0.34
       0.00       0.00       0.01       0.03       0.05       0.05       0.14       0.25       0.11
    432000    9   13
       0.55       0.59       0.47       0.47       0.69       0.61       0.74       0.83       0.55
       0.51       0.59       0.49       0.55       0.61       0.49       0.52       0.42       0.38
       0.51       0.62       0.54       0.46       0.42       0.48       0.72       0.22       0.14
       0.31       0.44       0.34       0.43       0.38       0.35       0.46       0.10       0.12
       0.23       0.24       0.20       0.35       0.28       0.09       0.27       0.17       0.14
       0.22       0.18       0.17       0.29       0.21       0.04       0.15       0.26       0.24
       0.21       0.23       0.23       0.30       0.15       0.03       0.07       0.21       0.26
       0.38       0.38       0.41       0.31       0.08       0.01       0.01       0.04       0.11
       0.39       0.47       0.39       0.26       0.04       0.02       0.08       0.05       0.05
       0.30       0.26       0.14       0.19       0.12       0.04       0.08       0.05       0.05
       0.14       0.11       0.12       0.17       0.10       0.02       0.01       0.01       0.01
       0.02       0.03       0.10       0.15       0.10       0.07       0.04       0.00       0.01
       0.00       0.01       0.06       0.10       0.16       0.13       0.11       0.03       0.02
    518400    9   13
       0.82       0.64       0.65       0.86       0.90       0.90       0.82       0.92       1.04
       0.79       0.67       0.70       0.78       1.01       0.93       0.90       0.87       1.11
       0.59       0.68       1.04       0.64       0.72       0.98       1.62       1.19       0.79
       0.49       0.72       0.75       0.35       0.45       0.73       0.71       0.68       0.93
       0.72       0.51       0.53       0.56       0.62       0.43       0.45       0.63       0.96
       0.61       0.35       0.57       0.92       0.95       0.41       0.38       0.40       0.61
       0.28       0.50       0.59       0.71       0.69       0.35       0.32       0.31       0.34
       0.38       0.48       0.60       0.48       0.40       0.32       0.34       0.36       0.25
       0.42       0.41       0.29       0.20       0.18       0.19       0.27       0.30       0.18
       0.09       0.10       0.07       0.14       0.14       0.15       0.19       0.16       0.09
       0.01       0.01       0.05       0.18       0.15       0.20       0.22       0.15       0.19
       0.00       0.00       0.04       0.12       0.10       0.08       0.09       0.04       0.05
       0.01       0.01       0.02       0.09       0.15       0.05       0.03       0.01       0.00
    604800    9   13
       0.18       0.19       0.15       0.24       0.36       0.36       0.40       0.47       0.46
       0.49       0.49       0.30       0.30       0.55       0.69       0.51       0.43       0.36
       1.04       1.68       1.13       0.25       0.32       0.94       1.48       1.87       0.70
       1.02       0.70       0.51       0.23       0.29       0.29       0.39       0.45       0.65
       0.43       0.22       0.26       0.38       0.34       0.14       0.14       0.23       0.67
       0.76       0.32       0.21       0.19       0.18       0.14       0.15       0.30       0.58
       0.35       0.14       0.12       0.16       0.12       0.08       0.20       0.55       0.60
       0.09       0.17       0.14       0.21       0.13       0.07       0.12       0.30       0.44
       0.22       0.17       0.12       0.21       0.21       0.18       0.33       0.27       0.16
       0.59       0.47       0.37       0.32       0.48       0.49       0.64       0.61       0.39
       0.60       0.55       0.67       0.67       0.72       0.59       0.47       0.78       0.72
       0.48       0.65       0.80       0.76       0.62       0.48       0.32       0.64       0.77
       0.16       0.48       0.68       0.66       0.57       0.62       0.42       0.53       0.41
    691200    9   13
       0.03       0.06       0.13       0.09       0.07       0.05       0.10       0.12       0.15
       0.16       0.22       0.27       0.29       0.33       0.27       0.37       0.42       0.39
       0.35       0.49       0.51       0.44       0.57       0.72       0.59       0.47       0.85
       0.62       0.68       0.61       0.53       0.35       0.72       0.43       0.22       0.86
       0.81       0.54       0.76       0.68       0.34       0.52       0.45       0.12       0.38
       1.01       0.78       0.93       0.77       0.48       0.52       0.39       0.09       0.20
       0.68       0.74       0.85       0.47       0.18       0.22       0.17       0.06       0.12
       0.48       0.42       0.42       0.10       0.08       0.04       0.04       0.09       0.12
       0.38       0.22       0.17       0.15       0.13       0.05       0.04       0.02       0.09
       0.33       0.27       0.14       0.18       0.09       0.16       0.15       0.07       0.09
       0.34       0.50       0.49       0.50       0.30       0.10       0.28       0.25       0.26
       0.47       0.70       0.90       0.97       0.44       0.36       0.35       0.50       0.64
       0.54       0.72       0.80       0.74       0.58       0.53       0.57       0.65       0.55
    777600    9   13
       0.15       0.17       0.58       0.72       0.61       0.64       0.78       0.42       0.12
       0.24       0.13       0.63       0.73       0.70       1.05       0.88       0.37       0.27
       0.33       0.14       0.33       0.34       0.46       1.20       0.90       0.42       0.61
       0.64       0.32       0.30       0.41       0.53       0.82       0.76       0.65       0.71
       0.60       0.38       0.57       0.88       0.79       0.58       0.90       0.82       0.95
       0.53       0.41       0.53       0.77       0.66       0.49       0.87       0.86       0.82
       0.42       0.51       0.51       0.55       0.52       0.47       0.59       0.85       0.89
       0.20       0.35       0.41       0.19       0.06       0.21       0.43       0.80       1.12
       0.15       0.18       0.11       0.05       0.03       0.21       0.54       0.55       0.85
       0.17       0.21       0.12       0.12       0.14       0.35       0.48       0.57       0.62
       0.25       0.32       0.36       0.27       0.20       0.34       0.53       0.71       0.41
       0.41       0.51       0.54       0.49       0.50       0.54       0.40       0.61       0.78
       0.55       0.40       0.49       0.67       0.91       0.64       0.38       0.40       0.41
    864000    9   13
       0.36       0.24       0.49       0.64       0.43       0.40       0.59       0.49       0.29
       0.30       0.08       0.33       0.38       0.33       0.45       0.80       0.52       0.45
       0.68       0.32       0.21       0.28       0.08       0.56       0.71       0.29       0.44
       0.66       0.53       0.40       0.37       0.18       0.27       0.37       0.37       0.53
       0.37       0.22       0.41       0.50       0.24       0.08       0.18       0.51       0.78
       0.33       0.25       0.19       0.29       0.12       0.05       0.21       0.58       0.81
       0.19       0.29       0.22       0.26       0.11       0.15       0.23       0.30       0.49
       0.17       0.22       0.27       0.21       0.17       0.12       0.23       0.32       0.52
       0.28       0.21       0.12       0.10       0.07       0.15       0.29       0.31       0.39
       0.21       0.17       0.19       0.26       0.20       0.36       0.56       0.75       0.78
       0.13       0.26       0.36       0.36       0.28       0.33       0.35       0.78       0.67
       0.21       0.49       0.61       0.50       0.27       0.30       0.25       0.54       0.52
       0.30       0.42       0.49       0.50       0.47       0.42       0.22       0.19       0.20
    950400    9   13
       0.30       0.16       0.21       0.43       0.21       0.07       0.11       0.28       0.35
       0.10       0.05       0.08       0.21       0.06       0.04       0.12       0.15       0.08
       0.09       0.06       0.03       0.04       0.02       0.11       0.19       0.06       0.17
       0.05       0.04       0.04       0.06       0.05       0.06       0.07       0.07       0.28
       0.03       0.02       0.07       0.13       0.06       0.04       0.03       0.05       0.13
       0.06       0.03       0.05       0.13       0.06       0.06       0.06       0.05       0.07
       0.08       0.06       0.08       0.10       0.06       0.07       0.04       0.03       0.03
       0.09       0.14       0.10       0.04       0.03       0.02       0.01       0.01       0.03
       0.10       0.07       0.05       0.02       0.02       0.05       0.10       0.03       0.04
       0.13       0.09       0.09       0.08       0.08       0.12       0.09       0.07       0.11
       0.22       0.15       0.11       0.13       0.10       0.11       0.08       0.10       0.11
       0.27       0.19       0.18       0.20       0.17       0.19       0.07       0.05       0.04
       0.26       0.19       0.16       0.17       0.32       0.29       0.10       0.06       0.01
   1036800    9   13
       0.33       0.32       0.66       0.77       0.42       0.37       0.52       0.43       0.25
       0.37       0.22       0.35       0.39       0.07       0.16       0.16       0.11       0.10
       0.34       0.15       0.17       0.10       0.01       0.16       0.20       0.18       0.32
       0.16       0.02       0.06       0.09       0.06       0.13       0.21       0.29       0.24
       0.11       0.03       0.09       0.28       0.22       0.10       0.19       0.18       0.15
       0.08       0.10       0.10       0.25       0.22       0.08       0.15       0.12       0.19
       0.06       0.09       0.13       0.10       0.10       0.04       0.04       0.07       0.15
       0.07       0.10       0.15       0.10       0.07       0.02       0.08       0.08       0.21
       0.08       0.08       0.08       0.08       0.04       0.11       0.13       0.09       0.22
       0.16       0.19       0.18       0.12       0.21       0.35       0.26       0.21       0.36
       0.20       0.31       0.52       0.45       0.27       0.27       0.27       0.29       0.36
       0.32       0.57       0.97       0.67       0.23       0.39       0.30       0.12       0.10
       0.52       0.66       0.90       0.79       0.49       0.32       0.25       0.16       0.07
   1123200    9   13
       0.77       0.52       0.59       0.34       0.22       0.39       0.59       0.42       0.16
       0.55       0.27       0.31       0.16       0.07       0.53       0.69       0.57       0.32
       0.22       0.27       0.21       0.12       0.16       0.79       0.91       0.59       0.61
       0.22       0.39       0.33       0.54       0.40       0.61       0.73       0.35       0.37
       0.49       0.51       0.71       0.85       0.93       0.49       0.65       0.40       0.36
       0.52       0.47       0.86       0.84       0.90       0.49       0.66       0.49       0.59
       0.47       0.29       0.73       0.66       0.55       0.39       0.41       0.47       0.79
       0.25       0.38       0.72       0.32       0.19       0.26       0.51       0.76       0.93
       0.41       0.60       0.48       0.37       0.35       0.69       0.83       0.90       1.01
       0.48       0.61       0.64       0.60       0.61       0.83       0.89       0.68       0.75
       0.48       0.80       1.17       0.83       0.49       0.62       0.70       0.55       0.54
       0.59       0.96       1.44       0.84       0.57       0.53       0.51       0.41       0.45
       0.69       0.82       0.91       0.66       0.69       0.62       0.35       0.42       0.25
   1209600    9   13
       0.35       0.34       0.64       0.43       0.60       0.65       0.46       0.72       0.87
       0.23       0.21       0.53       0.66       0.75       0.76       0.55       0.66       0.52
       0.42       0.47       0.67       0.67       0.88       0.96       0.75       0.58       0.34
       0.29       0.29       0.67       0.70       0.80       0.83       0.76       0.56       0.35
       0.10       0.22       0.68       0.71       0.57       0.55       0.79       0.61       0.27
       0.13       0.26       0.64       0.60       0.30       0.38       0.47       0.42       0.49
       0.33       0.30       0.32       0.40       0.29       0.23       0.34       0.32       0.36
       0.41       0.24       0.17       0.14       0.10       0.12       0.38       0.32       0.29
       0.49       0.44       0.28       0.11       0.09       0.20       0.39       0.43       0.40
       0.35       0.19       0.13       0.17       0.27       0.48       0.49       0.60       0.64
       0.09       0.07       0.18       0.34       0.36       0.46       0.70       0.80       0.85
       0.07       0.16       0.24       0.33       0.43       0.42       0.55       0.60       0.50
       0.16       0.23       0.23       0.36       0.46       0.41       0.43       0.39       0.27
   1296000    9   13
       0.15       0.12       0.17       0.17       0.20       0.20       0.18       0.15       0.06
       0.27       0.20       0.28       0.35       0.31       0.19       0.21       0.16       0.12
       0.25       0.24       0.29       0.18       0.45       0.35       0.21       0.27       0.37
       0.07       0.17       0.33       0.18       0.40       0.32       0.22       0.17       0.27
       0.11       0.10       0.20       0.22       0.37       0.29       0.21       0.24       0.20
       0.24       0.20       0.17       0.23       0.35       0.21       0.20       0.24       0.31
       0.36       0.45       0.30       0.36       0.38       0.15       0.30       0.37       0.33
       0.19       0.44       0.34       0.41       0.42       0.33       0.46       0.34       0.41
       0.30       0.36       0.34       0.56       0.54       0.56       0.65       0.52       0.57
       0.67       0.44       0.41       0.65       0.54       0.54       0.52       0.54       0.49
       0.70       0.54       0.52       0.56       0.50       0.67       0.40       0.38       0.51
       0.83       0.66       0.54       0.65       0.50       0.55       0.40       0.27       0.33
       0.67       0.58       0.63       0.82       0.62       0.46       0.47       0.37       0.18
