         0    9   13
       0.34       0.45       0.43       0.34       0.44       0.32       0.40       0.49       0.48
       0.21       0.39       0.38       0.30       0.29       0.34       0.45       0.63       0.62
       0.20       0.41       0.47       0.44       0.53       0.42       0.42       0.39       0.65
       0.28       0.68       0.69       0.62       0.65       0.55       0.60       0.66       0.85
       0.42       0.50       0.59       0.65       0.73       0.45       0.43       0.53       0.66
       0.42       0.52       0.48       0.29       0.54       0.40       0.49       0.50       0.41
       0.35       0.74       1.00       1.14       0.90       0.44       0.54       0.55       0.47
       0.29       0.57       0.81       1.15       1.16       0.60       0.50       0.42       0.40
       0.30       0.55       0.44       0.51       0.76       0.94       0.60       0.32       0.19
       0.21       0.35       0.47       0.62       0.68       0.67       0.53       0.36       0.12
       0.06       0.14       0.50       0.61       0.46       0.33       0.29       0.18       0.08
       0.04       0.04       0.23       0.57       0.36       0.31       0.21       0.05       0.04
       0.00       0.01       0.08       0.46       0.49       0.18       0.14       0.07       0.03
     86400    9   13
       0.00       0.05       0.05       0.07       0.16       0.13       0.08       0.17       0.11
       0.01       0.06       0.11       0.27       0.15       0.08       0.10       0.16       0.16
       0.00       0.01       0.09       0.36       0.27       0.18       0.30       0.15       0.45
       0.00       0.01       0.17       0.37       0.51       0.24       0.40       0.32       0.75
       0.01       0.02       0.19       0.22       0.37       0.12       0.16       0.42       0.87
       0.01       0.01       0.05       0.01       0.09       0.04       0.03       0.10       0.33
       0.01       0.02       0.01       0.01       0.14       0.04       0.01       0.00       0.04
       0.02       0.01       0.02       0.01       0.05       0.02       0.00       0.00       0.00
       0.02       0.04       0.02       0.00       0.00       0.00       0.00       0.00       0.00
       0.06       0.02       0.00       0.02       0.04       0.00       0.00       0.01       0.02
       0.15       0.05       0.02       0.07       0.04       0.00       0.00       0.01       0.01
       0.04       0.01       0.01       0.06       0.05       0.03       0.02       0.00       0.01
       0.00       0.00       0.01       0.01       0.09       0.03       0.01       0.01       0.00
    172800    9   13
       0.08       0.23       0.18       0.16       0.41       0.39       0.20       0.47       0.25
       0.05       0.30       0.46       0.53       0.88       0.99       0.45       0.36       0.34
       0.03       0.28       0.46       0.63       1.22       1.28       0.72       0.39       0.62
       0.11       0.16       0.48       0.30       0.70       0.76       0.46       0.51       0.77
       0.03       0.03       0.24       0.15       0.41       0.57       0.23       0.40       0.85
       0.01       0.00       0.01       0.02       0.09       0.30       0.11       0.07       0.32
       0.00       0.01       0.01       0.00       0.02       0.07       0.05       0.03       0.08
       0.01       0.01       0.02       0.00       0.03       0.05       0.01       0.01       0.04
       0.01       0.02       0.01       0.00       0.00       0.01       0.00       0.00       0.03
       0.02       0.01       0.00       0.04       0.06       0.01       0.00       0.03       0.03
       0.01       0.01       0.02       0.24       0.27       0.22       0.16       0.03       0.02
       0.05       0.02       0.01       0.14       0.28       0.31       0.29       0.02       0.05
       0.04       0.01       0.01       0.11       0.37       0.06       0.07       0.04       0.03
    259200    9   13
       0.10       0.28       0.46       0.49       1.12       0.93       0.25       0.23       0.14
       0.04       0.47       0.70       0.79       1.57       1.40       0.49       0.23       0.24
       0.02       0.40       0.84       0.61       0.91       0.75       0.62       0.51       0.86
       0.14       0.16       0.71       0.65       0.97       0.61       0.48       0.74       1.05
       0.20       0.43       1.18       0.78       0.84       0.52       0.45       0.69       1.01
       0.51       0.28       0.40       0.34       0.60       0.42       0.33       0.52       0.96
       0.47       0.14       0.13       0.15       0.38       0.22       0.14       0.36       0.70
       0.01       0.01       0.09       0.14       0.15       0.09       0.10       0.25       0.39
       0.02       0.01       0.01       0.03       0.06       0.04       0.04       0.21       0.29
       0.03       0.01       0.01       0.01       0.04       0.03       0.02       0.20       0.35
       0.01       0.03       0.03       0.05       0.11       0.04       0.07       0.12       0.32
       0.05       0.15       0.13       0.08       0.09       0.05       0.21       0.20       0.17
       0.05       0.10       0.14       0.16       0.20       0.11       0.11       0.17       0.04
    345600    9   13
       0.60       2.20       1.53       0.47       0.77       2.26       1.49       0.67       0.43
       0.57       1.03       1.01       0.75       0.73       0.74       0.87       0.68       0.62
       0.40       0.47       0.90       0.83       0.93       0.82       1.08       1.16       1.12
       0.44       0.26       0.70       0.84       1.23       1.34       1.16       1.14       0.95
       0.98       0.56       0.74       0.71       1.08       1.46       1.20       0.72       0.75
       1.28       0.60       0.89       0.62       1.28       1.49       1.16       0.70       0.68
       1.18       0.47       0.76       0.51       0.83       0.85       1.03       0.72       0.65
       0.34       0.41       1.01       0.56       0.72       0.74       1.03       0.72       0.33
       0.30       0.39       0.74       1.43       1.07       0.69       0.93       0.77       0.29
       0.20       0.43       0.60       0.84       1.02       0.92       0.91       0.78       0.45
       0.35       1.87       1.55       0.65       0.89       1.07       1.36       1.04       0.77
       0.53       1.86       1.26       0.52       0.66       0.98       1.08       0.94       0.87
       0.42       0.75       0.61       0.55       1.01       0.89       0.87       1.06       0.94
    432000    9   13
       0.26       0.22       0.26       0.15       0.12       0.05       0.01       0.02       0.01
       0.54       0.49       0.52       0.44       0.30       0.16       0.02       0.02       0.04
       0.60       0.44       0.42       0.35       0.46       0.15       0.07       0.04       0.11
       0.28       0.09       0.08       0.15       0.30       0.04       0.04       0.05       0.10
       0.40       0.06       0.02       0.03       0.10       0.03       0.02       0.01       0.01
       1.00       0.21       0.04       0.01       0.05       0.02       0.01       0.01       0.01
       0.69       0.36       0.09       0.01       0.01       0.01       0.01       0.01       0.00
       0.63       0.44       0.11       0.01       0.00       0.01       0.01       0.01       0.00
       0.57       0.38       0.09       0.02       0.01       0.01       0.01       0.00       0.00
       0.32       0.31       0.16       0.03       0.02       0.01       0.01       0.01       0.00
       0.26       0.58       0.55       0.19       0.03       0.01       0.01       0.02       0.00
       0.14       0.34       0.44       0.23       0.06       0.03       0.01       0.01       0.00
       0.11       0.17       0.37       0.20       0.18       0.02       0.01       0.01       0.00
    518400    9   13
       0.35       0.66       0.59       0.33       0.24       0.12       0.21       0.22       0.30
       0.20       0.34       0.42       0.31       0.24       0.16       0.16       0.23       0.41
       0.17       0.14       0.22       0.16       0.31       0.21       0.08       0.15       0.34
       0.24       0.09       0.09       0.08       0.20       0.16       0.06       0.12       0.26
       0.32       0.16       0.08       0.07       0.11       0.12       0.06       0.11       0.23
       0.58       0.36       0.12       0.10       0.09       0.10       0.16       0.17       0.57
       0.75       0.57       0.32       0.16       0.09       0.12       0.26       0.17       0.38
       0.81       0.60       0.50       0.39       0.13       0.13       0.35       0.31       0.27
       0.77       0.50       0.56       0.71       0.23       0.09       0.25       0.38       0.34
       0.60       0.69       0.80       0.81       0.31       0.08       0.12       0.19       0.24
       0.70       0.58       0.72       0.74       0.43       0.32       0.11       0.09       0.13
       0.85       0.50       0.66       0.72       0.49       0.57       0.35       0.16       0.08
       0.48       0.43       0.56       0.78       0.55       0.50       0.53       0.24       0.08
    604800    9   13
       1.00       0.82       0.60       0.46       0.65       0.72       0.44       0.42       0.39
       1.07       0.76       0.57       0.45       0.70       0.77       0.55       0.48       0.38
       0.92       0.74       0.53       0.40       0.60       0.54       0.47       0.44       0.45
       0.72       0.67       0.65       0.64       0.64       0.58       0.60       0.57       0.69
       0.53       0.68       0.77       0.75       0.65       0.67       0.72       0.67       0.97
       0.52       0.67       0.99       0.86       0.60       0.79       0.94       0.71       0.82
       0.46       0.67       0.87       0.77       0.65       0.90       1.07       0.91       0.79
       0.49       0.50       0.52       0.51       0.66       0.97       1.03       1.03       0.96
       0.54       0.35       0.36       0.46       0.62       0.79       0.85       0.98       1.00
       0.86       0.46       0.38       0.50       0.63       0.74       0.68       0.80       0.74
       0.78       0.40       0.53       0.58       0.48       0.60       0.59       0.50       0.52
       0.50       0.42       0.61       0.62       0.51       0.63       0.38       0.24       0.55
       0.49       0.48       0.57       0.56       0.51       0.45       0.23       0.14       0.44
    691200    9   13
       0.89       0.66       0.78       0.85       0.69       0.54       0.65       0.59       0.45
       0.74       0.59       0.69       0.79       0.64       0.46       0.77       0.68       0.55
       0.55       0.42       0.63       0.78       0.53       0.73       0.95       0.54       0.42
       0.47       0.34       0.47       0.69       0.65       1.01       0.77       0.49       0.61
       0.51       0.44       0.46       0.65       0.59       0.85       0.61       0.50       0.55
       0.79       0.59       0.49       0.60       0.46       0.68       0.66       0.47       0.46
       1.13       0.69       0.54       0.42       0.30       0.61       0.62       0.38       0.41
       1.16       0.69       0.61       0.37       0.33       0.57       0.47       0.37       0.33
       1.08       0.80       0.57       0.34       0.43       0.52       0.38       0.37       0.32
       1.38       0.89       0.49       0.48       0.55       0.39       0.29       0.27       0.21
       1.34       0.76       0.57       0.91       0.69       0.35       0.25       0.22       0.20
       0.93       0.71       0.81       1.14       0.73       0.47       0.27       0.20       0.20
       0.73       0.55       0.67       0.59       0.43       0.41       0.39       0.36       0.24
    777600    9   13
       0.42       0.23       0.25       0.21       0.16       0.24       0.27       0.28       0.40
       0.51       0.18       0.25       0.20       0.15       0.29       0.29       0.26       0.47
       1.25       0.60       0.32       0.21       0.26       0.30       0.27       0.27       0.41
       1.07       0.68       0.40       0.30       0.28       0.24       0.28       0.33       0.33
       0.33       0.34       0.40       0.39       0.34       0.33       0.36       0.38       0.41
       0.28       0.27       0.41       0.49       0.49       0.47       0.41       0.48       0.47
       0.27       0.38       1.26       0.86       0.62       0.56       0.54       0.57       0.49
       0.33       0.45       1.32       0.81       0.54       0.58       0.76       0.60       0.45
       0.41       0.48       0.55       0.53       0.51       0.57       0.67       0.50       0.41
       0.66       0.85       0.77       0.53       0.40       0.41       0.44       0.35       0.36
       0.71       0.81       0.67       0.39       0.30       0.28       0.30       0.28       0.35
       0.55       0.47       0.48       0.40       0.33       0.34       0.23       0.11       0.23
       0.14       0.13       0.20       0.21       0.33       0.34       0.17       0.11       0.14
    864000    9   13
       1.16       1.91       2.43       1.63       1.25       1.30       1.36       0.99       0.73
       0.81       1.48       3.01       2.58       1.54       1.53       2.17       1.84       1.39
       0.58       0.31       1.43       2.19       2.68       2.35       2.43       2.82       1.79
       0.52       0.36       0.60       0.43       1.22       2.62       2.01       2.10       1.76
       0.43       0.40       1.22       1.53       1.15       2.45       3.34       1.25       0.96
       0.31       0.34       0.60       1.29       1.79       2.10       2.38       1.48       0.97
       0.10       0.33       0.84       0.56       2.27       4.17       3.97       1.94       1.15
       0.07       0.11       0.66       0.39       0.52       1.93       4.25       3.60       1.72
       0.14       0.05       0.05       0.10       0.27       0.50       1.25       3.14       2.73
       0.16       0.05       0.13       0.19       0.33       0.60       0.89       2.48       4.23
       0.04       0.09       0.25       0.32       0.38       0.51       0.62       0.98       2.20
       0.02       0.09       0.26       0.34       0.31       0.26       0.40       0.71       1.12
       0.02       0.10       0.22       0.32       0.35       0.31       0.34       0.46       0.80
    950400    9   13
       0.05       0.10       0.41       0.50       0.22       0.30       0.22       0.32       0.21
       0.09       0.22       0.75       0.48       0.21       0.29       0.43       0.67       0.76
       0.10       0.34       0.76       0.44       0.39       0.39       0.64       1.01       1.67
       0.20       0.55       0.91       0.44       0.49       0.73       0.43       0.55       1.23
       0.43       0.80       1.99       1.24       1.00       0.79       0.38       0.31       0.56
       0.46       0.74       1.27       2.64       2.50       0.63       0.27       0.51       0.80
       0.25       0.30       0.48       1.80       3.33       1.46       0.60       0.75       1.05
       0.46       0.40       0.59       0.66       0.85       1.16       1.21       1.30       1.08
       0.76       0.69       0.87       0.94       0.78       1.00       1.49       2.33       1.41
       0.88       0.99       1.58       2.34       2.05       1.20       1.14       1.46       1.33
       0.90       1.22       1.85       1.93       3.65       3.48       1.36       0.82       0.78
       0.54       0.85       1.28       1.44       1.64       3.89       2.43       1.26       0.93
       0.35       0.63       0.93       1.22       1.57       2.40       2.61       2.10       1.44
   1036800    9   13
       0.62       0.49       0.17       0.12       0.22       0.24       0.24       0.15       0.08
       0.22       0.34       0.30       0.30       0.46       0.39       0.32       0.26       0.18
       0.13       0.40       0.47       0.39       0.47       0.43       0.32       0.31       0.29
       0.17       0.54       0.62       0.35       0.33       0.25       0.16       0.28       0.43
       0.25       0.43       0.35       0.20       0.21       0.14       0.12       0.19       0.26
       0.30       0.37       0.22       0.23       0.19       0.10       0.09       0.20       0.34
       0.26       0.27       0.16       0.27       0.32       0.18       0.24       0.15       0.14
       0.19       0.09       0.07       0.08       0.06       0.16       0.35       0.23       0.07
       0.19       0.14       0.05       0.02       0.06       0.13       0.26       0.24       0.16
       0.27       0.16       0.14       0.10       0.13       0.15       0.17       0.17       0.18
       0.39       0.27       0.57       1.03       0.73       0.38       0.38       0.26       0.13
       1.76       0.92       0.67       1.47       2.71       1.12       0.46       0.62       0.54
       1.93       2.85       1.48       0.61       1.20       0.78       0.45       0.39       0.56
   1123200    9   13
       0.13       0.36       0.47       0.32       0.30       0.26       0.28       0.50       0.66
       0.58       0.77       0.79       0.58       0.48       0.33       0.33       0.36       1.10
       1.17       1.49       1.40       0.90       0.64       0.63       0.88       1.05       1.83
       0.57       1.05       2.20       2.18       1.39       1.06       0.88       1.06       1.13
       0.42       0.53       0.89       1.28       1.12       0.79       0.66       0.65       0.62
       0.87       0.60       0.31       0.32       0.54       0.49       0.34       0.35       0.42
       0.90       0.82       0.49       0.20       0.14       0.22       0.19       0.08       0.16
       0.57       0.76       0.74       0.36       0.13       0.22       0.17       0.08       0.21
       0.29       0.51       0.77       0.42       0.21       0.14       0.18       0.09       0.22
       0.15       0.30       0.61       0.50       0.40       0.33       0.42       0.28       0.22
       0.19       0.29       0.53       0.64       0.69       0.66       1.28       0.72       0.12
       0.26       0.26       0.58       0.68       0.83       1.89       1.41       0.87       0.39
       0.24       0.33       0.61       0.77       0.90       1.96       0.81       1.90       1.54
   1209600    9   13
       0.11       0.22       0.23       0.17       0.06       0.09       0.12       0.24       0.26
       0.18       0.24       0.25       0.39       0.41       0.49       0.57       0.54       0.51
       0.60       0.21       0.38       0.71       1.65       1.78       1.54       0.75       0.75
       0.90       0.43       0.47       0.69       2.32       2.05       2.43       1.85       1.35
       0.59       0.61       0.68       0.81       2.32       1.61       2.29       2.89       1.63
       0.88       1.04       1.20       2.30       4.42       1.71       1.68       3.03       1.72
       0.80       0.85       1.23       2.58       4.65       1.43       1.68       1.98       1.18
       0.81       1.10       1.42       1.76       2.31       1.03       1.43       1.25       1.14
       0.88       0.95       1.02       1.41       1.72       1.23       1.16       0.73       0.95
       0.70       0.85       1.04       1.04       1.46       1.35       0.87       0.67       0.95
       0.68       0.75       0.83       0.74       0.86       1.57       1.33       1.04       1.02
       0.33       0.42       0.80       0.94       1.31       4.11       2.15       1.16       0.81
       0.29       0.25       0.46       0.73       1.26       1.94       0.95       0.78       0.94
   1296000    9   13
       0.33       0.25       0.31       0.34       0.63       0.45       0.43       0.39       0.22
       0.23       0.23       0.31       0.38       0.89       0.76       0.33       0.32       0.34
       0.40       0.24       0.43       0.72       1.79       2.02       0.42       0.48       0.76
       0.42       0.29       0.49       0.59       1.23       1.48       0.42       0.55       0.49
       0.28       0.34       0.29       0.20       0.61       0.92       0.43       0.66       0.51
       0.28       0.37       0.32       0.20       1.01       0.62       0.48       0.55       0.41
       0.44       0.37       0.33       0.28       0.59       0.43       0.37       0.41       0.29
       0.48       0.49       0.46       0.46       0.37       0.34       0.30       0.33       0.37
       0.36       0.36       0.42       0.39       0.37       0.31       0.35       0.40       0.46
       0.45       0.39       0.36       0.37       0.35       0.30       0.33       0.41       0.45
       0.61       0.46       0.45       0.51       0.47       0.47       0.58       0.50       0.52
       0.36       0.38       0.47       0.66       0.81       1.23       1.12       0.80       0.91
       0.34       0.42       0.50       0.90       1.86       2.10       1.40       1.30       0.82
