         0    9   13
       0.26       0.24       0.23       0.14       0.20       0.29       0.41       0.26       0.23
       0.42       0.32       0.17       0.24       0.51       0.55       0.44       0.22       0.31
       0.49       0.42       0.30       0.30       0.21       0.33       0.51       0.40       0.55
       0.26       0.40       0.36       0.29       0.39       0.53       0.39       0.51       0.55
       0.35       0.47       0.35       0.31       0.37       0.38       0.28       0.41       0.50
       0.42       0.13       0.21       0.20       0.21       0.39       0.48       0.46       0.56
       0.22       0.03       0.11       0.26       0.32       0.61       0.52       0.57       0.62
       0.09       0.05       0.19       0.29       0.53       0.57       0.50       0.52       0.49
       0.12       0.16       0.28       0.47       0.52       0.53       0.42       0.43       0.39
       0.14       0.09       0.20       0.48       0.59       0.50       0.37       0.47       0.53
       0.08       0.05       0.39       0.57       0.59       0.51       0.66       0.69       0.60
       0.03       0.05       0.24       0.49       0.57       0.54       0.68       0.69       0.58
       0.04       0.01       0.07       0.31       0.46       0.45       0.56       0.65       0.61
     86400    9   13
       0.60       0.65       0.48       0.22       0.36       0.27       0.32       0.43       0.39
       0.72       0.69       0.42       0.22       0.29       0.32       0.46       0.49       0.33
       0.63       0.55       0.53       0.40       0.49       0.65       0.54       0.39       0.45
       0.44       0.39       0.49       0.33       0.33       0.48       0.48       0.40       0.57
       0.37       0.26       0.65       0.38       0.31       0.33       0.52       0.52       0.54
       0.41       0.36       0.61       0.53       0.26       0.24       0.31       0.33       0.28
       0.48       0.46       0.40       0.50       0.46       0.30       0.26       0.36       0.30
       0.27       0.30       0.51       0.35       0.48       0.66       0.63       0.41       0.21
       0.17       0.30       0.30       0.28       0.78       0.83       0.68       0.66       0.62
       0.23       0.09       0.07       0.31       0.65       0.64       0.46       0.60       0.77
       0.02       0.02       0.14       0.36       0.48       0.31       0.39       0.45       0.68
       0.02       0.07       0.28       0.43       0.63       0.45       0.46       0.61       0.69
       0.15       0.17       0.41       0.63       0.78       0.80       0.78       0.64       0.63
    172800    9   13
       0.36       0.19       0.26       0.31       0.55       0.37       0.44       0.46       0.23
       0.52       0.32       0.46       0.58       0.55       0.61       0.81       0.55       0.34
       0.84       0.43       0.47       0.61       0.57       0.82       0.92       0.57       0.59
       1.10       0.58       0.57       0.67       0.62       0.62       1.17       1.13       1.16
       1.07       0.62       0.64       0.97       0.72       0.77       1.19       1.41       1.51
       0.85       0.49       0.62       0.80       0.97       0.86       1.01       1.35       1.55
       0.68       0.67       0.77       0.73       0.57       0.41       0.53       0.89       1.05
       0.33       0.53       0.60       0.30       0.25       0.30       0.47       0.83       0.88
       0.19       0.33       0.24       0.10       0.23       0.44       0.59       0.94       0.67
       0.17       0.12       0.11       0.20       0.45       0.76       0.71       0.65       0.49
       0.26       0.23       0.14       0.15       0.21       0.29       0.40       0.22       0.17
       0.07       0.17       0.21       0.24       0.14       0.10       0.07       0.03       0.06
       0.15       0.32       0.36       0.34       0.14       0.11       0.12       0.07       0.10
    259200    9   13
       0.63       0.41       0.55       0.65       0.69       0.87       0.99       0.83       0.42
       0.82       0.41       0.56       0.73       0.66       0.75       1.10       0.97       0.53
       0.55       0.46       0.64       0.66       0.63       0.72       0.91       0.52       0.62
       0.30       0.34       0.47       0.32       0.42       0.55       0.58       0.51       0.35
       0.17       0.16       0.15       0.13       0.17       0.29       0.25       0.24       0.16
       0.34       0.15       0.07       0.21       0.15       0.29       0.24       0.28       0.49
       0.35       0.24       0.22       0.15       0.25       0.35       0.25       0.22       0.34
       0.26       0.18       0.16       0.05       0.04       0.14       0.26       0.42       0.39
       0.12       0.13       0.03       0.01       0.03       0.11       0.28       0.57       0.52
       0.12       0.11       0.13       0.16       0.09       0.14       0.23       0.51       0.61
       0.28       0.18       0.32       0.35       0.13       0.03       0.34       0.76       0.79
       0.15       0.23       0.45       0.50       0.17       0.15       0.35       0.62       0.67
       0.20       0.40       0.57       0.48       0.25       0.38       0.33       0.51       0.57
    345600    9   13
       0.55       1.03       0.87       0.58       0.52       0.14       0.20       0.28       0.32
       0.43       0.72       0.69       0.40       0.61       0.14       0.08       0.07       0.15
       0.48       0.45       0.44       0.19       0.53       0.41       0.28       0.12       0.27
       0.59       0.43       0.49       0.15       0.47       0.83       0.52       0.12       0.19
       0.54       0.41       0.42       0.26       0.38       0.73       0.45       0.33       0.39
       0.45       0.51       0.61       0.41       0.43       0.79       0.55       0.51       0.47
       0.47       0.69       0.70       0.65       0.72       1.01       0.81       0.70       0.55
       0.61       0.80       0.93       1.02       0.85       1.14       0.88       0.70       0.53
       1.05       0.76       0.84       1.03       1.24       1.17       0.52       0.30       0.21
       0.64       0.37       0.65       0.89       0.99       0.98       0.49       0.12       0.10
       0.14       0.16       0.65       0.85       0.71       0.76       0.63       0.18       0.07
       0.30       0.53       0.84       0.91       0.74       0.70       0.44       0.30       0.17
       0.62       1.10       1.04       0.83       0.80       0.51       0.34       0.38       0.34
    432000    9   13
       0.11       0.20       0.51       0.50       0.71       0.41       0.29       0.17       0.04
       0.17       0.26       0.62       0.46       0.55       0.30       0.22       0.20       0.06
       0.36       0.33       0.65       0.54       0.50       0.34       0.22       0.09       0.11
       0.42       0.39       0.50       0.37       0.45       0.40       0.30       0.14       0.20
       0.46       0.42       0.24       0.21       0.40       0.42       0.31       0.17       0.22
       0.43       0.44       0.24       0.17       0.37       0.53       0.36       0.16       0.26
       0.51       0.60       0.44       0.45       0.63       0.56       0.32       0.25       0.41
       0.58       0.68       0.51       0.55       0.56       0.44       0.41       0.50       0.59
       0.47       0.59       0.49       0.71       0.63       0.37       0.41       0.57       0.72
       0.57       0.38       0.54       0.77       0.78       0.33       0.27       0.31       0.30
       0.42       0.38       0.71       0.71       0.63       0.43       0.24       0.08       0.11
       0.65       0.73       0.74       0.79       0.56       0.56       0.45       0.28       0.37
       0.93       0.65       0.68       0.75       0.57       0.42       0.64       0.55       0.59
    518400    9   13
       0.41       0.28       0.32       0.24       0.20       0.16       0.20       0.14       0.06
       0.33       0.33       0.55       0.36       0.15       0.05       0.09       0.07       0.08
       0.16       0.21       0.61       0.39       0.41       0.22       0.15       0.12       0.21
       0.33       0.31       0.60       0.29       0.51       0.49       0.47       0.34       0.68
       0.58       0.40       0.46       0.40       0.50       0.68       0.69       0.67       0.56
       0.59       0.74       0.72       0.72       0.47       0.54       0.71       0.76       0.92
       0.55       0.55       0.91       1.03       0.93       0.71       0.77       0.59       0.44
       0.52       0.66       0.96       1.08       1.25       1.03       0.88       0.76       0.59
       1.03       1.15       0.94       0.90       1.07       1.05       0.93       0.80       0.75
       1.08       1.09       1.37       1.35       1.13       0.99       0.94       1.01       0.82
       1.04       0.80       0.89       1.03       0.94       0.83       1.10       0.83       0.63
       1.33       1.00       0.53       0.50       0.61       0.50       1.05       0.71       0.49
       1.42       1.20       0.74       0.68       0.93       0.45       0.72       0.90       0.58
    604800    9   13
       0.12       0.22       0.33       0.66       1.18       0.62       0.53       0.72       0.74
       0.07       0.21       0.40       0.42       0.58       0.38       0.57       0.68       0.65
       0.10       0.12       0.37       0.23       0.51       0.47       0.49       0.39       0.77
       0.14       0.11       0.31       0.31       0.55       0.70       0.51       1.03       1.62
       0.29       0.15       0.22       0.23       0.39       0.86       0.59       1.11       1.43
       0.36       0.11       0.23       0.11       0.39       0.91       0.94       0.84       1.38
       0.25       0.07       0.23       0.25       0.35       0.79       0.73       0.61       0.72
       0.15       0.18       0.33       0.17       0.16       0.45       0.48       0.30       0.43
       0.65       0.56       0.44       0.28       0.15       0.28       0.35       0.21       0.48
       0.41       0.49       0.59       0.67       0.43       0.33       0.24       0.19       0.29
       0.24       0.40       0.72       0.70       0.71       0.44       0.31       0.20       0.30
       0.35       0.47       0.72       0.66       0.50       0.45       0.31       0.10       0.20
       0.67       0.87       0.84       0.66       0.61       0.35       0.15       0.10       0.19
    691200    9   13
       0.51       0.51       0.47       0.40       0.43       0.56       0.64       0.67       0.54
       0.60       0.43       0.49       0.35       0.40       0.35       0.45       0.49       0.38
       0.55       0.43       0.63       0.64       0.60       0.50       0.57       0.52       0.41
       0.48       0.53       0.65       0.82       0.71       0.61       0.59       0.54       0.56
       0.42       0.35       0.57       0.56       0.64       0.64       0.57       0.64       0.68
       0.30       0.34       0.49       0.43       0.66       0.67       0.76       0.91       0.80
       0.33       0.47       0.46       0.26       0.45       0.61       0.72       0.54       0.52
       0.23       0.32       0.55       0.37       0.43       0.50       0.51       0.31       0.27
       0.37       0.46       0.51       0.46       0.52       0.48       0.37       0.30       0.30
       0.51       0.30       0.23       0.41       0.55       0.51       0.34       0.32       0.31
       0.45       0.32       0.32       0.45       0.66       0.51       0.47       0.42       0.25
       0.13       0.23       0.27       0.35       0.51       0.46       0.49       0.46       0.24
       0.15       0.33       0.30       0.24       0.35       0.54       0.49       0.51       0.44
    777600    9   13
       0.41       0.61       0.66       0.54       0.49       0.34       0.45       0.58       0.58
       0.44       0.62       0.89       0.72       0.49       0.46       0.47       0.51       0.45
       0.45       0.58       0.94       0.66       0.66       0.55       0.49       0.49       0.57
       0.27       0.34       0.36       0.32       0.56       0.53       0.57       0.51       0.69
       0.27       0.33       0.30       0.33       0.46       0.59       0.50       0.66       0.93
       0.35       0.33       0.25       0.23       0.19       0.28       0.22       0.28       0.26
       0.34       0.42       0.35       0.11       0.09       0.05       0.07       0.06       0.03
       0.26       0.34       0.23       0.05       0.05       0.04       0.04       0.08       0.04
       0.28       0.35       0.24       0.14       0.07       0.06       0.05       0.11       0.17
       0.17       0.27       0.53       0.37       0.12       0.09       0.10       0.18       0.27
       0.04       0.27       0.93       0.70       0.28       0.29       0.23       0.27       0.45
       0.15       0.29       0.73       0.82       0.51       0.49       0.34       0.30       0.47
       0.38       0.25       0.46       0.73       0.69       0.46       0.40       0.31       0.46
    864000    9   13
       0.24       0.27       0.32       0.34       0.48       0.32       0.24       0.18       0.08
       0.20       0.26       0.36       0.30       0.32       0.29       0.28       0.15       0.10
       0.23       0.37       0.49       0.42       0.39       0.45       0.34       0.20       0.22
       0.17       0.23       0.51       0.46       0.53       0.42       0.36       0.37       0.40
       0.42       0.35       0.33       0.24       0.29       0.35       0.34       0.43       0.65
       0.38       0.44       0.37       0.24       0.22       0.31       0.29       0.42       0.53
       0.41       0.56       0.57       0.21       0.27       0.29       0.31       0.33       0.39
       0.45       0.70       0.57       0.31       0.56       0.48       0.30       0.31       0.21
       0.13       0.45       0.49       0.40       0.35       0.35       0.30       0.38       0.35
       0.16       0.24       0.58       0.64       0.29       0.27       0.38       0.58       0.58
       0.35       0.55       1.02       0.81       0.46       0.56       0.43       0.45       0.66
       0.39       0.51       0.48       0.64       0.56       0.69       0.54       0.39       0.45
       0.38       0.29       0.21       0.54       0.72       0.70       0.59       0.39       0.54
    950400    9   13
       0.11       0.20       0.24       0.18       0.17       0.08       0.02       0.04       0.07
       0.11       0.11       0.28       0.24       0.11       0.06       0.08       0.08       0.06
       0.05       0.09       0.23       0.17       0.11       0.18       0.25       0.18       0.15
       0.08       0.12       0.23       0.25       0.26       0.29       0.17       0.21       0.27
       0.10       0.18       0.21       0.20       0.17       0.24       0.34       0.43       0.54
       0.18       0.36       0.14       0.09       0.11       0.25       0.32       0.20       0.11
       0.34       0.50       0.30       0.15       0.13       0.18       0.10       0.04       0.04
       0.36       0.49       0.47       0.22       0.12       0.31       0.14       0.15       0.08
       0.70       0.85       0.63       0.39       0.16       0.27       0.35       0.26       0.33
       0.77       0.79       0.74       0.59       0.32       0.26       0.31       0.42       0.38
       0.37       0.53       0.84       0.85       0.46       0.44       0.33       0.47       0.44
       0.28       0.27       0.76       0.85       0.58       0.67       0.62       0.55       0.48
       0.40       0.28       0.66       1.07       0.92       0.65       0.86       0.58       0.61
   1036800    9   13
       0.39       0.32       0.43       0.34       0.26       0.14       0.11       0.39       0.24
       0.38       0.32       0.71       0.41       0.23       0.11       0.13       0.30       0.15
       0.20       0.23       0.67       0.69       0.51       0.27       0.28       0.24       0.25
       0.07       0.08       0.34       0.43       0.49       0.40       0.22       0.32       0.39
       0.05       0.08       0.11       0.14       0.30       0.27       0.24       0.53       0.44
       0.06       0.11       0.04       0.04       0.17       0.28       0.47       0.57       0.46
       0.07       0.11       0.08       0.08       0.18       0.13       0.15       0.15       0.30
       0.17       0.20       0.15       0.13       0.09       0.04       0.18       0.34       0.31
       0.33       0.31       0.12       0.11       0.08       0.15       0.52       0.51       0.27
       0.50       0.30       0.20       0.25       0.19       0.27       0.34       0.29       0.28
       0.27       0.21       0.31       0.34       0.30       0.28       0.27       0.34       0.34
       0.41       0.30       0.34       0.38       0.33       0.47       0.21       0.31       0.37
       0.44       0.17       0.32       0.42       0.27       0.30       0.20       0.26       0.30
   1123200    9   13
       0.53       0.42       0.46       0.41       0.46       0.39       0.36       0.50       0.17
       0.26       0.56       0.89       0.63       0.51       0.21       0.35       0.30       0.10
       0.19       0.36       0.69       0.58       0.58       0.39       0.36       0.22       0.30
       0.04       0.07       0.24       0.36       0.52       0.35       0.29       0.41       0.52
       0.04       0.08       0.18       0.25       0.32       0.38       0.40       0.62       0.70
       0.08       0.11       0.11       0.14       0.21       0.27       0.42       0.60       0.49
       0.12       0.10       0.08       0.12       0.17       0.12       0.24       0.20       0.20
       0.12       0.11       0.09       0.07       0.10       0.15       0.23       0.28       0.26
       0.30       0.29       0.10       0.12       0.10       0.15       0.26       0.36       0.32
       0.62       0.47       0.24       0.23       0.10       0.11       0.16       0.24       0.23
       0.49       0.39       0.35       0.24       0.24       0.29       0.13       0.17       0.26
       0.26       0.35       0.33       0.18       0.17       0.43       0.11       0.09       0.20
       0.24       0.29       0.29       0.33       0.16       0.21       0.05       0.10       0.22
   1209600    9   13
       0.08       0.10       0.32       0.38       0.30       0.24       0.34       0.36       0.17
       0.15       0.15       0.34       0.28       0.22       0.15       0.11       0.15       0.05
       0.17       0.19       0.47       0.40       0.38       0.30       0.22       0.12       0.22
       0.08       0.12       0.31       0.36       0.44       0.32       0.17       0.21       0.35
       0.08       0.11       0.14       0.15       0.27       0.22       0.09       0.14       0.21
       0.10       0.15       0.11       0.14       0.23       0.19       0.29       0.20       0.21
       0.12       0.12       0.08       0.17       0.22       0.19       0.27       0.25       0.29
       0.10       0.13       0.06       0.10       0.05       0.04       0.15       0.26       0.24
       0.29       0.24       0.12       0.16       0.07       0.10       0.14       0.22       0.13
       0.52       0.34       0.21       0.20       0.12       0.08       0.12       0.18       0.15
       0.67       0.49       0.34       0.16       0.17       0.20       0.11       0.18       0.17
       0.98       0.64       0.42       0.16       0.11       0.26       0.19       0.21       0.32
       0.83       0.72       0.42       0.35       0.20       0.30       0.32       0.27       0.54
   1296000    9   13
       0.15       0.28       0.41       0.35       0.23       0.14       0.10       0.15       0.14
       0.05       0.10       0.23       0.23       0.12       0.09       0.08       0.06       0.04
       0.04       0.13       0.18       0.09       0.08       0.05       0.03       0.02       0.11
       0.04       0.05       0.03       0.08       0.11       0.04       0.05       0.06       0.19
       0.03       0.02       0.02       0.12       0.08       0.03       0.09       0.12       0.15
       0.14       0.16       0.05       0.07       0.08       0.07       0.11       0.16       0.09
       0.37       0.39       0.20       0.08       0.10       0.08       0.08       0.11       0.18
       0.53       0.68       0.37       0.13       0.13       0.13       0.12       0.15       0.13
       0.66       0.75       0.50       0.43       0.32       0.43       0.34       0.30       0.18
       0.93       0.93       0.91       0.95       0.49       0.62       0.55       0.71       0.45
       0.99       1.00       1.14       1.09       0.94       0.93       0.69       0.97       0.67
       1.50       1.09       1.27       1.13       1.09       1.04       0.81       0.96       0.96
       1.20       1.07       1.18       1.32       1.20       1.24       1.16       0.96       1.06
