         0    9   13
       0.48       0.37       0.39       0.54       0.69       0.48       0.38       0.40       0.40
       0.54       0.36       0.39       0.48       0.43       0.68       0.72       0.51       0.15
       0.38       0.46       0.44       0.41       0.28       0.65       0.54       0.30       0.42
       0.15       0.28       0.47       0.33       0.16       0.43       0.42       0.45       0.59
       0.46       0.45       0.58       0.17       0.14       0.48       0.60       0.69       0.46
       0.38       0.51       0.43       0.06       0.17       0.51       0.61       0.54       0.40
       0.15       0.44       0.51       0.14       0.32       0.43       0.43       0.41       0.22
       0.18       0.44       0.68       0.32       0.24       0.34       0.27       0.22       0.21
       0.28       0.44       0.47       0.46       0.38       0.44       0.27       0.18       0.33
       0.30       0.54       0.48       0.62       0.53       0.40       0.24       0.17       0.37
       0.17       0.52       0.78       0.90       0.70       0.46       0.51       0.20       0.30
       0.08       0.31       0.71       0.88       0.86       0.49       0.57       0.34       0.30
       0.02       0.20       0.67       0.75       0.76       0.59       0.45       0.35       0.19
     86400    9   13
       0.21       0.16       0.14       0.11       0.23       0.36       0.32       0.29       0.29
       0.44       0.30       0.27       0.32       0.22       0.40       0.34       0.27       0.15
       0.36       0.16       0.39       0.43       0.36       0.57       0.35       0.16       0.27
       0.19       0.19       0.46       0.37       0.33       0.47       0.27       0.18       0.21
       0.41       0.30       0.46       0.29       0.31       0.45       0.37       0.29       0.43
       0.65       0.57       0.54       0.32       0.40       0.43       0.56       0.50       0.58
       0.97       0.84       0.85       0.45       0.55       0.70       0.72       0.64       0.66
       0.80       0.88       0.93       0.60       0.59       0.63       0.74       0.54       0.55
       0.71       1.06       0.72       0.65       0.54       0.55       0.73       0.85       0.60
       0.58       0.67       0.72       0.81       0.64       0.46       0.77       1.10       1.00
       0.28       0.44       0.82       1.00       0.77       0.45       0.65       0.98       1.19
       0.16       0.33       0.68       1.09       0.86       0.59       0.61       0.69       0.75
       0.20       0.23       0.45       0.96       1.09       0.62       0.65       0.72       0.64
    172800    9   13
       0.14       0.18       0.38       0.20       0.19       0.36       0.36       0.23       0.07
       0.32       0.30       0.46       0.36       0.28       0.53       0.67       0.31       0.03
       0.61       0.47       0.51       0.36       0.25       0.54       0.48       0.12       0.18
       0.32       0.31       0.45       0.51       0.29       0.43       0.45       0.23       0.21
       0.23       0.11       0.25       0.45       0.35       0.48       0.61       0.38       0.30
       0.14       0.10       0.17       0.21       0.41       0.60       0.58       0.36       0.32
       0.31       0.17       0.17       0.18       0.55       0.63       0.35       0.32       0.31
       0.30       0.16       0.16       0.04       0.24       0.37       0.21       0.22       0.36
       0.18       0.15       0.11       0.11       0.27       0.41       0.18       0.20       0.39
       0.13       0.15       0.27       0.31       0.46       0.41       0.17       0.08       0.39
       0.29       0.32       0.53       0.58       0.65       0.60       0.39       0.16       0.41
       0.79       0.59       0.65       0.64       0.55       0.78       0.53       0.29       0.41
       1.24       0.60       0.64       0.53       0.45       0.69       0.62       0.50       0.41
    259200    9   13
       0.22       0.20       0.46       0.48       0.45       0.38       0.23       0.11       0.06
       0.32       0.27       0.36       0.46       0.47       0.62       0.59       0.18       0.10
       0.37       0.49       0.44       0.35       0.28       0.56       0.67       0.12       0.29
       0.12       0.26       0.64       0.56       0.49       0.42       0.43       0.34       0.33
       0.33       0.26       0.66       0.98       1.09       0.53       0.45       0.45       0.58
       0.28       0.42       0.48       0.37       0.85       0.77       0.64       0.60       0.79
       0.51       0.39       0.55       0.31       0.57       0.66       0.66       0.60       0.59
       0.47       0.30       0.54       0.59       0.56       0.49       0.39       0.42       0.74
       0.35       0.52       0.81       0.80       0.52       0.39       0.45       0.39       0.97
       0.32       0.76       0.85       0.74       0.67       0.43       0.41       0.34       0.67
       0.82       0.88       0.50       0.41       0.60       0.44       0.55       0.42       0.45
       0.82       0.51       0.43       0.50       0.39       0.37       0.51       0.39       0.22
       0.27       0.19       0.38       0.74       0.80       0.52       0.49       0.43       0.15
    345600    9   13
       0.68       0.76       0.86       0.55       0.40       0.36       0.41       0.31       0.24
       0.47       0.49       0.49       0.45       0.35       0.75       0.85       0.51       0.31
       0.75       0.66       0.83       0.84       1.00       1.48       0.74       0.16       0.34
       0.75       1.26       1.97       1.79       1.69       1.15       0.34       0.25       0.28
       1.48       1.64       1.73       1.49       1.15       0.49       0.21       0.34       0.42
       1.52       1.24       0.90       0.63       0.59       0.41       0.35       0.26       0.26
       1.05       1.25       0.61       0.36       0.46       0.54       0.61       0.49       0.35
       0.83       0.74       0.38       0.30       0.35       0.39       0.24       0.43       0.45
       0.46       0.35       0.30       0.29       0.20       0.13       0.09       0.22       0.43
       0.43       0.25       0.16       0.23       0.23       0.25       0.20       0.29       0.45
       0.43       0.38       0.40       0.30       0.19       0.23       0.32       0.23       0.45
       0.33       0.40       0.52       0.32       0.12       0.16       0.24       0.26       0.29
       0.27       0.27       0.43       0.47       0.48       0.24       0.36       0.43       0.25
    432000    9   13
       0.29       0.21       0.20       0.14       0.16       0.13       0.04       0.04       0.14
       0.28       0.21       0.21       0.23       0.22       0.12       0.03       0.05       0.14
       0.24       0.22       0.27       0.33       0.23       0.19       0.10       0.05       0.16
       0.23       0.25       0.21       0.34       0.31       0.33       0.13       0.04       0.07
       0.57       0.60       0.46       0.58       0.46       0.17       0.02       0.01       0.02
       0.49       0.42       0.35       0.46       0.40       0.11       0.01       0.00       0.01
       0.31       0.24       0.21       0.22       0.13       0.03       0.02       0.01       0.03
       0.23       0.23       0.23       0.20       0.12       0.05       0.03       0.01       0.08
       0.29       0.28       0.29       0.20       0.07       0.01       0.01       0.01       0.17
       0.38       0.20       0.20       0.18       0.02       0.01       0.00       0.01       0.09
       0.16       0.16       0.28       0.18       0.06       0.02       0.01       0.03       0.05
       0.07       0.15       0.35       0.34       0.12       0.03       0.02       0.03       0.01
       0.09       0.14       0.30       0.52       0.41       0.03       0.04       0.08       0.03
    518400    9   13
       0.21       0.27       0.36       0.30       0.19       0.10       0.20       0.28       0.16
       0.21       0.22       0.28       0.28       0.21       0.17       0.22       0.31       0.32
       0.45       0.29       0.40       0.29       0.21       0.26       0.20       0.23       0.56
       0.63       0.42       0.48       0.58       0.26       0.38       0.46       0.34       0.55
       0.74       0.39       0.45       0.76       0.37       0.52       0.52       0.49       0.67
       0.90       0.49       0.47       0.95       0.42       0.48       0.73       0.49       0.44
       1.15       0.47       0.34       0.78       0.54       0.33       0.51       0.59       0.44
       0.67       0.26       0.25       0.51       0.44       0.18       0.25       0.40       0.26
       0.16       0.19       0.30       0.51       0.33       0.15       0.12       0.18       0.19
       0.13       0.21       0.32       0.38       0.30       0.10       0.04       0.05       0.09
       0.16       0.26       0.26       0.13       0.15       0.05       0.01       0.01       0.02
       0.09       0.24       0.22       0.10       0.04       0.03       0.01       0.01       0.00
       0.04       0.09       0.06       0.08       0.02       0.00       0.00       0.00       0.00
    604800    9   13
       0.19       0.22       0.30       0.45       0.32       0.30       0.26       0.18       0.11
       0.16       0.15       0.22       0.25       0.16       0.35       0.38       0.11       0.18
       0.14       0.14       0.26       0.14       0.18       0.38       0.35       0.11       0.19
       0.13       0.13       0.24       0.21       0.16       0.27       0.15       0.14       0.19
       0.23       0.28       0.27       0.25       0.30       0.26       0.33       0.16       0.21
       0.28       0.45       0.27       0.22       0.40       0.54       0.61       0.35       0.25
       0.33       0.35       0.20       0.14       0.11       0.35       0.58       0.30       0.22
       0.17       0.19       0.10       0.15       0.07       0.11       0.21       0.20       0.16
       0.12       0.12       0.07       0.11       0.05       0.02       0.08       0.08       0.09
       0.08       0.04       0.05       0.10       0.07       0.02       0.05       0.04       0.04
       0.03       0.03       0.10       0.11       0.10       0.04       0.03       0.02       0.02
       0.03       0.03       0.12       0.10       0.08       0.06       0.03       0.01       0.01
       0.01       0.08       0.11       0.05       0.05       0.06       0.03       0.01       0.02
    691200    9   13
       0.67       0.39       0.40       0.37       0.27       0.15       0.10       0.12       0.12
       0.58       0.30       0.35       0.39       0.22       0.15       0.24       0.19       0.14
       0.32       0.32       0.41       0.25       0.20       0.30       0.40       0.24       0.30
       0.14       0.23       0.47       0.36       0.41       0.34       0.41       0.30       0.31
       0.07       0.16       0.29       0.49       0.41       0.22       0.34       0.34       0.35
       0.15       0.17       0.22       0.30       0.27       0.12       0.36       0.45       0.46
       0.27       0.22       0.24       0.12       0.09       0.13       0.38       0.33       0.34
       0.17       0.29       0.28       0.08       0.04       0.29       0.12       0.07       0.19
       0.22       0.30       0.24       0.14       0.09       0.33       0.13       0.05       0.17
       0.28       0.18       0.20       0.27       0.24       0.28       0.16       0.22       0.17
       0.15       0.30       0.58       0.71       0.55       0.39       0.27       0.20       0.15
       0.13       0.46       0.76       0.96       0.53       0.42       0.47       0.32       0.09
       0.16       0.31       0.61       1.12       0.75       0.23       0.41       0.54       0.21
    777600    9   13
       0.13       0.25       0.34       0.33       0.73       1.16       0.97       1.05       0.65
       0.10       0.32       0.42       0.56       0.64       0.64       0.55       0.51       0.55
       0.24       0.56       0.69       0.76       0.70       0.59       0.56       0.54       0.80
       0.21       0.59       0.82       1.05       0.68       0.61       0.73       0.67       0.89
       0.24       0.26       0.45       1.11       0.73       0.43       0.65       0.60       0.60
       0.33       0.24       0.21       0.44       0.39       0.19       0.57       0.65       0.53
       0.24       0.15       0.16       0.14       0.08       0.24       0.39       0.46       0.43
       0.11       0.07       0.07       0.12       0.11       0.39       0.20       0.14       0.28
       0.03       0.02       0.01       0.01       0.01       0.09       0.10       0.03       0.08
       0.03       0.01       0.00       0.01       0.08       0.25       0.07       0.02       0.07
       0.11       0.04       0.07       0.06       0.11       0.07       0.12       0.09       0.09
       0.17       0.09       0.22       0.18       0.18       0.03       0.07       0.09       0.03
       0.06       0.04       0.21       0.20       0.28       0.13       0.13       0.07       0.02
    864000    9   13
       0.36       0.61       1.06       1.01       0.93       0.75       0.71       0.84       0.97
       0.35       0.84       1.22       1.09       0.73       0.50       0.83       0.97       1.02
       0.38       0.56       1.17       0.89       0.64       0.85       0.88       0.60       0.85
       0.28       0.41       0.82       0.62       0.59       0.65       0.88       0.50       0.82
       0.30       0.18       0.40       0.73       0.51       0.34       0.72       0.50       0.64
       0.32       0.22       0.16       0.59       0.44       0.35       0.49       0.45       0.62
       0.29       0.23       0.21       0.54       0.42       0.29       0.23       0.61       0.48
       0.13       0.27       0.25       0.37       0.41       0.29       0.15       0.21       0.41
       0.22       0.40       0.20       0.14       0.40       0.23       0.08       0.06       0.08
       0.28       0.16       0.04       0.16       0.20       0.14       0.07       0.07       0.12
       0.09       0.11       0.02       0.08       0.04       0.04       0.02       0.03       0.05
       0.13       0.10       0.02       0.05       0.04       0.02       0.02       0.01       0.03
       0.02       0.02       0.04       0.06       0.11       0.10       0.03       0.01       0.00
    950400    9   13
       0.83       1.10       0.89       0.76       0.73       0.70       0.57       0.79       0.72
       0.83       1.17       1.19       0.84       0.63       0.58       0.68       0.88       1.06
       0.74       0.97       1.75       1.59       0.79       0.89       0.90       0.64       0.71
       0.70       0.79       1.24       1.29       0.74       0.60       0.68       0.58       0.72
       1.13       1.30       1.48       1.71       1.39       0.61       0.62       0.61       0.61
       1.10       1.33       1.45       1.69       1.59       0.89       0.67       0.78       0.88
       0.74       0.88       0.91       1.19       1.00       0.42       0.68       1.21       0.66
       0.24       0.32       0.38       0.48       0.35       0.23       0.18       0.31       0.11
       0.20       0.20       0.22       0.16       0.20       0.23       0.16       0.16       0.12
       0.24       0.22       0.08       0.09       0.05       0.07       0.04       0.04       0.12
       0.25       0.15       0.15       0.17       0.04       0.01       0.01       0.01       0.05
       0.07       0.08       0.19       0.21       0.04       0.01       0.01       0.00       0.00
       0.00       0.05       0.19       0.16       0.10       0.05       0.02       0.00       0.00
   1036800    9   13
       0.47       0.26       0.18       0.18       0.41       0.36       0.46       0.40       0.15
       0.47       0.31       0.15       0.23       0.37       0.34       0.35       0.28       0.19
       0.75       0.53       0.36       0.27       0.21       0.36       0.39       0.20       0.22
       0.54       0.55       0.49       0.42       0.28       0.21       0.40       0.54       0.55
       0.49       0.53       0.65       0.54       0.41       0.16       0.28       0.69       0.72
       0.47       0.66       0.93       1.08       0.78       0.30       0.28       0.66       0.71
       0.42       0.63       0.70       1.00       0.98       0.66       0.49       0.53       0.59
       0.41       0.58       0.68       0.66       0.78       0.80       0.70       0.54       0.47
       0.48       0.49       0.35       0.34       0.33       0.40       0.49       0.57       0.46
       0.36       0.33       0.23       0.28       0.15       0.16       0.20       0.36       0.29
       0.15       0.31       0.33       0.34       0.10       0.04       0.05       0.16       0.12
       0.09       0.19       0.30       0.35       0.20       0.13       0.06       0.03       0.03
       0.09       0.06       0.18       0.27       0.30       0.27       0.14       0.01       0.00
   1123200    9   13
       0.34       0.21       0.29       0.52       0.56       0.58       0.70       0.76       0.79
       0.39       0.16       0.08       0.29       0.14       0.16       0.61       0.71       0.74
       0.68       0.36       0.12       0.23       0.14       0.41       0.97       0.68       0.97
       0.51       0.51       0.35       0.41       0.26       0.46       0.76       0.85       0.81
       0.69       0.58       0.68       0.58       0.51       0.57       0.54       0.84       0.79
       0.68       0.59       0.74       0.90       0.84       0.72       0.57       0.60       0.61
       0.59       0.60       0.61       0.63       0.61       0.52       0.35       0.25       0.34
       0.42       0.55       0.58       0.41       0.49       0.65       0.57       0.45       0.52
       0.21       0.35       0.33       0.29       0.38       0.69       0.60       0.53       0.54
       0.09       0.23       0.27       0.34       0.34       0.51       0.55       0.60       0.66
       0.03       0.07       0.22       0.36       0.31       0.32       0.41       0.64       0.66
       0.02       0.10       0.31       0.42       0.37       0.53       0.44       0.42       0.62
       0.12       0.34       0.60       0.73       0.75       0.89       0.60       0.47       0.55
   1209600    9   13
       0.55       0.38       0.58       0.52       0.33       0.25       0.30       0.41       0.43
       0.49       0.36       0.41       0.35       0.15       0.16       0.24       0.33       0.31
       0.51       0.38       0.39       0.19       0.03       0.10       0.25       0.21       0.28
       0.44       0.25       0.23       0.09       0.09       0.15       0.15       0.20       0.20
       0.41       0.14       0.14       0.07       0.17       0.11       0.09       0.04       0.09
       0.41       0.25       0.20       0.12       0.07       0.04       0.01       0.02       0.03
       0.16       0.15       0.19       0.13       0.08       0.03       0.03       0.05       0.09
       0.11       0.08       0.16       0.15       0.20       0.16       0.11       0.12       0.22
       0.06       0.11       0.11       0.25       0.40       0.26       0.08       0.04       0.05
       0.09       0.15       0.16       0.24       0.24       0.08       0.02       0.01       0.05
       0.09       0.10       0.13       0.18       0.16       0.10       0.05       0.02       0.06
       0.04       0.05       0.10       0.13       0.16       0.11       0.04       0.01       0.01
       0.08       0.05       0.09       0.09       0.15       0.11       0.11       0.06       0.01
   1296000    9   13
       0.14       0.03       0.15       0.23       0.15       0.07       0.09       0.11       0.10
       0.20       0.04       0.14       0.15       0.06       0.09       0.15       0.10       0.09
       0.17       0.11       0.25       0.21       0.07       0.28       0.34       0.07       0.30
       0.18       0.17       0.30       0.29       0.23       0.29       0.29       0.24       0.41
       0.23       0.15       0.33       0.31       0.22       0.19       0.29       0.28       0.29
       0.26       0.22       0.26       0.32       0.23       0.21       0.34       0.26       0.19
       0.15       0.18       0.20       0.27       0.26       0.24       0.37       0.35       0.26
       0.17       0.16       0.26       0.18       0.16       0.10       0.27       0.32       0.25
       0.25       0.34       0.34       0.24       0.08       0.12       0.24       0.27       0.31
       0.30       0.40       0.43       0.40       0.24       0.20       0.21       0.34       0.45
       0.29       0.41       0.46       0.42       0.33       0.23       0.10       0.27       0.36
       0.34       0.30       0.44       0.50       0.49       0.53       0.20       0.09       0.15
       0.22       0.13       0.18       0.32       0.55       0.54       0.28       0.10       0.09
