         0    9   13
       0.11       0.14       0.11       0.22       0.26       0.12       0.08       0.16       0.21
       0.05       0.07       0.09       0.21       0.18       0.09       0.23       0.38       0.35
       0.08       0.12       0.12       0.25       0.18       0.28       0.36       0.41       0.57
       0.07       0.14       0.12       0.23       0.12       0.23       0.24       0.44       0.93
       0.11       0.10       0.10       0.23       0.08       0.08       0.07       0.20       0.42
       0.16       0.13       0.10       0.19       0.05       0.02       0.02       0.10       0.17
       0.35       0.20       0.09       0.10       0.04       0.02       0.00       0.05       0.17
       0.35       0.12       0.22       0.20       0.08       0.04       0.02       0.01       0.07
       0.32       0.39       0.39       0.30       0.18       0.07       0.03       0.03       0.10
       0.37       0.53       0.36       0.18       0.14       0.23       0.12       0.09       0.26
       0.29       0.39       0.27       0.18       0.23       0.24       0.28       0.27       0.39
       0.39       0.32       0.23       0.24       0.22       0.21       0.33       0.36       0.55
       0.22       0.13       0.17       0.15       0.12       0.32       0.31       0.38       0.56
     86400    9   13
       0.60       0.52       0.66       0.57       0.49       0.55       0.53       0.64       0.51
       0.57       0.32       0.61       0.72       0.77       0.57       0.64       0.67       0.43
       0.49       0.39       0.68       0.80       0.88       0.73       0.70       0.56       0.48
       0.58       0.70       0.66       0.63       0.59       0.54       0.62       0.58       0.57
       0.72       0.65       0.66       0.52       0.50       0.69       0.68       0.50       0.61
       0.66       0.51       0.67       0.64       0.74       0.80       0.70       0.56       0.71
       0.66       0.51       0.65       0.63       0.92       1.00       0.90       0.83       0.98
       0.60       0.59       0.79       0.66       1.05       1.48       1.22       1.19       1.06
       0.82       0.66       0.71       0.77       1.00       1.08       0.92       1.08       1.16
       1.15       0.55       0.52       0.87       1.13       1.18       1.33       1.41       1.41
       0.82       0.59       0.54       0.90       1.27       1.40       1.61       1.61       1.51
       0.80       0.89       0.75       0.60       0.92       1.30       1.70       1.38       1.22
       0.98       0.74       0.59       0.58       0.69       0.77       1.24       1.14       1.01
    172800    9   13
       0.79       0.78       0.89       0.87       0.74       0.84       0.76       0.68       0.47
       0.75       0.82       0.91       0.76       0.81       0.92       0.94       0.89       0.64
       0.66       0.91       0.88       0.74       0.77       0.67       0.84       0.96       0.88
       0.79       0.89       0.98       0.68       0.61       0.36       0.58       0.82       0.89
       0.51       0.67       0.69       0.90       0.67       0.40       0.63       0.84       1.00
       0.54       0.54       0.43       0.78       0.72       0.42       0.65       0.94       1.28
       0.59       0.55       0.58       0.83       1.08       0.79       1.03       1.35       1.58
       0.51       0.74       0.76       0.94       1.34       1.46       1.49       1.41       1.20
       0.50       0.63       0.76       1.11       1.11       1.31       1.32       1.14       0.77
       0.42       0.47       0.53       0.90       0.97       1.28       1.40       1.16       1.01
       0.67       0.72       0.68       0.71       0.71       1.24       1.23       1.20       1.17
       0.70       0.84       0.80       0.76       0.83       1.22       1.33       1.27       1.08
       0.75       0.89       0.92       0.93       1.00       1.03       1.35       1.20       0.83
    259200    9   13
       0.57       0.88       1.07       0.58       0.70       0.49       0.38       0.42       0.35
       0.66       0.89       0.86       0.57       0.85       0.60       0.24       0.25       0.33
       0.46       0.85       0.68       0.30       0.66       0.42       0.30       0.32       0.31
       0.35       0.55       0.55       0.30       0.49       0.29       0.30       0.34       0.25
       0.28       0.37       0.45       0.35       0.36       0.23       0.24       0.22       0.25
       0.34       0.20       0.32       0.38       0.32       0.15       0.26       0.26       0.30
       0.36       0.31       0.24       0.30       0.22       0.28       0.42       0.43       0.40
       0.28       0.28       0.28       0.24       0.15       0.33       0.46       0.41       0.33
       0.25       0.26       0.32       0.43       0.27       0.34       0.38       0.32       0.16
       0.30       0.29       0.36       0.38       0.27       0.42       0.47       0.33       0.34
       0.54       0.41       0.39       0.42       0.24       0.35       0.57       0.55       0.66
       0.64       0.44       0.36       0.30       0.35       0.27       0.34       0.49       0.73
       0.40       0.32       0.38       0.43       0.44       0.34       0.41       0.49       0.75
    345600    9   13
       0.58       0.48       0.36       0.30       0.31       0.32       0.35       0.35       0.42
       0.97       0.78       0.53       0.35       0.36       0.35       0.36       0.40       0.52
       0.94       0.79       0.68       0.37       0.49       0.35       0.37       0.39       0.69
       0.90       0.62       0.62       0.39       0.52       0.44       0.36       0.43       0.56
       0.48       0.54       0.55       0.26       0.47       0.51       0.29       0.18       0.27
       0.47       0.40       0.39       0.11       0.39       0.39       0.23       0.10       0.23
       0.29       0.39       0.37       0.23       0.32       0.35       0.26       0.19       0.11
       0.12       0.28       0.35       0.32       0.24       0.30       0.37       0.21       0.12
       0.25       0.20       0.25       0.35       0.36       0.31       0.29       0.11       0.09
       0.22       0.21       0.34       0.46       0.46       0.37       0.24       0.14       0.07
       0.07       0.33       0.41       0.40       0.44       0.48       0.57       0.43       0.12
       0.14       0.42       0.42       0.33       0.39       0.32       0.43       0.29       0.10
       0.10       0.30       0.38       0.42       0.48       0.32       0.31       0.22       0.10
    432000    9   13
       0.18       0.15       0.20       0.10       0.09       0.09       0.04       0.04       0.01
       0.17       0.19       0.28       0.06       0.04       0.05       0.08       0.04       0.01
       0.26       0.17       0.21       0.03       0.06       0.28       0.17       0.04       0.12
       0.21       0.14       0.23       0.10       0.08       0.28       0.09       0.16       0.51
       0.36       0.21       0.35       0.12       0.07       0.15       0.05       0.03       0.09
       0.40       0.30       0.40       0.11       0.08       0.17       0.10       0.03       0.04
       0.36       0.18       0.26       0.21       0.18       0.23       0.03       0.01       0.03
       0.18       0.16       0.30       0.19       0.25       0.12       0.02       0.02       0.03
       0.18       0.20       0.14       0.18       0.27       0.17       0.08       0.06       0.06
       0.21       0.09       0.14       0.38       0.50       0.29       0.13       0.05       0.06
       0.04       0.06       0.24       0.59       0.54       0.41       0.44       0.11       0.04
       0.03       0.05       0.18       0.34       0.64       0.51       0.62       0.21       0.05
       0.00       0.05       0.17       0.44       0.99       0.52       0.64       0.55       0.25
    518400    9   13
       0.01       0.02       0.10       0.09       0.02       0.00       0.06       0.17       0.08
       0.01       0.01       0.05       0.06       0.01       0.01       0.12       0.23       0.07
       0.01       0.03       0.03       0.08       0.08       0.15       0.12       0.20       0.15
       0.01       0.05       0.04       0.08       0.12       0.20       0.06       0.12       0.17
       0.04       0.10       0.07       0.05       0.06       0.17       0.04       0.08       0.16
       0.18       0.21       0.11       0.04       0.03       0.15       0.03       0.05       0.08
       0.37       0.30       0.11       0.05       0.08       0.13       0.02       0.06       0.07
       0.33       0.28       0.19       0.10       0.10       0.05       0.03       0.08       0.06
       0.20       0.31       0.22       0.12       0.13       0.10       0.02       0.03       0.06
       0.30       0.30       0.23       0.21       0.32       0.14       0.06       0.06       0.09
       0.26       0.41       0.41       0.46       0.40       0.27       0.21       0.06       0.11
       0.11       0.30       0.36       0.36       0.26       0.26       0.31       0.11       0.13
       0.10       0.42       0.25       0.27       0.36       0.21       0.35       0.27       0.21
    604800    9   13
       0.03       0.16       0.26       0.14       0.12       0.12       0.08       0.12       0.06
       0.01       0.06       0.12       0.08       0.03       0.07       0.09       0.16       0.14
       0.08       0.13       0.23       0.17       0.11       0.21       0.18       0.24       0.39
       0.11       0.20       0.24       0.21       0.22       0.32       0.10       0.11       0.37
       0.14       0.18       0.21       0.11       0.14       0.22       0.10       0.16       0.19
       0.29       0.33       0.21       0.06       0.06       0.09       0.09       0.17       0.28
       0.30       0.34       0.26       0.08       0.15       0.06       0.07       0.15       0.10
       0.28       0.26       0.34       0.19       0.11       0.07       0.10       0.17       0.10
       0.23       0.19       0.14       0.16       0.16       0.15       0.12       0.23       0.20
       0.29       0.14       0.11       0.28       0.35       0.23       0.15       0.22       0.21
       0.36       0.21       0.28       0.33       0.24       0.37       0.29       0.15       0.23
       0.38       0.30       0.34       0.37       0.28       0.27       0.31       0.12       0.16
       0.36       0.27       0.27       0.41       0.39       0.30       0.36       0.14       0.25
    691200    9   13
       0.10       0.16       0.20       0.18       0.12       0.06       0.08       0.09       0.02
       0.11       0.09       0.12       0.09       0.05       0.03       0.07       0.16       0.03
       0.06       0.09       0.14       0.09       0.09       0.17       0.10       0.12       0.10
       0.12       0.10       0.21       0.10       0.19       0.19       0.04       0.09       0.11
       0.15       0.11       0.20       0.16       0.14       0.24       0.04       0.07       0.09
       0.17       0.15       0.21       0.13       0.18       0.29       0.10       0.12       0.12
       0.17       0.20       0.34       0.26       0.34       0.30       0.12       0.19       0.17
       0.18       0.22       0.21       0.26       0.39       0.30       0.19       0.24       0.22
       0.29       0.22       0.09       0.14       0.48       0.33       0.20       0.26       0.27
       0.42       0.33       0.19       0.34       0.46       0.49       0.27       0.27       0.24
       0.28       0.32       0.27       0.36       0.44       0.47       0.49       0.25       0.24
       0.43       0.41       0.43       0.28       0.44       0.45       0.42       0.22       0.15
       0.22       0.10       0.37       0.31       0.54       0.50       0.52       0.30       0.12
    777600    9   13
       0.02       0.01       0.02       0.04       0.02       0.01       0.01       0.01       0.01
       0.02       0.01       0.01       0.01       0.01       0.04       0.06       0.01       0.00
       0.02       0.01       0.01       0.01       0.04       0.16       0.09       0.01       0.06
       0.02       0.01       0.04       0.03       0.07       0.12       0.03       0.02       0.11
       0.05       0.04       0.14       0.06       0.12       0.09       0.01       0.05       0.15
       0.13       0.09       0.20       0.12       0.18       0.15       0.04       0.04       0.12
       0.09       0.11       0.25       0.07       0.30       0.14       0.02       0.03       0.07
       0.14       0.20       0.42       0.28       0.09       0.09       0.02       0.03       0.09
       0.30       0.26       0.13       0.45       0.35       0.10       0.06       0.07       0.11
       0.45       0.39       0.28       0.40       0.53       0.26       0.08       0.09       0.09
       0.23       0.09       0.17       0.29       0.23       0.23       0.29       0.08       0.05
       0.16       0.02       0.07       0.09       0.15       0.19       0.27       0.08       0.02
       0.03       0.00       0.07       0.27       0.27       0.22       0.19       0.13       0.01
    864000    9   13
       0.63       0.72       0.59       0.99       0.71       0.40       0.26       0.16       0.17
       0.54       0.56       0.55       0.88       0.50       0.28       0.16       0.11       0.13
       0.42       0.36       0.34       0.58       0.34       0.20       0.11       0.18       0.18
       0.32       0.41       0.28       0.46       0.27       0.15       0.05       0.18       0.34
       0.51       0.38       0.27       0.37       0.30       0.09       0.04       0.13       0.25
       0.38       0.40       0.26       0.24       0.21       0.07       0.08       0.14       0.26
       0.38       0.33       0.17       0.21       0.20       0.04       0.06       0.11       0.15
       0.33       0.29       0.24       0.08       0.04       0.02       0.02       0.03       0.04
       0.30       0.24       0.15       0.04       0.01       0.07       0.07       0.03       0.05
       0.41       0.26       0.10       0.03       0.07       0.16       0.09       0.04       0.05
       0.10       0.12       0.04       0.02       0.05       0.08       0.06       0.02       0.03
       0.03       0.06       0.02       0.00       0.02       0.09       0.03       0.01       0.00
       0.04       0.07       0.03       0.01       0.07       0.07       0.02       0.01       0.00
    950400    9   13
       0.45       0.59       0.41       0.14       0.36       0.51       0.22       0.36       0.17
       0.57       0.39       0.36       0.23       0.25       0.36       0.59       0.42       0.22
       0.48       0.34       0.41       0.37       0.55       0.61       0.60       0.23       0.40
       0.38       0.40       0.43       0.44       0.53       0.50       0.42       0.26       0.41
       0.39       0.48       0.32       0.50       0.52       0.22       0.22       0.29       0.39
       0.40       0.38       0.31       0.37       0.47       0.21       0.18       0.19       0.21
       0.23       0.26       0.26       0.34       0.39       0.17       0.06       0.12       0.14
       0.19       0.15       0.24       0.24       0.15       0.06       0.00       0.03       0.06
       0.21       0.18       0.15       0.11       0.03       0.02       0.00       0.01       0.02
       0.18       0.10       0.05       0.06       0.05       0.05       0.01       0.02       0.03
       0.04       0.03       0.11       0.07       0.02       0.03       0.02       0.03       0.01
       0.01       0.03       0.16       0.07       0.02       0.04       0.03       0.03       0.00
       0.01       0.03       0.14       0.11       0.08       0.14       0.04       0.01       0.01
   1036800    9   13
       0.01       0.02       0.03       0.01       0.03       0.05       0.07       0.01       0.00
       0.02       0.05       0.03       0.01       0.01       0.04       0.11       0.02       0.00
       0.02       0.07       0.07       0.07       0.15       0.06       0.03       0.00       0.01
       0.01       0.06       0.08       0.06       0.21       0.11       0.02       0.03       0.11
       0.02       0.04       0.10       0.07       0.10       0.04       0.01       0.00       0.06
       0.04       0.07       0.14       0.03       0.03       0.01       0.01       0.00       0.12
       0.03       0.04       0.11       0.09       0.09       0.01       0.00       0.00       0.06
       0.01       0.02       0.07       0.10       0.01       0.00       0.00       0.01       0.02
       0.04       0.10       0.11       0.05       0.03       0.01       0.00       0.03       0.10
       0.12       0.08       0.08       0.03       0.06       0.14       0.02       0.07       0.13
       0.04       0.02       0.04       0.09       0.16       0.10       0.09       0.06       0.06
       0.00       0.02       0.07       0.07       0.12       0.11       0.09       0.07       0.01
       0.00       0.00       0.01       0.02       0.05       0.13       0.05       0.07       0.01
   1123200    9   13
       0.08       0.30       0.23       0.13       0.15       0.06       0.03       0.00       0.00
       0.06       0.28       0.14       0.08       0.06       0.01       0.00       0.00       0.00
       0.15       0.37       0.20       0.28       0.22       0.02       0.01       0.00       0.03
       0.26       0.26       0.17       0.26       0.22       0.02       0.01       0.00       0.11
       0.34       0.27       0.24       0.33       0.29       0.03       0.00       0.01       0.22
       0.31       0.37       0.20       0.16       0.25       0.04       0.00       0.00       0.15
       0.36       0.54       0.34       0.20       0.19       0.02       0.00       0.00       0.01
       0.45       0.53       0.35       0.21       0.11       0.01       0.00       0.00       0.00
       0.33       0.42       0.23       0.10       0.05       0.01       0.00       0.00       0.00
       0.29       0.23       0.18       0.07       0.10       0.02       0.01       0.00       0.03
       0.11       0.12       0.16       0.10       0.17       0.08       0.07       0.02       0.03
       0.06       0.05       0.08       0.08       0.15       0.09       0.07       0.02       0.01
       0.01       0.01       0.03       0.04       0.10       0.15       0.08       0.04       0.01
   1209600    9   13
       0.05       0.27       0.34       0.07       0.28       0.16       0.25       0.27       0.05
       0.20       0.47       0.76       0.59       0.57       0.31       0.41       0.21       0.14
       0.42       0.43       0.81       1.02       0.86       0.59       0.21       0.04       0.13
       0.36       0.40       0.69       0.53       0.54       0.32       0.05       0.03       0.14
       0.73       0.64       0.83       0.60       0.76       0.28       0.04       0.08       0.24
       0.68       0.65       0.59       0.35       0.56       0.24       0.23       0.43       0.47
       0.48       0.62       0.42       0.18       0.35       0.24       0.42       0.91       0.62
       0.64       0.36       0.50       0.28       0.19       0.10       0.25       0.60       0.45
       0.92       0.93       0.49       0.41       0.21       0.06       0.14       0.29       0.18
       0.58       0.65       0.23       0.29       0.30       0.19       0.10       0.16       0.18
       0.19       0.10       0.17       0.26       0.22       0.18       0.15       0.20       0.27
       0.21       0.11       0.15       0.26       0.22       0.26       0.24       0.15       0.25
       0.14       0.04       0.05       0.20       0.28       0.28       0.25       0.11       0.08
   1296000    9   13
       0.83       0.75       0.62       0.58       0.56       0.32       0.14       0.16       0.12
       0.61       0.51       0.73       0.72       0.42       0.37       0.14       0.13       0.05
       0.69       0.56       0.51       0.52       0.65       0.65       0.20       0.05       0.20
       0.63       0.64       0.77       0.65       0.51       0.65       0.20       0.14       0.48
       0.63       0.45       0.83       0.70       0.51       0.66       0.31       0.32       0.52
       0.64       0.62       0.72       0.44       0.46       0.63       0.52       0.57       0.59
       0.53       0.62       0.59       0.50       0.73       0.89       0.66       0.52       0.44
       0.57       0.49       0.55       0.65       0.72       0.83       0.50       0.51       0.41
       0.63       0.60       0.55       0.53       0.60       0.42       0.46       0.44       0.32
       0.20       0.53       0.67       0.58       0.72       0.48       0.45       0.48       0.25
       0.32       0.45       0.71       0.81       0.64       0.55       0.67       0.61       0.39
       0.48       0.85       0.77       0.78       0.59       0.39       0.55       0.47       0.43
       0.38       0.55       0.83       0.67       0.68       0.32       0.36       0.39       0.22
