         0    9   13
       0.05       0.06       0.09       0.15       0.10       0.13       0.11       0.03       0.03
       0.01       0.03       0.20       0.19       0.15       0.17       0.16       0.21       0.32
       0.02       0.04       0.17       0.26       0.30       0.17       0.20       0.27       0.26
       0.01       0.03       0.04       0.10       0.19       0.18       0.29       0.33       0.19
       0.01       0.08       0.06       0.06       0.15       0.21       0.12       0.19       0.17
       0.04       0.09       0.07       0.06       0.09       0.14       0.06       0.09       0.12
       0.05       0.15       0.09       0.04       0.02       0.05       0.04       0.07       0.09
       0.15       0.14       0.07       0.02       0.01       0.01       0.03       0.09       0.15
       0.22       0.23       0.08       0.06       0.07       0.07       0.03       0.08       0.18
       0.44       0.28       0.20       0.23       0.21       0.16       0.06       0.10       0.11
       0.28       0.32       0.28       0.27       0.35       0.22       0.09       0.17       0.16
       0.12       0.27       0.44       0.31       0.27       0.26       0.18       0.25       0.24
       0.12       0.23       0.35       0.25       0.22       0.27       0.19       0.18       0.22
     86400    9   13
       0.00       0.02       0.14       0.18       0.24       0.25       0.19       0.02       0.04
       0.01       0.07       0.21       0.18       0.12       0.11       0.09       0.05       0.10
       0.09       0.12       0.17       0.11       0.20       0.21       0.12       0.07       0.35
       0.04       0.09       0.14       0.13       0.29       0.29       0.11       0.18       0.57
       0.04       0.15       0.19       0.18       0.25       0.38       0.14       0.23       0.42
       0.13       0.23       0.23       0.15       0.18       0.27       0.33       0.27       0.20
       0.16       0.23       0.34       0.21       0.19       0.24       0.26       0.17       0.23
       0.13       0.26       0.35       0.25       0.20       0.18       0.22       0.23       0.29
       0.20       0.32       0.27       0.39       0.37       0.27       0.21       0.22       0.27
       0.23       0.22       0.33       0.38       0.39       0.43       0.14       0.12       0.17
       0.04       0.15       0.36       0.28       0.17       0.46       0.22       0.14       0.10
       0.03       0.12       0.27       0.21       0.10       0.24       0.19       0.23       0.08
       0.08       0.07       0.30       0.29       0.21       0.24       0.26       0.24       0.10
    172800    9   13
       0.21       0.11       0.07       0.30       0.50       0.62       0.53       0.36       0.38
       0.12       0.06       0.06       0.13       0.24       0.62       0.56       0.17       0.16
       0.01       0.02       0.13       0.22       0.30       0.73       0.36       0.20       0.22
       0.01       0.02       0.14       0.26       0.38       0.74       0.19       0.18       0.48
       0.13       0.17       0.19       0.30       0.46       0.54       0.16       0.67       0.46
       0.26       0.30       0.37       0.24       0.47       0.43       0.18       0.46       0.55
       0.38       0.42       0.43       0.24       0.39       0.38       0.31       0.38       0.45
       0.36       0.49       0.56       0.44       0.42       0.39       0.34       0.20       0.25
       0.33       0.46       0.28       0.31       0.36       0.33       0.19       0.30       0.42
       0.41       0.48       0.41       0.39       0.49       0.28       0.18       0.38       0.43
       0.29       0.53       0.71       0.73       0.49       0.32       0.38       0.30       0.37
       0.24       0.54       0.53       0.75       0.59       0.52       0.53       0.22       0.23
       0.39       0.57       0.62       0.57       0.77       0.57       0.54       0.35       0.26
    259200    9   13
       0.35       0.44       0.43       0.29       0.40       0.48       0.35       0.36       0.39
       0.41       0.30       0.40       0.41       0.43       0.46       0.27       0.28       0.30
       0.27       0.17       0.38       0.53       0.46       0.68       0.46       0.28       0.46
       0.22       0.19       0.35       0.48       0.46       0.66       0.43       0.36       0.67
       0.31       0.19       0.24       0.31       0.37       0.54       0.22       0.30       0.34
       0.22       0.08       0.15       0.24       0.38       0.58       0.31       0.24       0.22
       0.22       0.08       0.18       0.25       0.34       0.45       0.36       0.28       0.27
       0.18       0.16       0.29       0.31       0.20       0.24       0.53       0.43       0.43
       0.39       0.43       0.37       0.24       0.12       0.19       0.30       0.48       0.65
       0.35       0.41       0.26       0.25       0.20       0.17       0.13       0.39       0.69
       0.27       0.44       0.23       0.29       0.33       0.33       0.39       0.46       0.59
       0.28       0.34       0.52       0.37       0.30       0.44       0.59       0.58       0.53
       0.35       0.36       0.42       0.54       0.30       0.47       0.57       0.43       0.49
    345600    9   13
       0.15       0.22       0.32       0.26       0.24       0.28       0.16       0.15       0.05
       0.23       0.31       0.47       0.28       0.27       0.33       0.33       0.21       0.10
       0.25       0.27       0.48       0.21       0.27       0.43       0.40       0.19       0.26
       0.27       0.17       0.34       0.34       0.26       0.44       0.23       0.45       0.41
       0.38       0.19       0.32       0.36       0.32       0.46       0.49       0.52       0.37
       0.43       0.35       0.38       0.23       0.38       0.64       0.46       0.26       0.24
       0.49       0.40       0.41       0.22       0.37       0.46       0.31       0.24       0.33
       0.44       0.46       0.45       0.26       0.30       0.28       0.30       0.35       0.42
       0.42       0.46       0.35       0.19       0.30       0.31       0.35       0.42       0.52
       0.67       0.54       0.38       0.41       0.51       0.32       0.28       0.35       0.42
       0.28       0.60       0.54       0.52       0.49       0.43       0.47       0.24       0.33
       0.22       0.71       0.89       0.59       0.34       0.43       0.54       0.27       0.22
       0.29       0.67       1.22       0.75       0.65       0.54       0.35       0.37       0.33
    432000    9   13
       0.03       0.01       0.04       0.11       0.06       0.12       0.05       0.02       0.01
       0.05       0.02       0.09       0.17       0.05       0.15       0.18       0.09       0.05
       0.07       0.08       0.17       0.12       0.11       0.37       0.27       0.07       0.29
       0.13       0.07       0.26       0.13       0.27       0.47       0.33       0.25       0.39
       0.26       0.13       0.20       0.09       0.34       0.36       0.29       0.31       0.44
       0.40       0.23       0.30       0.11       0.19       0.38       0.29       0.27       0.36
       0.54       0.33       0.23       0.11       0.22       0.41       0.35       0.28       0.37
       0.37       0.33       0.37       0.12       0.11       0.24       0.29       0.28       0.33
       0.45       0.54       0.38       0.14       0.08       0.36       0.33       0.22       0.29
       0.64       0.56       0.35       0.14       0.18       0.33       0.29       0.23       0.24
       0.32       0.57       0.60       0.24       0.12       0.10       0.19       0.32       0.36
       0.06       0.41       0.77       0.42       0.20       0.17       0.18       0.24       0.29
       0.04       0.38       0.65       0.48       0.38       0.36       0.19       0.20       0.20
    518400    9   13
       0.38       0.25       0.26       0.33       0.22       0.07       0.12       0.21       0.19
       0.43       0.33       0.30       0.31       0.09       0.13       0.11       0.18       0.08
       0.47       0.45       0.34       0.22       0.17       0.21       0.33       0.35       0.42
       0.38       0.30       0.41       0.40       0.37       0.34       0.20       0.56       0.66
       0.61       0.35       0.42       0.46       0.46       0.19       0.16       0.70       0.89
       0.55       0.51       0.43       0.38       0.48       0.24       0.31       0.61       1.15
       0.41       0.35       0.39       0.24       0.21       0.23       0.19       0.22       0.51
       0.18       0.15       0.31       0.18       0.13       0.21       0.23       0.27       0.30
       0.19       0.28       0.21       0.14       0.11       0.16       0.22       0.40       0.37
       0.27       0.19       0.17       0.17       0.24       0.22       0.08       0.28       0.32
       0.25       0.09       0.18       0.23       0.15       0.24       0.21       0.22       0.21
       0.09       0.05       0.22       0.19       0.08       0.19       0.28       0.32       0.23
       0.06       0.16       0.26       0.15       0.12       0.41       0.35       0.35       0.38
    604800    9   13
       0.74       0.91       1.06       1.04       1.37       1.49       1.55       1.06       0.88
       0.83       1.17       1.45       1.04       1.18       1.54       1.46       1.12       1.05
       1.55       1.84       1.63       1.36       1.46       1.91       1.90       1.02       1.23
       1.82       1.90       1.96       1.74       1.15       1.38       1.03       1.13       1.67
       2.19       1.77       2.42       2.19       0.99       0.77       0.68       1.27       1.82
       1.47       1.77       1.65       1.10       1.25       1.16       0.97       1.31       1.55
       1.33       1.47       1.43       0.94       1.20       0.92       0.87       1.19       1.19
       0.90       0.94       0.97       0.78       0.88       0.85       1.14       1.03       0.77
       0.54       0.95       0.68       0.57       0.65       0.71       0.84       1.01       0.99
       0.47       0.39       0.33       0.41       0.71       0.77       0.78       0.89       1.18
       0.48       0.28       0.57       0.52       0.78       0.81       0.86       0.77       0.84
       0.40       0.21       0.75       0.65       0.55       0.60       0.56       0.62       0.78
       0.15       0.38       0.69       0.78       0.92       0.97       0.71       0.80       1.05
    691200    9   13
       1.49       1.37       1.09       0.85       0.92       0.67       0.72       0.84       0.65
       1.10       1.26       1.24       1.08       0.70       0.92       0.77       0.94       0.83
       0.51       0.69       1.12       1.37       1.21       1.46       1.15       0.92       1.09
       0.36       0.59       1.03       0.90       1.15       1.22       1.12       1.18       1.28
       0.71       1.06       1.07       0.85       0.98       1.03       1.23       1.35       1.62
       0.93       1.08       0.97       0.89       0.93       1.25       1.20       1.14       1.41
       0.92       0.87       1.00       1.28       1.77       1.79       1.12       1.04       1.55
       0.79       0.62       0.80       1.08       1.51       2.01       1.95       1.47       1.22
       0.52       0.73       0.82       0.79       0.77       0.63       0.93       1.53       1.76
       0.59       0.87       1.10       1.00       0.82       0.48       0.89       1.42       1.91
       0.56       0.80       1.09       0.88       0.88       0.77       0.67       0.97       0.94
       0.32       0.82       1.10       0.93       1.03       1.38       1.06       1.13       1.00
       0.13       0.60       0.99       0.74       0.61       0.70       0.93       1.09       1.09
    777600    9   13
       0.49       0.55       0.48       0.18       0.16       0.10       0.12       0.02       0.05
       0.53       0.63       0.74       0.66       0.36       0.22       0.15       0.06       0.02
       0.65       0.70       0.69       0.73       0.72       0.64       0.42       0.22       0.27
       0.72       0.79       0.66       0.68       0.86       0.84       0.65       0.61       0.58
       0.69       0.83       0.75       0.78       0.96       0.92       0.84       0.84       0.68
       0.60       0.81       0.59       0.76       0.92       0.85       0.73       0.71       0.68
       0.68       0.76       0.61       0.70       0.70       0.67       0.77       0.87       0.83
       0.73       0.65       0.49       0.49       0.52       0.62       0.74       0.79       0.74
       0.72       0.81       0.55       0.67       0.83       0.83       0.76       0.89       0.88
       0.38       0.76       0.78       0.84       0.84       1.67       1.91       1.57       1.22
       0.29       0.91       1.32       1.26       1.23       1.82       2.19       2.24       1.54
       0.32       0.61       0.99       1.28       1.25       1.48       1.39       1.40       1.19
       1.14       1.39       1.49       1.57       1.54       1.71       1.32       1.21       1.43
    864000    9   13
       0.44       0.45       0.25       0.15       0.11       0.04       0.03       0.01       0.01
       0.64       0.57       0.31       0.21       0.20       0.14       0.12       0.08       0.06
       0.57       0.65       0.55       0.36       0.31       0.22       0.20       0.05       0.05
       0.58       0.85       0.76       0.72       0.61       0.45       0.42       0.29       0.26
       0.77       0.84       0.68       0.91       0.92       0.68       0.59       0.57       0.58
       0.87       0.86       0.59       0.89       0.74       0.62       0.62       0.78       0.86
       0.66       0.71       0.59       0.60       0.39       0.39       0.54       0.61       0.66
       0.47       0.45       0.30       0.22       0.15       0.25       0.32       0.44       0.37
       0.42       0.42       0.42       0.25       0.13       0.14       0.14       0.24       0.26
       0.39       0.49       0.51       0.38       0.05       0.13       0.24       0.26       0.27
       0.41       0.67       0.77       0.36       0.13       0.15       0.15       0.24       0.24
       0.38       0.52       0.91       0.64       0.36       0.30       0.19       0.35       0.38
       0.41       0.90       1.05       0.97       0.39       0.36       0.31       0.40       0.52
    950400    9   13
       0.60       0.44       0.55       0.33       0.09       0.06       0.06       0.01       0.03
       0.68       0.60       0.76       0.52       0.29       0.18       0.18       0.08       0.04
       0.89       0.66       0.91       0.86       0.55       0.36       0.28       0.14       0.05
       0.82       0.82       0.89       0.91       0.70       0.47       0.34       0.20       0.19
       0.48       0.67       0.87       0.53       0.71       0.73       0.55       0.48       0.52
       0.46       0.66       0.64       0.53       0.78       0.82       0.74       0.94       1.03
       0.45       0.55       0.50       0.72       0.82       0.83       0.59       0.55       0.62
       0.51       0.48       0.34       0.32       0.39       0.42       0.34       0.26       0.52
       0.63       0.60       0.40       0.24       0.15       0.23       0.22       0.24       0.24
       0.99       0.75       0.55       0.45       0.07       0.12       0.18       0.23       0.32
       0.52       0.51       0.81       0.60       0.25       0.22       0.16       0.32       0.38
       0.49       0.46       0.71       0.99       0.82       0.64       0.26       0.41       0.53
       0.49       0.42       0.49       0.86       1.15       0.53       0.49       0.44       0.61
   1036800    9   13
       0.05       0.08       0.31       0.35       0.24       0.20       0.15       0.11       0.06
       0.12       0.16       0.40       0.37       0.24       0.18       0.19       0.05       0.01
       0.20       0.19       0.45       0.29       0.22       0.30       0.20       0.03       0.04
       0.45       0.38       0.39       0.34       0.36       0.48       0.20       0.16       0.28
       0.47       0.61       0.52       0.43       0.40       0.63       0.53       0.50       0.51
       0.35       0.61       0.68       0.47       0.62       0.71       0.82       0.79       0.47
       0.35       0.28       0.41       0.44       0.76       0.76       0.76       0.69       0.51
       0.47       0.46       0.39       0.52       0.68       0.45       0.48       0.63       0.48
       0.56       0.67       0.48       0.56       0.45       0.40       0.62       0.52       0.41
       0.67       0.48       0.43       0.60       0.35       0.30       0.35       0.29       0.40
       0.47       0.46       0.60       0.70       0.43       0.36       0.25       0.28       0.35
       0.48       0.49       0.55       0.93       0.68       0.56       0.31       0.24       0.26
       0.60       0.67       0.69       0.95       0.73       0.49       0.40       0.28       0.25
   1123200    9   13
       0.06       0.14       0.22       0.15       0.15       0.18       0.17       0.15       0.02
       0.02       0.12       0.28       0.20       0.15       0.18       0.20       0.11       0.01
       0.02       0.10       0.31       0.20       0.22       0.25       0.19       0.04       0.01
       0.13       0.15       0.29       0.18       0.23       0.29       0.10       0.05       0.09
       0.24       0.24       0.40       0.14       0.26       0.28       0.10       0.10       0.14
       0.43       0.45       0.44       0.10       0.22       0.30       0.17       0.12       0.16
       0.58       0.43       0.39       0.17       0.32       0.31       0.14       0.12       0.18
       0.37       0.39       0.47       0.41       0.29       0.12       0.08       0.12       0.14
       0.35       0.55       0.42       0.35       0.31       0.15       0.05       0.06       0.09
       0.48       0.50       0.39       0.24       0.19       0.13       0.06       0.06       0.11
       0.22       0.45       0.52       0.41       0.17       0.09       0.11       0.07       0.13
       0.22       0.40       0.50       0.29       0.15       0.21       0.13       0.11       0.13
       0.33       0.21       0.26       0.26       0.32       0.37       0.16       0.20       0.19
   1209600    9   13
       0.00       0.00       0.03       0.04       0.05       0.00       0.00       0.00       0.00
       0.00       0.01       0.04       0.07       0.02       0.01       0.03       0.01       0.00
       0.00       0.02       0.09       0.09       0.16       0.18       0.11       0.07       0.11
       0.03       0.02       0.11       0.15       0.33       0.28       0.10       0.15       0.22
       0.08       0.06       0.16       0.07       0.28       0.41       0.16       0.16       0.32
       0.10       0.14       0.21       0.05       0.22       0.43       0.16       0.09       0.27
       0.21       0.14       0.18       0.05       0.27       0.26       0.14       0.09       0.32
       0.15       0.23       0.24       0.11       0.23       0.12       0.08       0.18       0.32
       0.30       0.48       0.22       0.18       0.21       0.16       0.15       0.20       0.26
       0.24       0.23       0.16       0.24       0.35       0.15       0.16       0.24       0.16
       0.16       0.21       0.40       0.40       0.35       0.15       0.17       0.14       0.08
       0.24       0.37       0.52       0.43       0.36       0.30       0.21       0.06       0.06
       0.22       0.28       0.25       0.33       0.40       0.15       0.16       0.08       0.05
   1296000    9   13
       0.10       0.04       0.17       0.16       0.06       0.04       0.02       0.03       0.01
       0.11       0.05       0.18       0.14       0.13       0.10       0.02       0.02       0.05
       0.12       0.04       0.16       0.19       0.23       0.23       0.09       0.07       0.20
       0.08       0.09       0.19       0.20       0.30       0.32       0.14       0.16       0.39
       0.15       0.18       0.31       0.19       0.28       0.40       0.13       0.16       0.22
       0.22       0.26       0.34       0.17       0.29       0.48       0.21       0.22       0.14
       0.31       0.39       0.37       0.16       0.33       0.46       0.18       0.12       0.07
       0.17       0.37       0.47       0.33       0.23       0.19       0.21       0.27       0.22
       0.29       0.59       0.48       0.56       0.45       0.26       0.35       0.46       0.45
       0.46       0.51       0.46       0.61       0.75       0.48       0.41       0.70       0.46
       0.08       0.12       0.56       0.89       0.79       0.58       0.54       0.47       0.23
       0.17       0.21       0.49       0.85       0.70       0.65       0.63       0.26       0.07
       0.16       0.20       0.16       0.64       0.75       0.52       0.48       0.26       0.09
