         0    9   13
       0.71       0.32       0.23       0.16       0.06       0.02       0.04       0.11       0.19
       0.41       0.17       0.40       0.56       0.11       0.05       0.08       0.11       0.04
       0.67       0.33       0.27       0.35       0.15       0.12       0.15       0.11       0.23
       0.78       0.61       0.24       0.17       0.17       0.12       0.10       0.25       0.37
       0.33       0.44       0.40       0.31       0.13       0.12       0.19       0.26       0.32
       0.37       0.43       0.58       0.53       0.22       0.15       0.48       0.49       0.41
       0.31       0.67       0.62       0.47       0.22       0.17       0.30       0.59       0.92
       0.12       0.39       0.53       0.38       0.19       0.18       0.17       0.40       1.23
       0.20       0.30       0.22       0.08       0.08       0.23       0.17       0.15       0.71
       0.20       0.10       0.04       0.04       0.05       0.21       0.19       0.09       0.21
       0.11       0.08       0.06       0.07       0.02       0.02       0.05       0.15       0.15
       0.07       0.10       0.08       0.12       0.05       0.04       0.04       0.19       0.19
       0.13       0.14       0.26       0.24       0.21       0.34       0.13       0.18       0.17
     86400    9   13
       0.79       0.82       1.24       1.15       1.19       1.21       0.86       1.08       1.01
       0.57       0.49       0.70       1.01       0.83       0.92       0.97       1.12       0.95
       0.57       0.46       0.40       0.60       0.72       0.91       0.98       0.78       0.95
       0.76       0.60       0.42       0.46       0.42       0.47       0.73       0.85       1.14
       0.62       0.42       0.41       0.64       0.31       0.18       0.61       0.79       0.90
       0.27       0.24       0.28       0.51       0.49       0.29       0.31       0.32       0.56
       0.09       0.18       0.17       0.23       0.31       0.38       0.13       0.26       0.41
       0.11       0.08       0.08       0.05       0.08       0.12       0.18       0.40       0.42
       0.14       0.11       0.06       0.03       0.05       0.04       0.06       0.13       0.41
       0.16       0.09       0.05       0.02       0.04       0.10       0.09       0.10       0.29
       0.06       0.03       0.03       0.06       0.03       0.04       0.09       0.20       0.25
       0.03       0.13       0.13       0.11       0.04       0.02       0.06       0.19       0.25
       0.35       0.61       0.38       0.12       0.02       0.06       0.05       0.10       0.20
    172800    9   13
       0.76       1.89       2.32       0.76       0.62       1.07       2.23       0.67       0.17
       0.89       1.14       1.18       0.84       0.82       0.91       1.73       0.74       0.28
       0.88       1.05       1.16       0.86       1.36       0.97       0.64       0.60       0.73
       1.29       1.24       1.22       1.15       1.14       1.10       0.91       0.82       0.83
       1.42       1.05       1.13       1.23       1.92       1.83       1.27       1.46       2.00
       1.53       1.24       1.34       1.28       1.94       2.43       1.56       1.74       2.58
       1.83       1.51       1.71       1.62       1.52       1.71       1.28       1.02       1.19
       1.60       1.80       2.15       1.35       1.01       1.04       0.91       1.11       1.28
       1.60       2.01       1.60       0.76       0.73       1.22       1.19       1.22       1.15
       1.46       0.99       0.72       0.71       0.82       1.54       1.70       1.07       0.90
       0.40       0.35       0.68       0.71       0.82       1.03       1.38       1.01       0.86
       0.32       0.64       0.81       0.82       1.10       1.16       1.09       0.81       0.86
       0.83       0.88       1.13       1.40       2.11       1.55       1.08       1.11       0.81
    259200    9   13
       0.54       0.95       0.53       0.32       0.31       0.36       0.32       0.22       0.11
       0.24       0.30       0.31       0.75       0.99       0.87       0.27       0.22       0.24
       0.36       0.41       0.35       0.82       0.82       0.86       0.24       0.29       0.30
       0.23       0.48       0.42       0.49       0.55       0.42       0.28       0.99       0.82
       0.17       0.46       0.42       0.45       0.67       0.59       0.59       2.04       1.78
       0.18       0.32       0.46       0.45       0.55       0.44       0.38       1.78       1.74
       0.24       0.28       0.37       0.62       0.61       0.43       0.32       1.04       0.91
       0.35       0.38       0.35       0.49       0.61       0.65       0.74       0.60       0.46
       0.37       0.43       0.38       0.26       0.53       0.78       1.10       1.55       0.91
       0.40       0.29       0.18       0.14       0.54       0.90       1.73       3.19       1.71
       0.45       0.40       0.17       0.23       0.42       0.88       1.92       3.22       1.88
       0.41       0.57       0.40       0.51       0.65       0.96       1.91       3.22       1.55
       0.71       1.26       1.12       0.66       1.01       1.66       2.23       2.73       1.72
    345600    9   13
       0.24       0.38       0.41       0.41       0.48       0.36       0.22       0.25       0.18
       0.32       0.37       0.65       0.64       0.54       0.44       0.34       0.28       0.24
       0.37       0.41       0.60       0.82       0.81       0.67       0.47       0.35       0.45
       0.40       0.52       0.71       0.81       0.88       0.84       0.49       0.66       0.80
       0.66       0.44       0.65       0.80       0.87       0.96       0.79       0.83       0.94
       0.50       0.40       0.67       0.68       0.86       0.87       0.71       0.78       0.99
       0.49       0.61       0.76       0.59       0.58       0.70       0.61       0.65       1.02
       0.42       0.58       0.50       0.23       0.37       0.53       0.66       0.73       0.97
       0.35       0.42       0.35       0.19       0.26       0.41       0.61       0.54       0.63
       0.40       0.45       0.43       0.41       0.36       0.38       0.39       0.31       0.43
       0.59       0.37       0.38       0.31       0.28       0.38       0.59       0.42       0.42
       0.47       0.15       0.28       0.43       0.40       0.35       0.41       0.31       0.31
       0.34       0.11       0.28       0.55       0.59       0.31       0.21       0.27       0.31
    432000    9   13
       0.08       0.09       0.44       0.57       0.61       0.62       0.62       0.66       0.68
       0.11       0.10       0.42       0.30       0.34       0.65       0.73       0.74       1.05
       0.14       0.10       0.42       0.25       0.30       0.74       0.97       1.18       0.86
       0.12       0.09       0.26       0.24       0.38       0.70       0.60       0.46       0.82
       0.22       0.19       0.29       0.24       0.14       0.28       0.32       0.28       0.38
       0.33       0.37       0.44       0.39       0.19       0.44       0.46       0.30       0.21
       0.43       0.41       0.57       0.38       0.41       0.37       0.30       0.32       0.35
       0.56       0.57       0.59       0.41       0.37       0.39       0.37       0.39       0.46
       0.57       0.58       0.46       0.33       0.36       0.52       0.41       0.30       0.49
       0.68       0.51       0.52       0.44       0.48       0.69       0.55       0.41       0.68
       0.46       0.47       0.68       0.57       0.61       0.61       0.65       0.58       0.74
       0.43       0.75       0.83       0.68       0.55       0.50       0.52       0.56       0.67
       0.51       0.65       0.69       0.64       0.70       0.52       0.40       0.57       0.70
    518400    9   13
       0.38       0.24       0.48       0.16       0.13       0.12       0.12       0.08       0.09
       0.24       0.08       0.17       0.09       0.04       0.10       0.10       0.02       0.09
       0.34       0.08       0.16       0.04       0.05       0.17       0.09       0.08       0.17
       0.33       0.05       0.12       0.10       0.10       0.19       0.09       0.06       0.12
       0.24       0.09       0.21       0.19       0.10       0.08       0.03       0.04       0.10
       0.38       0.22       0.17       0.24       0.13       0.11       0.06       0.02       0.06
       0.35       0.26       0.33       0.26       0.35       0.28       0.09       0.01       0.02
       0.22       0.31       0.51       0.37       0.46       0.30       0.21       0.07       0.18
       0.42       0.35       0.32       0.31       0.30       0.33       0.31       0.20       0.43
       0.38       0.27       0.21       0.29       0.42       0.27       0.31       0.37       0.54
       0.14       0.17       0.23       0.35       0.49       0.35       0.39       0.53       0.64
       0.09       0.13       0.25       0.32       0.39       0.25       0.26       0.48       0.62
       0.11       0.12       0.24       0.41       0.49       0.42       0.49       0.57       0.64
    604800    9   13
       0.49       0.45       0.39       0.33       0.19       0.24       0.29       0.33       0.38
       0.34       0.45       0.45       0.24       0.15       0.18       0.27       0.41       0.50
       0.38       0.39       0.48       0.11       0.20       0.26       0.19       0.33       0.60
       0.41       0.30       0.32       0.04       0.22       0.33       0.12       0.25       0.45
       0.52       0.42       0.39       0.18       0.27       0.35       0.24       0.27       0.40
       0.76       0.60       0.50       0.57       0.57       0.40       0.43       0.50       0.47
       1.03       0.80       0.73       0.85       1.07       0.76       0.53       0.34       0.21
       0.93       1.30       1.75       1.50       1.22       1.10       0.76       0.49       0.28
       0.86       1.39       1.63       1.52       1.61       1.06       0.85       0.78       0.61
       0.87       0.94       1.17       1.18       1.53       1.24       0.96       0.97       1.02
       0.36       0.58       0.99       1.11       1.35       1.12       1.18       1.16       0.97
       0.23       0.59       1.02       1.04       1.07       1.11       1.00       1.01       0.55
       0.08       0.34       0.84       0.95       0.99       0.76       0.62       0.87       0.67
    691200    9   13
       0.21       0.51       0.68       0.56       0.80       0.71       0.57       0.64       0.66
       0.11       0.26       0.59       0.65       0.49       0.28       0.39       0.41       0.75
       0.15       0.24       0.69       0.43       0.39       0.29       0.26       0.24       0.42
       0.27       0.31       0.68       0.33       0.42       0.43       0.15       0.41       0.67
       0.36       0.41       0.69       0.49       0.47       0.41       0.26       0.50       0.65
       0.36       0.35       0.51       0.41       0.53       0.39       0.26       0.33       0.42
       0.32       0.30       0.37       0.50       0.54       0.23       0.09       0.02       0.08
       0.35       0.26       0.34       0.52       0.60       0.35       0.08       0.07       0.11
       0.41       0.24       0.24       0.57       0.70       0.57       0.49       0.29       0.26
       0.40       0.26       0.29       0.64       1.14       0.85       0.78       0.55       0.32
       0.21       0.46       0.72       0.63       1.04       1.21       0.82       0.61       0.36
       0.14       0.35       0.71       0.66       0.77       0.86       0.60       0.50       0.48
       0.15       0.19       0.45       0.73       0.86       0.87       0.67       0.54       0.61
    777600    9   13
       0.42       0.62       0.83       0.80       0.64       0.42       0.28       0.22       0.20
       0.34       0.66       0.93       0.73       0.73       0.45       0.29       0.19       0.08
       0.38       0.52       0.68       0.46       0.60       0.53       0.50       0.40       0.30
       0.61       0.65       0.68       0.64       0.81       0.47       0.53       0.57       0.52
       0.56       0.72       0.54       0.56       0.73       0.44       0.48       0.47       0.48
       0.52       0.55       0.33       0.45       0.38       0.19       0.37       0.39       0.49
       0.26       0.32       0.26       0.13       0.14       0.12       0.15       0.17       0.21
       0.14       0.26       0.23       0.10       0.07       0.14       0.20       0.24       0.14
       0.07       0.09       0.18       0.14       0.03       0.16       0.21       0.33       0.38
       0.05       0.02       0.15       0.25       0.05       0.13       0.22       0.36       0.46
       0.11       0.12       0.10       0.20       0.16       0.10       0.13       0.30       0.44
       0.20       0.28       0.30       0.22       0.09       0.11       0.07       0.19       0.31
       0.11       0.13       0.26       0.31       0.12       0.12       0.04       0.08       0.16
    864000    9   13
       0.20       0.28       0.22       0.06       0.13       0.09       0.01       0.00       0.00
       0.25       0.33       0.39       0.09       0.08       0.10       0.08       0.01       0.01
       0.27       0.27       0.46       0.25       0.24       0.26       0.17       0.04       0.08
       0.38       0.32       0.44       0.45       0.56       0.38       0.15       0.09       0.17
       0.41       0.41       0.45       0.46       0.58       0.32       0.23       0.22       0.23
       0.30       0.32       0.27       0.21       0.30       0.28       0.31       0.27       0.21
       0.19       0.18       0.14       0.09       0.08       0.04       0.06       0.07       0.02
       0.17       0.20       0.08       0.04       0.01       0.00       0.00       0.00       0.00
       0.32       0.21       0.06       0.03       0.03       0.01       0.00       0.00       0.00
       0.40       0.10       0.10       0.09       0.08       0.06       0.01       0.01       0.01
       0.36       0.20       0.18       0.11       0.08       0.03       0.01       0.02       0.02
       0.39       0.29       0.19       0.08       0.08       0.05       0.02       0.03       0.04
       0.22       0.20       0.19       0.06       0.01       0.03       0.01       0.01       0.01
    950400    9   13
       0.00       0.00       0.00       0.00       0.00       0.00       0.00       0.01       0.00
       0.00       0.00       0.02       0.00       0.00       0.00       0.00       0.00       0.01
       0.00       0.01       0.03       0.01       0.03       0.02       0.00       0.01       0.07
       0.01       0.01       0.03       0.00       0.10       0.06       0.04       0.09       0.10
       0.02       0.02       0.02       0.00       0.09       0.09       0.13       0.25       0.34
       0.04       0.04       0.04       0.03       0.07       0.15       0.30       0.36       0.24
       0.11       0.08       0.08       0.08       0.16       0.16       0.21       0.13       0.11
       0.19       0.13       0.10       0.08       0.12       0.15       0.22       0.19       0.08
       0.22       0.19       0.06       0.08       0.04       0.05       0.08       0.15       0.12
       0.28       0.20       0.10       0.12       0.07       0.05       0.03       0.07       0.12
       0.27       0.27       0.26       0.18       0.14       0.18       0.15       0.16       0.21
       0.37       0.39       0.42       0.28       0.27       0.56       0.30       0.25       0.34
       0.37       0.32       0.39       0.54       0.39       0.66       0.44       0.36       0.54
   1036800    9   13
       0.08       0.05       0.13       0.16       0.11       0.07       0.00       0.00       0.00
       0.01       0.01       0.08       0.02       0.00       0.01       0.00       0.00       0.01
       0.01       0.01       0.04       0.01       0.09       0.10       0.01       0.00       0.07
       0.01       0.02       0.01       0.02       0.31       0.25       0.04       0.11       0.21
       0.03       0.06       0.05       0.03       0.16       0.21       0.11       0.09       0.14
       0.08       0.13       0.07       0.05       0.08       0.09       0.04       0.02       0.10
       0.10       0.14       0.11       0.08       0.13       0.11       0.07       0.06       0.10
       0.07       0.14       0.11       0.07       0.07       0.06       0.05       0.09       0.07
       0.19       0.24       0.04       0.05       0.05       0.04       0.02       0.08       0.11
       0.35       0.24       0.17       0.10       0.05       0.02       0.02       0.05       0.05
       0.28       0.31       0.30       0.14       0.06       0.05       0.02       0.04       0.09
       0.16       0.26       0.27       0.16       0.07       0.16       0.09       0.04       0.12
       0.20       0.22       0.15       0.18       0.10       0.17       0.10       0.07       0.16
   1123200    9   13
       0.09       0.49       0.50       0.42       0.36       0.23       0.13       0.07       0.02
       0.04       0.18       0.38       0.20       0.16       0.07       0.02       0.00       0.00
       0.05       0.12       0.25       0.15       0.14       0.15       0.03       0.01       0.06
       0.08       0.08       0.15       0.06       0.18       0.14       0.02       0.02       0.07
       0.08       0.12       0.04       0.04       0.15       0.09       0.04       0.03       0.03
       0.22       0.26       0.06       0.03       0.10       0.07       0.02       0.04       0.02
       0.12       0.16       0.11       0.04       0.07       0.04       0.11       0.04       0.05
       0.12       0.11       0.11       0.02       0.01       0.06       0.07       0.09       0.08
       0.17       0.15       0.05       0.02       0.02       0.01       0.01       0.04       0.09
       0.20       0.11       0.05       0.07       0.05       0.04       0.05       0.09       0.15
       0.29       0.25       0.17       0.10       0.08       0.18       0.10       0.17       0.24
       0.18       0.29       0.22       0.11       0.07       0.21       0.14       0.32       0.38
       0.22       0.37       0.29       0.23       0.07       0.15       0.20       0.27       0.42
   1209600    9   13
       0.09       0.20       0.31       0.34       0.49       0.40       0.31       0.30       0.34
       0.05       0.09       0.37       0.32       0.17       0.20       0.29       0.43       0.34
       0.20       0.26       0.49       0.41       0.35       0.31       0.27       0.35       0.21
       0.14       0.33       0.38       0.29       0.36       0.17       0.10       0.19       0.34
       0.10       0.16       0.14       0.30       0.32       0.16       0.12       0.27       0.46
       0.22       0.21       0.08       0.12       0.16       0.16       0.27       0.27       0.40
       0.28       0.35       0.23       0.13       0.17       0.29       0.34       0.27       0.50
       0.26       0.52       0.51       0.28       0.13       0.36       0.54       0.57       0.56
       0.41       0.55       0.45       0.47       0.26       0.43       0.70       0.75       0.62
       0.52       0.51       0.53       0.61       0.35       0.44       0.59       0.66       0.78
       0.61       0.43       0.59       0.60       0.51       0.56       0.35       0.48       0.80
       1.05       0.83       0.78       0.60       0.33       0.61       0.45       0.39       0.41
       1.10       1.23       1.09       0.90       0.42       0.49       0.56       0.59       0.45
   1296000    9   13
       0.66       0.91       0.82       0.97       0.99       0.61       0.56       0.74       0.63
       0.64       0.76       0.73       0.73       0.75       0.50       0.72       0.61       0.47
       0.98       0.93       0.81       0.74       0.78       0.67       0.66       0.58       0.60
       0.91       0.92       0.68       0.75       0.47       0.47       0.56       0.39       0.63
       0.66       0.62       0.45       0.45       0.35       0.28       0.21       0.27       0.59
       0.56       0.58       0.48       0.50       0.28       0.18       0.29       0.34       0.47
       0.64       0.65       0.73       0.55       0.36       0.17       0.19       0.26       0.38
       0.69       0.80       0.61       0.37       0.46       0.16       0.17       0.33       0.38
       1.08       0.90       0.62       0.60       0.51       0.29       0.37       0.57       0.69
       1.76       1.22       0.86       0.78       0.53       0.35       0.40       0.73       0.70
       0.85       1.05       1.08       0.95       0.62       0.66       0.38       0.40       0.45
       0.46       0.66       0.84       0.90       0.60       0.61       0.55       0.32       0.40
       0.46       0.53       0.76       0.98       0.69       0.48       0.75       0.42       0.50
