         0    9   13
       0.14       0.34       0.34       0.16       0.09       0.05       0.04       0.12       0.20
       0.18       0.17       0.28       0.22       0.03       0.03       0.04       0.05       0.14
       0.22       0.14       0.25       0.20       0.08       0.12       0.08       0.05       0.22
       0.22       0.13       0.16       0.15       0.07       0.17       0.10       0.09       0.25
       0.11       0.23       0.18       0.21       0.13       0.11       0.10       0.12       0.37
       0.05       0.19       0.35       0.27       0.11       0.04       0.09       0.17       0.46
       0.01       0.02       0.12       0.14       0.11       0.03       0.01       0.08       0.31
       0.02       0.01       0.03       0.10       0.05       0.08       0.05       0.02       0.04
       0.04       0.08       0.06       0.07       0.03       0.02       0.05       0.11       0.09
       0.07       0.08       0.05       0.01       0.00       0.08       0.10       0.17       0.20
       0.03       0.03       0.01       0.00       0.00       0.02       0.05       0.15       0.19
       0.02       0.03       0.03       0.01       0.01       0.01       0.03       0.06       0.08
       0.06       0.09       0.05       0.02       0.02       0.01       0.01       0.01       0.02
     86400    9   13
       0.30       0.52       0.38       0.54       0.49       0.50       0.78       0.53       0.26
       0.45       0.48       0.43       0.45       0.33       0.47       0.50       0.44       0.44
       0.65       0.46       0.29       0.28       0.46       0.48       0.39       0.27       0.49
       0.79       0.70       0.31       0.35       0.47       0.58       0.33       0.27       0.36
       0.90       0.78       0.39       0.28       0.41       0.55       0.42       0.42       0.40
       1.04       0.64       0.53       0.29       0.53       0.72       0.60       0.53       0.53
       0.65       0.35       0.50       0.47       0.82       0.90       0.76       0.88       0.93
       0.45       0.59       0.79       0.80       0.93       0.97       1.11       0.98       0.90
       0.86       0.91       1.05       1.07       1.00       0.94       1.07       0.79       0.67
       0.96       0.96       1.01       1.22       1.10       1.00       1.13       0.97       0.90
       1.31       1.20       1.35       1.48       1.16       1.43       1.24       0.76       0.70
       1.21       1.22       1.50       1.77       2.25       2.56       1.36       0.61       0.41
       0.83       0.88       1.21       1.92       2.58       1.54       1.22       0.75       0.38
    172800    9   13
       0.42       0.56       0.67       0.59       0.56       0.64       0.70       0.66       0.43
       0.25       0.37       0.36       0.44       0.57       0.81       1.36       0.84       0.48
       0.24       0.32       0.40       0.56       0.49       1.20       2.48       1.29       1.35
       0.28       0.36       0.50       0.85       1.31       0.73       1.17       1.15       2.62
       0.35       0.55       0.87       1.34       2.37       1.17       0.74       1.09       2.47
       0.49       0.85       0.90       1.12       1.50       0.93       0.52       1.01       1.68
       0.36       0.53       0.58       0.81       1.07       0.72       0.47       0.72       1.89
       0.40       0.51       0.57       0.45       0.35       0.33       0.56       0.89       1.80
       0.37       0.43       0.41       0.29       0.18       0.19       0.42       0.64       0.82
       0.47       0.48       0.42       0.38       0.26       0.23       0.32       0.51       0.65
       0.43       0.37       0.32       0.27       0.26       0.29       0.36       0.59       0.44
       0.24       0.41       0.42       0.67       1.23       0.77       0.24       0.30       0.19
       0.14       0.23       0.41       0.90       2.37       1.95       0.30       0.12       0.07
    259200    9   13
       0.37       0.27       0.36       0.36       0.40       0.29       0.22       0.24       0.21
       0.45       0.47       0.51       0.38       0.44       0.46       0.29       0.30       0.31
       0.41       0.43       0.46       0.26       0.38       0.47       0.28       0.37       0.46
       0.34       0.33       0.46       0.31       0.36       0.38       0.42       0.45       0.24
       0.22       0.26       0.39       0.23       0.46       0.47       0.40       0.37       0.28
       0.38       0.30       0.43       0.40       0.56       0.40       0.37       0.47       0.49
       0.33       0.49       0.58       0.64       0.61       0.42       0.40       0.60       0.60
       0.38       0.54       0.45       0.46       0.61       0.40       0.32       0.51       0.42
       0.38       0.37       0.39       0.46       0.62       0.48       0.31       0.70       0.63
       0.45       0.39       0.45       0.43       0.43       0.45       0.43       0.72       0.63
       0.50       0.34       0.41       0.33       0.28       0.36       0.51       0.52       0.46
       0.43       0.36       0.38       0.33       0.41       0.43       0.34       0.32       0.34
       0.22       0.21       0.24       0.27       0.48       0.41       0.38       0.46       0.33
    345600    9   13
       0.14       0.15       0.25       0.18       0.24       0.24       0.21       0.05       0.01
       0.17       0.10       0.22       0.19       0.21       0.35       0.34       0.10       0.05
       0.12       0.11       0.25       0.13       0.19       0.42       0.20       0.12       0.19
       0.16       0.14       0.21       0.25       0.27       0.41       0.26       0.10       0.16
       0.09       0.15       0.28       0.22       0.38       0.52       0.32       0.20       0.24
       0.11       0.12       0.35       0.19       0.27       0.46       0.37       0.32       0.32
       0.11       0.16       0.36       0.25       0.33       0.36       0.39       0.30       0.31
       0.11       0.24       0.22       0.19       0.29       0.33       0.27       0.19       0.15
       0.17       0.14       0.07       0.19       0.28       0.26       0.11       0.20       0.18
       0.11       0.05       0.10       0.19       0.21       0.08       0.08       0.26       0.07
       0.05       0.03       0.04       0.05       0.06       0.08       0.09       0.13       0.04
       0.04       0.03       0.03       0.04       0.10       0.07       0.03       0.04       0.03
       0.03       0.02       0.03       0.09       0.32       0.09       0.05       0.16       0.07
    432000    9   13
       0.14       0.09       0.12       0.11       0.15       0.11       0.12       0.04       0.02
       0.10       0.07       0.13       0.20       0.11       0.08       0.08       0.03       0.09
       0.12       0.11       0.16       0.21       0.09       0.21       0.10       0.05       0.20
       0.12       0.18       0.18       0.30       0.17       0.19       0.09       0.17       0.45
       0.21       0.13       0.11       0.13       0.14       0.09       0.08       0.16       0.41
       0.28       0.09       0.13       0.15       0.03       0.03       0.04       0.03       0.11
       0.10       0.13       0.08       0.21       0.03       0.01       0.02       0.01       0.03
       0.05       0.10       0.16       0.17       0.16       0.05       0.03       0.02       0.01
       0.16       0.27       0.33       0.12       0.11       0.10       0.07       0.06       0.02
       0.26       0.21       0.17       0.15       0.23       0.29       0.09       0.03       0.02
       0.16       0.17       0.12       0.17       0.21       0.19       0.18       0.11       0.04
       0.15       0.11       0.05       0.05       0.08       0.13       0.16       0.20       0.10
       0.12       0.04       0.02       0.03       0.24       0.18       0.05       0.16       0.12
    518400    9   13
       0.66       0.84       0.86       0.52       0.60       0.58       0.43       0.34       0.29
       0.88       0.94       0.86       0.40       0.44       0.57       0.38       0.34       0.39
       0.87       0.94       0.99       0.54       0.60       0.60       0.40       0.38       0.47
       0.70       0.80       0.92       0.71       0.74       0.59       0.47       0.58       0.45
       0.91       0.85       0.87       0.70       0.96       0.70       0.53       0.52       0.31
       0.71       0.89       1.08       0.74       1.04       0.67       0.68       0.57       0.33
       0.66       0.72       0.97       0.98       0.89       0.55       0.58       0.51       0.34
       0.44       0.66       0.85       0.90       0.55       0.60       0.75       0.64       0.32
       0.41       0.49       0.35       0.45       0.66       0.74       0.56       0.38       0.33
       0.38       0.30       0.10       0.29       0.71       0.86       0.57       0.19       0.37
       0.40       0.26       0.04       0.20       0.37       0.53       0.60       0.71       0.64
       0.31       0.09       0.05       0.22       0.38       0.42       0.40       0.39       0.42
       0.07       0.05       0.14       0.43       0.54       0.28       0.40       0.26       0.25
    604800    9   13
       0.17       0.34       0.51       0.79       0.72       0.53       0.68       0.56       0.30
       0.20       0.42       0.62       0.82       0.60       0.62       0.82       0.39       0.28
       0.32       0.34       0.65       0.56       0.44       0.71       0.67       0.41       0.63
       0.71       0.33       0.35       0.52       0.60       0.60       0.49       0.45       0.82
       1.66       0.99       0.30       0.43       0.58       0.54       0.53       0.73       1.14
       1.05       0.83       0.34       0.34       0.38       0.34       0.39       0.54       0.88
       0.69       0.59       0.37       0.29       0.29       0.31       0.19       0.31       0.60
       0.44       0.49       0.40       0.41       0.49       0.36       0.21       0.31       0.46
       0.63       0.72       0.55       0.67       0.47       0.40       0.32       0.41       0.45
       0.72       0.60       0.49       0.62       0.59       0.50       0.34       0.60       0.72
       0.76       0.64       0.54       0.67       0.72       0.57       0.60       0.70       1.17
       0.87       0.76       0.58       0.59       0.57       0.71       0.80       0.46       0.67
       0.79       0.93       0.54       0.49       0.57       0.83       0.82       0.39       0.39
    691200    9   13
       0.35       0.37       0.46       0.38       0.35       0.41       0.29       0.29       0.34
       0.38       0.35       0.38       0.37       0.39       0.38       0.15       0.24       0.44
       0.36       0.33       0.38       0.30       0.22       0.38       0.21       0.21       0.43
       0.23       0.27       0.38       0.34       0.21       0.29       0.32       0.34       0.33
       0.08       0.17       0.36       0.46       0.35       0.36       0.39       0.37       0.33
       0.13       0.20       0.33       0.54       0.45       0.39       0.40       0.43       0.43
       0.24       0.32       0.41       0.51       0.43       0.38       0.46       0.55       0.47
       0.41       0.47       0.48       0.38       0.33       0.46       0.61       0.59       0.60
       0.56       0.45       0.41       0.36       0.35       0.60       0.66       0.60       0.58
       0.49       0.51       0.45       0.39       0.42       0.64       0.59       0.60       0.41
       0.28       0.43       0.43       0.37       0.39       0.40       0.48       0.58       0.42
       0.33       0.38       0.43       0.33       0.33       0.23       0.26       0.30       0.28
       0.41       0.35       0.37       0.30       0.19       0.17       0.06       0.12       0.22
    777600    9   13
       0.17       0.16       0.24       0.20       0.14       0.20       0.11       0.03       0.01
       0.23       0.20       0.27       0.17       0.12       0.17       0.07       0.03       0.02
       0.25       0.29       0.27       0.09       0.09       0.18       0.06       0.02       0.16
       0.19       0.19       0.19       0.06       0.05       0.08       0.02       0.01       0.11
       0.15       0.08       0.11       0.03       0.01       0.02       0.01       0.00       0.02
       0.09       0.04       0.04       0.02       0.00       0.01       0.01       0.01       0.02
       0.12       0.03       0.02       0.01       0.00       0.00       0.00       0.01       0.01
       0.07       0.03       0.02       0.00       0.00       0.00       0.00       0.00       0.01
       0.02       0.01       0.00       0.00       0.01       0.01       0.00       0.00       0.01
       0.00       0.00       0.00       0.01       0.03       0.01       0.00       0.01       0.02
       0.00       0.00       0.00       0.01       0.02       0.01       0.01       0.00       0.01
       0.00       0.00       0.00       0.01       0.01       0.03       0.01       0.01       0.01
       0.01       0.00       0.00       0.02       0.12       0.10       0.06       0.13       0.09
    864000    9   13
       0.51       0.38       0.33       0.32       0.32       0.17       0.08       0.01       0.01
       0.23       0.22       0.24       0.29       0.21       0.14       0.09       0.01       0.00
       0.22       0.36       0.33       0.24       0.18       0.21       0.10       0.01       0.02
       0.21       0.22       0.31       0.27       0.19       0.16       0.07       0.01       0.03
       0.16       0.10       0.16       0.19       0.09       0.04       0.02       0.01       0.01
       0.16       0.09       0.05       0.08       0.01       0.00       0.01       0.00       0.00
       0.07       0.03       0.01       0.01       0.01       0.00       0.00       0.00       0.00
       0.02       0.01       0.00       0.00       0.00       0.00       0.00       0.00       0.00
       0.00       0.00       0.00       0.00       0.00       0.00       0.01       0.00       0.00
       0.00       0.00       0.00       0.01       0.03       0.06       0.07       0.02       0.01
       0.00       0.00       0.01       0.05       0.09       0.12       0.09       0.12       0.07
       0.00       0.01       0.05       0.09       0.07       0.11       0.14       0.24       0.17
       0.01       0.03       0.09       0.12       0.19       0.26       0.10       0.15       0.15
    950400    9   13
       0.69       0.59       0.70       0.57       0.64       0.67       0.73       0.52       0.25
       0.80       0.56       0.54       0.57       0.52       0.49       0.54       0.73       0.44
       0.63       0.44       0.38       0.32       0.30       0.41       0.52       0.35       0.45
       0.29       0.23       0.25       0.38       0.34       0.36       0.40       0.48       0.69
       0.20       0.12       0.22       0.38       0.20       0.22       0.42       0.76       0.80
       0.24       0.20       0.12       0.19       0.05       0.10       0.17       0.24       0.45
       0.18       0.16       0.04       0.05       0.02       0.03       0.05       0.15       0.20
       0.08       0.06       0.07       0.03       0.01       0.01       0.05       0.09       0.09
       0.10       0.06       0.02       0.02       0.05       0.07       0.10       0.16       0.14
       0.09       0.03       0.03       0.05       0.14       0.29       0.18       0.17       0.18
       0.03       0.03       0.07       0.08       0.08       0.08       0.10       0.22       0.17
       0.00       0.05       0.19       0.13       0.05       0.11       0.10       0.13       0.08
       0.02       0.12       0.22       0.16       0.23       0.28       0.14       0.09       0.08
   1036800    9   13
       0.11       0.07       0.12       0.22       0.20       0.25       0.33       0.37       0.41
       0.17       0.22       0.31       0.37       0.47       0.45       0.57       0.54       0.46
       0.42       0.39       0.46       0.46       0.35       0.47       0.42       0.16       0.28
       0.45       0.37       0.40       0.46       0.36       0.34       0.22       0.16       0.29
       0.33       0.26       0.34       0.43       0.34       0.27       0.24       0.11       0.21
       0.40       0.31       0.24       0.33       0.30       0.24       0.23       0.07       0.11
       0.26       0.17       0.21       0.39       0.25       0.18       0.21       0.12       0.26
       0.22       0.22       0.26       0.23       0.21       0.16       0.19       0.15       0.20
       0.18       0.23       0.21       0.20       0.18       0.17       0.25       0.21       0.21
       0.16       0.16       0.27       0.28       0.24       0.28       0.23       0.16       0.21
       0.17       0.14       0.20       0.17       0.18       0.20       0.24       0.20       0.18
       0.22       0.29       0.30       0.21       0.15       0.19       0.10       0.12       0.17
       0.25       0.33       0.35       0.34       0.30       0.28       0.10       0.20       0.32
   1123200    9   13
       0.67       0.59       0.46       0.33       0.29       0.11       0.08       0.10       0.04
       0.42       0.41       0.44       0.35       0.25       0.31       0.24       0.07       0.01
       0.25       0.22       0.36       0.27       0.21       0.43       0.33       0.04       0.05
       0.21       0.21       0.33       0.39       0.38       0.35       0.24       0.10       0.09
       0.29       0.22       0.30       0.33       0.38       0.25       0.17       0.20       0.20
       0.30       0.18       0.16       0.15       0.33       0.22       0.22       0.15       0.13
       0.20       0.19       0.14       0.22       0.44       0.40       0.21       0.18       0.15
       0.19       0.20       0.29       0.18       0.32       0.38       0.24       0.28       0.26
       0.20       0.23       0.18       0.09       0.42       0.48       0.30       0.22       0.27
       0.20       0.10       0.13       0.23       0.55       0.50       0.35       0.30       0.33
       0.18       0.11       0.11       0.20       0.49       0.53       0.50       0.33       0.17
       0.61       0.52       0.39       0.17       0.41       0.42       0.39       0.47       0.28
       0.80       0.87       0.43       0.19       0.66       0.50       0.37       0.52       0.40
   1209600    9   13
       0.20       0.17       0.21       0.40       0.28       0.01       0.04       0.01       0.00
       0.37       0.22       0.16       0.14       0.09       0.01       0.01       0.02       0.00
       0.20       0.16       0.12       0.05       0.02       0.11       0.07       0.01       0.02
       0.24       0.14       0.15       0.10       0.06       0.10       0.06       0.02       0.10
       0.14       0.09       0.18       0.37       0.07       0.04       0.01       0.04       0.17
       0.32       0.30       0.24       0.36       0.41       0.21       0.04       0.02       0.18
       0.28       0.30       0.12       0.28       0.46       0.08       0.02       0.01       0.06
       0.14       0.11       0.18       0.07       0.07       0.04       0.00       0.02       0.03
       0.17       0.13       0.08       0.02       0.05       0.07       0.00       0.07       0.10
       0.32       0.28       0.17       0.14       0.15       0.29       0.08       0.10       0.13
       0.19       0.16       0.20       0.11       0.07       0.10       0.16       0.26       0.18
       0.12       0.08       0.11       0.02       0.02       0.18       0.20       0.16       0.11
       0.05       0.03       0.05       0.04       0.21       0.30       0.16       0.17       0.07
   1296000    9   13
       0.40       0.63       0.31       0.14       0.24       0.21       0.04       0.04       0.07
       0.38       0.38       0.45       0.38       0.09       0.12       0.06       0.03       0.23
       0.35       0.36       0.34       0.44       0.32       0.32       0.13       0.24       0.40
       0.36       0.28       0.39       0.25       0.19       0.24       0.16       0.38       0.56
       0.60       0.27       0.35       0.40       0.32       0.21       0.17       0.37       0.53
       0.64       0.39       0.35       0.39       0.19       0.17       0.22       0.44       0.58
       0.51       0.22       0.21       0.31       0.36       0.09       0.07       0.23       0.33
       0.24       0.28       0.23       0.10       0.08       0.09       0.06       0.07       0.19
       0.16       0.26       0.18       0.04       0.05       0.08       0.07       0.14       0.30
       0.04       0.05       0.07       0.02       0.06       0.26       0.16       0.22       0.21
       0.01       0.11       0.09       0.02       0.03       0.15       0.12       0.17       0.08
       0.02       0.21       0.15       0.05       0.02       0.17       0.20       0.14       0.11
       0.05       0.23       0.22       0.07       0.15       0.24       0.15       0.10       0.15
