         0    9   13
       0.18       0.15       0.22       0.18       0.15       0.13       0.15       0.12       0.04
       0.24       0.17       0.25       0.24       0.19       0.32       0.23       0.10       0.09
       0.32       0.19       0.17       0.12       0.18       0.41       0.26       0.06       0.23
       0.40       0.34       0.22       0.09       0.17       0.28       0.25       0.12       0.26
       0.38       0.43       0.44       0.28       0.37       0.26       0.16       0.16       0.27
       0.27       0.43       0.71       0.39       0.41       0.32       0.21       0.26       0.32
       0.31       0.45       0.65       0.35       0.41       0.38       0.26       0.47       0.42
       0.48       0.59       0.65       0.34       0.32       0.33       0.16       0.30       0.29
       0.87       0.74       0.68       0.43       0.46       0.45       0.17       0.19       0.47
       0.91       0.66       0.60       0.47       0.39       0.37       0.22       0.32       0.52
       0.74       0.54       0.37       0.62       0.36       0.36       0.47       0.43       0.52
       0.54       0.74       0.62       0.68       0.52       0.44       0.30       0.27       0.24
       1.01       0.82       0.86       0.96       1.17       0.76       0.35       0.32       0.14
     86400    9   13
       0.29       0.10       0.07       0.10       0.05       0.04       0.04       0.24       0.18
       0.10       0.11       0.18       0.11       0.05       0.17       0.29       0.26       0.10
       0.14       0.12       0.18       0.12       0.15       0.38       0.51       0.24       0.36
       0.19       0.16       0.39       0.29       0.19       0.36       0.33       0.24       0.47
       0.29       0.12       0.45       0.67       0.33       0.21       0.23       0.30       0.46
       0.25       0.07       0.24       0.50       0.48       0.30       0.32       0.29       0.37
       0.16       0.08       0.30       0.35       0.47       0.48       0.36       0.31       0.38
       0.11       0.27       0.47       0.32       0.23       0.40       0.36       0.27       0.46
       0.14       0.19       0.27       0.25       0.17       0.35       0.34       0.23       0.52
       0.09       0.07       0.10       0.15       0.14       0.31       0.24       0.33       0.64
       0.13       0.12       0.10       0.12       0.15       0.18       0.32       0.39       0.48
       0.22       0.31       0.21       0.12       0.06       0.08       0.18       0.17       0.11
       0.48       0.48       0.48       0.26       0.16       0.09       0.04       0.04       0.01
    172800    9   13
       0.20       0.20       0.43       0.38       0.16       0.12       0.19       0.20       0.25
       0.22       0.19       0.26       0.26       0.14       0.27       0.36       0.24       0.15
       0.29       0.24       0.36       0.26       0.17       0.50       0.56       0.21       0.34
       0.29       0.24       0.49       0.52       0.34       0.44       0.50       0.52       0.52
       0.34       0.24       0.44       0.47       0.38       0.27       0.45       0.67       0.40
       0.22       0.12       0.18       0.22       0.15       0.13       0.24       0.32       0.14
       0.13       0.12       0.14       0.17       0.07       0.05       0.04       0.02       0.01
       0.13       0.12       0.19       0.07       0.03       0.01       0.00       0.00       0.01
       0.08       0.17       0.16       0.07       0.01       0.00       0.01       0.07       0.25
       0.11       0.17       0.21       0.28       0.14       0.11       0.14       0.20       0.43
       0.14       0.27       0.35       0.37       0.24       0.26       0.15       0.30       0.42
       0.33       0.61       0.65       0.58       0.39       0.34       0.20       0.27       0.43
       0.50       0.49       0.63       0.70       0.62       0.44       0.24       0.36       0.49
    259200    9   13
       0.73       0.45       0.56       0.65       0.65       0.68       0.62       0.71       0.54
       0.48       0.23       0.40       0.44       0.35       0.57       0.57       0.60       0.59
       0.46       0.33       0.35       0.22       0.19       0.45       0.43       0.30       0.57
       0.47       0.45       0.40       0.31       0.13       0.33       0.36       0.35       0.54
       0.50       0.37       0.34       0.31       0.11       0.17       0.23       0.33       0.56
       0.66       0.37       0.28       0.37       0.15       0.14       0.15       0.21       0.33
       0.74       0.54       0.46       0.38       0.31       0.32       0.28       0.21       0.24
       0.50       0.49       0.59       0.42       0.33       0.38       0.47       0.44       0.46
       0.33       0.36       0.38       0.30       0.22       0.38       0.61       0.58       0.54
       0.21       0.28       0.39       0.34       0.27       0.61       0.58       0.51       0.41
       0.23       0.51       0.71       0.46       0.34       0.45       0.50       0.57       0.64
       0.61       0.79       0.90       0.79       0.57       0.57       0.46       0.30       0.32
       0.53       0.54       0.71       0.73       0.69       0.53       0.28       0.23       0.54
    345600    9   13
       1.00       1.07       1.06       0.68       0.83       0.91       1.12       0.80       0.35
       2.58       1.86       1.46       1.05       1.40       0.89       1.06       0.81       0.55
       3.00       2.80       2.57       0.94       0.98       0.84       1.02       0.90       0.65
       6.71       3.69       3.53       1.22       0.95       1.49       2.12       2.40       1.37
       4.99       3.80       4.92       2.45       1.36       2.02       3.83       3.27       2.18
       3.26       3.47       3.60       2.36       2.26       1.80       3.29       2.60       2.50
       2.26       1.77       2.52       1.58       2.58       2.77       3.10       3.65       1.66
       2.39       1.16       1.22       1.15       2.14       3.18       2.54       2.53       1.67
       1.11       0.74       0.94       1.04       2.32       3.11       1.89       2.29       1.49
       2.10       1.15       0.92       0.98       2.52       2.30       1.70       1.74       1.57
       2.20       1.10       0.74       0.91       1.49       1.46       1.63       1.29       1.84
       0.88       0.53       0.55       0.83       1.42       1.22       1.65       1.68       1.91
       0.42       0.21       0.30       0.86       1.47       0.89       0.90       1.44       1.49
    432000    9   13
       0.58       0.64       0.97       2.18       2.99       1.55       0.79       0.77       0.72
       0.65       0.98       0.71       1.01       1.01       0.76       0.63       0.73       0.62
       0.77       0.90       0.82       0.83       1.00       0.52       0.40       0.55       0.74
       0.92       0.46       0.42       0.74       1.11       0.52       0.34       0.36       0.46
       0.71       0.39       0.81       1.02       1.84       0.96       0.43       0.22       0.44
       0.64       0.55       0.96       1.65       2.28       1.46       1.33       0.54       0.37
       0.72       0.72       0.83       1.43       2.30       1.93       1.88       0.96       0.72
       0.83       0.85       1.22       1.18       1.28       1.45       1.38       1.12       1.20
       1.14       2.08       2.47       1.36       0.91       1.40       1.59       1.42       1.91
       2.74       2.26       1.58       1.12       1.40       1.66       1.65       1.98       3.22
       1.90       2.10       1.50       1.08       1.12       0.74       1.01       1.45       1.84
       1.88       2.08       1.58       0.87       0.60       0.62       0.91       1.33       1.58
       1.31       1.30       0.96       0.75       0.55       0.42       0.48       0.77       0.93
    518400    9   13
       0.57       0.42       0.52       0.50       0.34       0.29       0.27       0.14       0.06
       0.47       0.44       0.51       0.55       0.42       0.36       0.22       0.12       0.14
       0.45       0.41       0.42       0.43       0.51       0.37       0.34       0.33       0.44
       0.49       0.56       0.82       0.90       0.67       0.34       0.45       0.54       0.49
       0.75       1.39       1.96       0.80       0.96       0.54       0.39       0.30       0.32
       0.57       0.85       1.29       0.49       0.66       0.62       0.70       0.40       0.30
       0.68       0.86       0.88       0.67       1.62       0.73       0.74       0.52       0.22
       1.63       2.15       1.41       0.49       1.27       1.20       1.06       0.79       0.34
       1.53       2.66       2.14       1.50       1.42       1.12       1.13       0.88       0.68
       2.84       1.99       1.29       1.80       1.25       1.17       1.41       0.85       0.76
       2.30       1.98       0.93       1.70       1.17       1.10       1.31       0.87       0.44
       0.94       1.17       1.13       1.36       1.02       1.02       1.23       1.01       0.38
       1.51       1.03       1.27       1.02       1.39       1.56       0.85       0.80       0.33
    604800    9   13
       0.32       0.38       0.44       0.45       0.50       0.40       0.38       0.33       0.19
       0.41       0.49       0.55       0.64       0.62       0.53       0.48       0.35       0.27
       0.66       0.65       0.65       0.52       0.66       0.51       0.28       0.24       0.44
       0.48       0.49       0.65       0.53       0.72       0.43       0.16       0.11       0.18
       0.46       0.44       0.54       0.47       0.68       0.48       0.25       0.19       0.11
       0.39       0.30       0.39       0.40       0.49       0.58       0.47       0.51       0.36
       0.33       0.26       0.40       0.41       0.45       0.46       0.55       0.69       0.67
       0.27       0.16       0.36       0.43       0.52       0.53       0.71       0.61       0.67
       0.19       0.15       0.14       0.21       0.47       0.58       0.78       0.78       0.78
       0.29       0.12       0.12       0.11       0.22       0.24       0.47       0.72       0.67
       0.17       0.05       0.09       0.08       0.11       0.08       0.28       0.46       0.43
       0.06       0.05       0.08       0.08       0.06       0.07       0.08       0.15       0.24
       0.07       0.06       0.12       0.19       0.22       0.15       0.12       0.14       0.13
    691200    9   13
       0.20       0.23       0.80       0.87       0.82       0.87       1.07       0.49       0.90
       0.13       0.21       0.64       0.42       0.39       0.47       0.44       0.27       0.54
       0.08       0.16       0.39       0.18       0.30       0.28       0.13       0.14       0.28
       0.14       0.15       0.26       0.18       0.27       0.34       0.17       0.22       0.19
       0.20       0.19       0.27       0.25       0.38       0.44       0.25       0.24       0.09
       0.21       0.27       0.32       0.15       0.35       0.41       0.27       0.23       0.06
       0.36       0.36       0.39       0.12       0.18       0.28       0.28       0.16       0.09
       0.23       0.35       0.29       0.09       0.13       0.15       0.17       0.31       0.35
       0.26       0.35       0.16       0.04       0.08       0.05       0.07       0.20       0.40
       0.14       0.27       0.31       0.15       0.08       0.03       0.07       0.17       0.21
       0.06       0.29       0.56       0.53       0.29       0.23       0.29       0.42       0.37
       0.18       0.23       0.51       0.60       0.39       0.15       0.25       0.42       0.43
       0.37       0.23       0.24       0.41       0.28       0.08       0.12       0.22       0.27
    777600    9   13
       0.22       0.14       0.38       0.46       0.45       0.50       0.49       0.35       0.25
       0.07       0.08       0.34       0.47       0.47       0.71       0.48       0.32       0.36
       0.08       0.20       0.40       0.41       0.45       0.58       0.35       0.24       0.27
       0.16       0.36       0.49       0.46       0.50       0.41       0.33       0.25       0.22
       0.28       0.41       0.53       0.39       0.54       0.55       0.46       0.28       0.37
       0.21       0.26       0.55       0.36       0.47       0.51       0.57       0.48       0.67
       0.14       0.24       0.48       0.41       0.52       0.54       0.59       0.62       0.72
       0.18       0.26       0.28       0.25       0.47       0.55       0.49       0.70       0.65
       0.23       0.28       0.19       0.23       0.53       0.50       0.39       0.64       0.57
       0.34       0.35       0.27       0.23       0.32       0.14       0.31       0.48       0.46
       0.38       0.26       0.29       0.20       0.08       0.03       0.20       0.25       0.28
       0.23       0.13       0.26       0.26       0.13       0.06       0.08       0.08       0.23
       0.21       0.04       0.09       0.20       0.17       0.07       0.06       0.04       0.11
    864000    9   13
       0.38       0.33       0.35       0.21       0.22       0.32       0.40       0.45       0.59
       0.47       0.37       0.38       0.29       0.27       0.44       0.71       0.89       0.92
       0.50       0.44       0.40       0.27       0.29       0.60       0.74       0.43       0.67
       0.27       0.31       0.37       0.37       0.46       0.49       0.53       0.42       0.66
       0.22       0.34       0.43       0.41       0.47       0.45       0.57       0.74       0.90
       0.37       0.38       0.45       0.45       0.46       0.53       0.58       0.78       1.05
       0.33       0.37       0.40       0.40       0.55       0.65       0.52       0.66       0.90
       0.20       0.38       0.36       0.29       0.54       0.74       0.62       0.71       0.97
       0.15       0.20       0.26       0.36       0.54       0.61       0.66       0.94       1.14
       0.30       0.36       0.45       0.60       0.60       0.38       0.54       0.96       1.17
       0.39       0.49       0.57       0.70       0.70       0.27       0.36       0.92       1.28
       0.34       0.54       0.74       0.74       0.95       0.63       0.50       0.53       0.78
       0.24       0.42       0.62       0.61       0.89       0.91       0.62       0.34       0.54
    950400    9   13
       0.54       0.28       0.16       0.12       0.14       0.20       0.22       0.21       0.15
       0.22       0.18       0.12       0.12       0.12       0.27       0.33       0.23       0.16
       0.22       0.35       0.20       0.16       0.19       0.41       0.41       0.24       0.31
       0.25       0.25       0.22       0.20       0.27       0.28       0.42       0.38       0.60
       0.20       0.20       0.24       0.09       0.21       0.18       0.18       0.38       0.59
       0.12       0.14       0.19       0.10       0.15       0.14       0.08       0.13       0.28
       0.14       0.19       0.21       0.15       0.10       0.08       0.09       0.13       0.14
       0.05       0.17       0.37       0.22       0.26       0.13       0.11       0.12       0.19
       0.10       0.20       0.24       0.21       0.26       0.19       0.12       0.07       0.11
       0.18       0.15       0.11       0.16       0.18       0.11       0.14       0.10       0.06
       0.18       0.14       0.28       0.34       0.18       0.18       0.15       0.12       0.15
       0.28       0.20       0.39       0.42       0.31       0.40       0.25       0.15       0.22
       0.48       0.33       0.35       0.43       0.41       0.44       0.33       0.18       0.22
   1036800    9   13
       0.05       0.10       0.27       0.37       0.44       0.40       0.54       0.50       0.48
       0.10       0.18       0.13       0.20       0.27       0.38       0.43       0.55       0.59
       0.32       0.42       0.27       0.21       0.18       0.35       0.42       0.51       0.69
       0.38       0.58       0.68       0.44       0.49       0.37       0.33       0.46       0.55
       0.33       0.48       0.68       0.72       0.58       0.24       0.20       0.25       0.32
       0.27       0.34       0.30       0.54       0.42       0.18       0.16       0.17       0.20
       0.17       0.18       0.15       0.30       0.32       0.13       0.14       0.16       0.22
       0.30       0.33       0.30       0.23       0.22       0.11       0.16       0.12       0.20
       0.38       0.46       0.35       0.24       0.11       0.11       0.15       0.12       0.13
       0.48       0.49       0.38       0.29       0.16       0.04       0.07       0.11       0.17
       0.21       0.32       0.39       0.37       0.17       0.05       0.12       0.18       0.24
       0.10       0.12       0.30       0.39       0.27       0.18       0.27       0.32       0.26
       0.08       0.10       0.22       0.39       0.51       0.33       0.27       0.39       0.29
   1123200    9   13
       0.70       0.98       1.02       0.79       0.72       0.69       0.71       0.90       1.25
       1.91       1.66       1.00       0.67       0.62       0.53       0.67       1.02       1.14
       1.45       0.90       0.90       1.07       1.51       1.25       0.98       1.14       1.48
       0.82       1.16       2.36       2.76       3.13       1.86       1.38       1.87       1.85
       0.90       1.35       2.70       2.85       2.54       1.58       1.18       1.34       1.36
       0.98       1.33       1.80       1.90       2.56       1.93       1.05       0.82       0.96
       1.20       1.77       2.24       1.87       2.00       1.72       1.09       0.83       0.79
       1.27       1.51       1.79       1.55       1.49       1.22       1.10       1.07       1.03
       0.91       1.28       1.26       1.30       1.23       1.11       1.10       1.02       1.31
       1.10       1.40       1.25       1.55       1.54       1.12       0.99       1.23       1.80
       0.93       1.08       1.50       1.91       1.71       1.42       1.31       1.39       1.82
       0.73       0.89       1.43       1.51       1.35       1.78       1.85       1.09       1.29
       0.76       0.79       0.97       0.89       0.97       1.09       1.17       0.72       0.60
   1209600    9   13
       0.78       0.69       0.49       0.38       0.43       0.65       0.77       0.61       0.33
       1.09       0.94       0.65       0.51       0.48       0.76       1.09       0.72       0.42
       0.78       1.13       1.07       0.88       1.01       1.03       0.90       0.54       0.39
       0.49       0.63       1.05       0.91       1.36       1.10       0.65       0.47       0.65
       0.65       1.00       2.07       1.49       1.37       1.26       0.79       1.37       1.20
       0.76       1.22       1.89       1.75       1.60       1.62       1.20       1.46       1.27
       1.13       1.45       1.52       1.41       1.57       1.62       1.28       1.21       1.15
       1.49       1.40       1.47       1.49       1.58       1.16       0.60       0.45       0.55
       1.04       1.47       1.25       1.26       1.26       0.89       0.54       0.49       0.49
       0.95       1.03       1.00       1.39       1.52       1.03       0.69       0.80       0.79
       0.91       1.24       1.62       1.73       1.70       1.18       0.64       0.71       0.63
       1.00       1.39       1.72       1.34       1.13       1.43       0.99       0.49       0.45
       0.73       0.73       0.91       0.92       0.96       1.38       0.98       0.39       0.30
   1296000    9   13
       0.47       0.66       0.68       0.39       0.65       0.88       0.43       0.25       0.55
       0.29       0.49       0.76       0.49       0.46       0.46       0.36       0.17       0.17
       0.12       0.18       0.53       0.75       0.33       0.25       0.44       0.33       0.25
       0.14       0.18       0.35       0.63       0.35       0.23       0.62       0.51       0.28
       0.20       0.20       0.34       0.50       0.39       0.26       0.43       0.60       0.49
       0.15       0.21       0.26       0.30       0.31       0.29       0.44       0.55       0.53
       0.09       0.12       0.14       0.13       0.13       0.16       0.25       0.28       0.26
       0.09       0.07       0.08       0.09       0.12       0.08       0.07       0.11       0.15
       0.15       0.11       0.10       0.08       0.07       0.12       0.20       0.35       0.44
       0.27       0.23       0.18       0.20       0.19       0.16       0.19       0.32       0.35
       0.24       0.16       0.14       0.16       0.15       0.14       0.11       0.07       0.04
       0.12       0.10       0.07       0.07       0.09       0.13       0.13       0.08       0.05
       0.04       0.04       0.03       0.03       0.14       0.22       0.10       0.07       0.04
