         0    9   13
       0.66       0.37       0.57       0.40       0.28       0.19       0.26       0.23       0.11
       0.32       0.09       0.14       0.17       0.12       0.22       0.51       0.26       0.14
       0.28       0.18       0.21       0.17       0.15       0.43       0.45       0.16       0.43
       0.41       0.49       0.39       0.41       0.36       0.24       0.24       0.31       0.61
       0.26       0.19       0.40       0.68       0.51       0.21       0.15       0.40       0.69
       0.26       0.19       0.42       0.56       0.44       0.22       0.21       0.27       0.50
       0.41       0.60       0.64       0.66       0.45       0.28       0.33       0.36       0.53
       0.39       0.61       0.79       0.61       0.65       0.62       0.51       0.46       0.52
       0.40       0.54       0.56       0.48       0.56       0.54       0.46       0.45       0.70
       0.42       0.44       0.47       0.47       0.44       0.66       0.51       0.52       0.85
       0.32       0.44       0.43       0.45       0.43       0.52       0.56       0.50       0.70
       0.36       0.42       0.55       0.60       0.48       0.31       0.34       0.18       0.20
       0.41       0.33       0.45       0.63       0.77       0.45       0.16       0.21       0.02
     86400    9   13
       0.96       0.97       1.28       1.27       1.19       1.35       1.40       1.20       1.13
       0.72       0.83       1.01       1.05       0.90       0.83       1.09       1.43       1.30
       0.93       0.84       0.76       1.19       1.05       0.85       1.08       1.30       1.27
       0.91       0.86       0.89       1.36       1.27       0.64       0.90       1.21       1.15
       1.00       1.12       1.24       1.55       1.47       0.70       0.60       0.80       1.02
       1.12       0.84       0.91       1.19       1.03       0.51       0.42       0.69       0.87
       0.53       0.74       0.61       0.66       0.52       0.41       0.42       0.57       0.55
       0.33       0.60       0.60       0.47       0.30       0.22       0.46       0.36       0.49
       0.53       0.49       0.28       0.21       0.09       0.16       0.38       0.54       0.50
       0.66       0.37       0.16       0.16       0.18       0.21       0.26       0.27       0.27
       0.22       0.26       0.23       0.31       0.26       0.22       0.19       0.22       0.28
       0.22       0.36       0.41       0.46       0.21       0.11       0.09       0.08       0.11
       0.24       0.40       0.53       0.52       0.41       0.26       0.23       0.46       0.17
    172800    9   13
       0.78       0.39       0.46       0.62       0.57       0.71       0.83       1.05       1.03
       0.57       0.41       0.35       0.49       0.43       0.42       0.55       0.53       0.60
       0.53       0.34       0.30       0.28       0.38       0.37       0.52       0.56       0.78
       0.70       0.55       0.42       0.42       0.41       0.39       0.59       0.74       1.06
       0.57       0.69       0.64       0.74       0.86       0.71       0.69       0.89       1.04
       0.47       0.68       0.77       0.88       0.96       0.70       0.74       0.82       0.93
       0.47       0.56       0.60       0.78       0.95       1.04       0.86       0.72       0.86
       0.44       0.72       0.93       1.15       1.33       0.96       0.81       0.76       0.81
       0.81       0.98       1.07       1.00       1.01       0.94       0.91       0.82       0.81
       1.11       1.26       1.46       1.72       1.82       1.21       0.76       0.90       0.97
       1.68       1.37       1.38       1.38       1.06       0.69       0.57       0.90       0.93
       0.40       0.39       0.60       0.77       0.65       0.50       0.50       0.56       0.64
       0.21       0.24       0.43       0.66       0.82       0.74       0.62       0.56       0.68
    259200    9   13
       0.34       0.16       0.21       0.38       0.35       0.27       0.47       0.39       0.32
       0.38       0.22       0.24       0.32       0.23       0.32       0.47       0.34       0.43
       0.33       0.20       0.14       0.12       0.14       0.37       0.40       0.33       0.42
       0.21       0.14       0.15       0.16       0.12       0.13       0.34       0.32       0.29
       0.25       0.15       0.21       0.35       0.37       0.29       0.34       0.37       0.42
       0.22       0.22       0.35       0.31       0.49       0.49       0.42       0.62       0.84
       0.38       0.42       0.60       0.79       0.50       0.55       1.04       1.35       1.12
       0.42       0.55       0.59       0.69       0.67       1.09       1.28       1.31       0.90
       0.33       0.39       0.40       0.57       0.57       0.56       0.63       0.67       0.71
       0.40       0.30       0.23       0.42       0.38       0.39       0.43       0.57       0.86
       0.11       0.18       0.22       0.32       0.19       0.27       0.23       0.40       0.46
       0.02       0.14       0.35       0.36       0.16       0.21       0.22       0.15       0.24
       0.02       0.11       0.35       0.43       0.38       0.37       0.23       0.20       0.18
    345600    9   13
       0.21       0.27       0.46       0.24       0.29       0.31       0.35       0.54       0.45
       0.18       0.18       0.31       0.27       0.18       0.30       0.42       0.53       0.49
       0.20       0.21       0.29       0.21       0.23       0.38       0.47       0.33       0.57
       0.12       0.20       0.23       0.28       0.33       0.33       0.44       0.42       0.46
       0.08       0.11       0.15       0.29       0.29       0.14       0.26       0.41       0.53
       0.12       0.11       0.12       0.15       0.11       0.06       0.18       0.31       0.40
       0.08       0.11       0.07       0.10       0.06       0.04       0.12       0.16       0.09
       0.18       0.18       0.10       0.04       0.02       0.03       0.04       0.11       0.11
       0.35       0.35       0.18       0.09       0.02       0.03       0.04       0.10       0.15
       0.14       0.11       0.10       0.17       0.06       0.08       0.07       0.06       0.08
       0.02       0.03       0.17       0.33       0.10       0.13       0.08       0.09       0.10
       0.00       0.07       0.34       0.38       0.17       0.14       0.11       0.04       0.06
       0.05       0.15       0.50       0.53       0.46       0.39       0.23       0.04       0.01
    432000    9   13
       0.40       0.28       0.42       0.37       0.56       0.55       0.68       0.62       0.59
       0.15       0.16       0.47       0.48       0.38       0.48       0.66       0.61       0.54
       0.12       0.13       0.33       0.32       0.25       0.47       0.67       0.29       0.58
       0.14       0.17       0.20       0.22       0.22       0.30       0.46       0.38       0.62
       0.21       0.14       0.12       0.24       0.09       0.13       0.34       0.55       0.72
       0.28       0.17       0.12       0.25       0.11       0.06       0.24       0.40       0.54
       0.26       0.19       0.10       0.17       0.11       0.07       0.09       0.11       0.10
       0.29       0.30       0.32       0.17       0.10       0.06       0.01       0.02       0.03
       0.37       0.45       0.28       0.07       0.02       0.06       0.04       0.03       0.03
       0.19       0.16       0.11       0.09       0.09       0.13       0.10       0.08       0.07
       0.07       0.16       0.32       0.19       0.21       0.18       0.15       0.13       0.20
       0.05       0.30       0.49       0.31       0.14       0.16       0.15       0.06       0.08
       0.12       0.38       0.58       0.49       0.44       0.22       0.09       0.07       0.04
    518400    9   13
       0.23       0.32       0.65       0.67       0.73       0.71       0.57       0.44       0.28
       0.14       0.20       0.46       0.43       0.61       0.77       0.74       0.48       0.23
       0.19       0.24       0.43       0.27       0.42       0.96       0.89       0.43       0.52
       0.27       0.36       0.55       0.22       0.35       0.91       0.76       0.42       0.65
       0.33       0.26       0.49       0.27       0.29       0.57       0.63       0.57       0.70
       0.64       0.38       0.42       0.21       0.11       0.26       0.21       0.44       0.48
       0.45       0.51       0.43       0.16       0.10       0.11       0.07       0.33       0.35
       0.21       0.33       0.47       0.22       0.18       0.10       0.08       0.32       0.36
       0.19       0.24       0.15       0.14       0.50       0.42       0.37       0.69       0.79
       0.09       0.05       0.10       0.26       0.83       0.90       0.59       0.73       0.82
       0.11       0.06       0.07       0.23       0.50       0.65       0.58       0.33       0.46
       0.20       0.11       0.07       0.15       0.30       0.65       0.52       0.28       0.24
       0.10       0.05       0.07       0.17       0.68       0.67       0.40       0.36       0.10
    604800    9   13
       0.19       0.28       0.54       0.52       0.55       0.56       0.33       0.32       0.23
       0.28       0.18       0.58       0.54       0.68       0.79       0.45       0.32       0.16
       0.60       0.44       0.67       0.25       0.56       0.89       0.29       0.08       0.29
       0.53       0.67       0.88       0.53       0.43       0.75       0.24       0.29       0.55
       0.32       0.60       0.91       0.97       0.87       0.95       0.40       0.53       0.52
       0.29       0.67       0.90       0.97       0.95       0.77       0.45       0.58       0.74
       0.24       0.51       0.87       0.79       0.87       0.77       0.58       0.65       0.92
       0.12       0.37       0.62       0.70       0.84       0.94       0.68       0.82       1.04
       0.09       0.21       0.35       0.61       0.87       0.85       0.76       0.88       0.96
       0.16       0.25       0.31       0.49       0.67       0.68       0.69       0.92       0.94
       0.27       0.15       0.20       0.40       0.53       0.57       0.72       0.81       0.90
       0.25       0.06       0.15       0.43       0.45       0.29       0.27       0.58       0.69
       0.07       0.05       0.07       0.27       0.59       0.15       0.09       0.38       0.27
    691200    9   13
       0.21       0.17       0.47       0.45       0.39       0.41       0.53       0.54       0.27
       0.22       0.08       0.35       0.37       0.25       0.39       0.56       0.43       0.20
       0.29       0.07       0.21       0.20       0.14       0.62       0.63       0.40       0.57
       0.23       0.15       0.23       0.27       0.26       0.49       0.65       0.49       0.77
       0.19       0.26       0.37       0.48       0.45       0.45       0.71       1.00       1.14
       0.31       0.32       0.36       0.43       0.53       0.73       0.83       1.00       1.02
       0.34       0.27       0.42       0.42       0.50       0.83       0.79       0.88       0.85
       0.36       0.38       0.82       0.79       0.62       0.59       0.57       0.68       0.58
       0.67       0.84       1.18       0.80       0.69       0.61       0.62       0.74       0.62
       0.68       0.89       1.30       1.13       1.02       1.22       1.06       0.72       0.57
       0.71       0.79       0.77       1.11       1.21       1.65       1.72       0.78       0.55
       1.08       0.78       0.64       0.68       0.56       0.63       0.79       0.51       0.38
       1.14       0.81       0.76       0.79       0.98       0.69       0.44       0.59       0.35
    777600    9   13
       0.17       0.12       0.35       0.32       0.49       0.52       0.59       0.58       0.48
       0.19       0.09       0.31       0.44       0.40       0.54       0.67       0.62       0.59
       0.20       0.10       0.24       0.39       0.43       0.92       0.87       0.78       0.90
       0.26       0.34       0.53       0.62       0.53       0.79       0.73       0.68       1.00
       0.22       0.32       0.68       0.88       0.80       0.62       0.69       0.81       0.89
       0.12       0.15       0.37       0.52       0.53       0.45       0.54       0.79       1.00
       0.12       0.11       0.11       0.21       0.44       0.42       0.58       0.83       0.94
       0.09       0.12       0.16       0.22       0.36       0.41       0.46       0.58       0.73
       0.40       0.42       0.26       0.26       0.34       0.35       0.36       0.35       0.43
       0.94       0.77       0.41       0.38       0.59       0.61       0.79       0.44       0.23
       0.49       0.53       0.44       0.53       0.98       1.26       1.28       0.80       0.20
       0.37       0.49       0.53       0.47       0.43       0.78       0.46       0.19       0.20
       0.44       0.42       0.38       0.33       0.47       0.42       0.16       0.14       0.22
    864000    9   13
       0.18       0.29       0.85       0.67       0.82       0.80       0.84       0.66       0.40
       0.22       0.34       0.83       0.43       0.52       0.65       0.83       0.81       0.69
       0.31       0.33       0.73       0.64       0.53       0.94       0.88       0.61       0.95
       0.31       0.37       0.66       0.77       0.75       1.16       0.85       0.53       0.93
       0.62       0.51       0.63       0.90       0.73       1.14       0.92       0.36       0.64
       0.72       0.57       0.59       0.63       0.67       1.14       0.86       0.49       0.68
       0.50       0.59       0.73       0.84       0.93       1.07       0.88       0.80       1.09
       0.60       1.08       1.63       1.35       0.96       0.96       0.96       1.26       1.25
       0.77       1.01       1.03       0.91       0.75       0.60       0.51       0.66       0.83
       0.81       0.71       0.68       0.55       0.50       0.68       0.43       0.53       0.64
       0.37       0.36       0.46       0.49       0.58       0.70       0.76       1.21       1.49
       0.22       0.26       0.45       0.43       0.32       0.45       0.83       1.20       1.79
       0.11       0.20       0.41       0.38       0.34       0.43       0.65       1.04       1.32
    950400    9   13
       0.19       0.26       0.39       0.32       0.47       0.54       0.41       0.30       0.14
       0.22       0.30       0.50       0.58       0.56       0.58       0.46       0.39       0.23
       0.53       0.48       0.63       0.70       0.68       0.55       0.54       0.38       0.31
       0.72       0.48       0.56       0.80       0.91       0.67       0.83       0.69       0.52
       0.42       0.39       0.61       0.77       0.92       1.10       1.06       0.95       0.91
       0.37       0.39       0.46       0.53       0.51       0.97       1.03       0.93       0.93
       0.46       0.31       0.24       0.20       0.45       0.80       0.67       0.57       0.53
       0.83       0.61       0.26       0.13       0.29       0.35       0.43       0.58       0.58
       0.44       0.35       0.18       0.19       0.28       0.24       0.28       0.45       0.58
       0.12       0.12       0.17       0.20       0.42       0.34       0.21       0.45       1.02
       0.12       0.04       0.07       0.21       0.40       0.26       0.34       0.38       0.51
       0.05       0.05       0.09       0.22       0.23       0.18       0.34       0.31       0.34
       0.04       0.07       0.11       0.16       0.16       0.20       0.29       0.28       0.30
   1036800    9   13
       0.62       0.53       0.89       0.94       0.74       0.66       0.69       0.62       0.36
       0.51       0.67       1.12       1.03       1.10       0.76       0.65       0.41       0.28
       0.50       0.84       1.32       1.14       1.39       1.30       1.04       0.73       0.74
       0.64       0.95       1.45       1.16       1.46       1.40       1.22       1.75       1.40
       1.09       0.95       1.18       1.16       1.67       1.97       1.95       2.36       2.34
       1.69       1.74       1.63       2.00       3.00       2.92       2.35       1.87       1.49
       1.60       1.54       1.29       1.51       2.30       1.95       1.29       0.98       1.34
       2.18       2.06       1.06       0.95       1.12       1.15       1.38       1.86       3.23
       2.13       2.08       1.25       1.11       1.19       1.11       1.13       1.90       2.94
       0.60       0.76       1.05       1.09       1.12       0.94       1.00       1.72       2.78
       0.53       0.73       1.37       1.56       1.12       1.16       1.35       1.62       4.15
       0.58       1.15       1.77       2.33       1.72       1.60       2.35       2.15       2.92
       0.38       0.57       0.87       1.39       2.25       2.10       2.67       2.61       3.30
   1123200    9   13
       0.16       0.41       0.80       0.78       0.71       0.83       0.83       0.83       0.71
       0.08       0.28       0.67       0.73       0.69       0.72       0.65       0.66       0.71
       0.35       0.29       0.52       0.41       0.68       0.58       0.33       0.38       0.60
       0.77       0.63       0.52       0.26       0.52       0.40       0.37       0.58       0.51
       0.51       0.47       0.50       0.28       0.42       0.50       0.44       0.59       0.55
       1.07       1.05       0.77       0.51       0.61       0.85       0.85       0.65       0.41
       0.71       0.79       0.66       0.67       0.47       0.54       0.84       1.20       1.57
       0.58       0.52       0.47       0.36       0.24       0.42       0.56       1.16       2.34
       0.48       0.62       0.49       0.28       0.25       0.45       0.59       0.68       0.65
       0.61       0.48       0.45       0.44       0.38       0.44       0.51       0.56       0.79
       0.49       0.35       0.34       0.45       0.40       0.26       0.50       0.58       0.76
       0.35       0.38       0.38       0.34       0.44       0.26       0.30       0.48       0.59
       0.29       0.26       0.34       0.44       0.65       0.41       0.35       0.50       0.44
   1209600    9   13
       0.19       0.30       0.49       0.51       0.45       0.25       0.23       0.33       0.20
       0.20       0.34       0.55       0.57       0.35       0.43       0.49       0.37       0.19
       0.23       0.41       0.57       0.43       0.34       0.59       0.37       0.18       0.40
       0.23       0.38       0.59       0.55       0.41       0.43       0.27       0.17       0.43
       0.13       0.23       0.48       0.55       0.43       0.48       0.37       0.21       0.48
       0.11       0.15       0.33       0.48       0.62       0.69       0.43       0.44       0.75
       0.10       0.20       0.28       0.56       0.68       0.58       0.47       0.51       0.82
       0.19       0.44       0.36       0.43       0.43       0.50       0.58       0.58       0.54
       0.31       0.40       0.53       0.55       0.32       0.39       0.46       0.51       0.46
       0.75       1.01       0.87       0.77       0.28       0.26       0.28       0.34       0.41
       0.90       0.99       0.60       0.47       0.20       0.09       0.36       0.20       0.22
       0.79       0.70       0.60       0.54       0.25       0.18       0.12       0.07       0.11
       0.74       0.36       0.43       0.51       0.41       0.21       0.07       0.17       0.15
   1296000    9   13
       0.24       0.10       0.05       0.04       0.03       0.08       0.02       0.02       0.03
       0.21       0.10       0.11       0.23       0.01       0.03       0.07       0.17       0.15
       0.33       0.17       0.11       0.29       0.06       0.13       0.36       0.15       0.36
       0.25       0.41       0.24       0.20       0.08       0.04       0.24       0.07       0.33
       0.38       0.48       0.36       0.40       0.10       0.03       0.02       0.10       0.15
       0.31       0.24       0.17       0.20       0.17       0.02       0.03       0.10       0.06
       0.28       0.19       0.29       0.12       0.08       0.01       0.08       0.17       0.17
       0.23       0.26       0.39       0.10       0.05       0.03       0.23       0.36       0.25
       0.32       0.40       0.23       0.08       0.04       0.10       0.23       0.27       0.15
       0.38       0.31       0.12       0.17       0.13       0.27       0.32       0.26       0.43
       0.22       0.22       0.21       0.35       0.33       0.19       0.10       0.28       0.53
       0.28       0.29       0.32       0.30       0.25       0.21       0.08       0.25       0.32
       0.34       0.40       0.37       0.26       0.31       0.34       0.13       0.22       0.22
