         0    9   13
       0.05       0.08       0.14       0.04       0.13       0.46       0.37       0.38       0.44
       0.04       0.07       0.11       0.02       0.09       0.34       0.40       0.47       0.54
       0.05       0.11       0.12       0.02       0.11       0.28       0.43       0.53       0.58
       0.09       0.13       0.07       0.02       0.18       0.34       0.33       0.47       0.57
       0.14       0.17       0.12       0.03       0.10       0.27       0.27       0.42       0.62
       0.19       0.24       0.13       0.05       0.09       0.17       0.21       0.30       0.46
       0.22       0.23       0.18       0.07       0.26       0.14       0.17       0.21       0.30
       0.14       0.27       0.28       0.15       0.17       0.11       0.15       0.21       0.25
       0.11       0.20       0.12       0.16       0.18       0.13       0.08       0.14       0.29
       0.02       0.02       0.06       0.15       0.21       0.12       0.06       0.14       0.19
       0.02       0.01       0.05       0.12       0.16       0.17       0.12       0.10       0.15
       0.00       0.01       0.01       0.04       0.09       0.16       0.18       0.12       0.08
       0.00       0.00       0.00       0.00       0.03       0.10       0.16       0.16       0.10
     86400    9   13
       0.16       0.40       0.72       0.46       0.64       0.75       0.70       0.62       0.40
       0.21       0.29       0.66       0.37       0.34       0.41       0.52       0.56       0.44
       0.23       0.34       0.58       0.38       0.32       0.27       0.36       0.36       0.62
       0.17       0.18       0.18       0.33       0.35       0.31       0.38       0.29       0.57
       0.15       0.12       0.16       0.28       0.43       0.22       0.23       0.53       0.33
       0.09       0.02       0.10       0.10       0.16       0.25       0.20       0.56       0.22
       0.06       0.04       0.09       0.06       0.10       0.13       0.08       0.18       0.11
       0.04       0.08       0.17       0.20       0.23       0.22       0.09       0.02       0.01
       0.08       0.18       0.23       0.22       0.25       0.38       0.15       0.06       0.14
       0.09       0.12       0.16       0.13       0.16       0.26       0.21       0.26       0.40
       0.05       0.05       0.12       0.09       0.15       0.22       0.21       0.22       0.42
       0.12       0.07       0.08       0.05       0.06       0.07       0.20       0.22       0.42
       0.05       0.01       0.05       0.08       0.12       0.11       0.21       0.19       0.34
    172800    9   13
       0.29       0.27       0.48       0.53       0.49       0.35       0.42       0.57       0.53
       0.35       0.39       0.43       0.37       0.46       0.27       0.35       0.47       0.58
       0.24       0.38       0.43       0.44       0.45       0.30       0.47       0.34       0.55
       0.42       0.32       0.40       0.42       0.35       0.42       0.41       0.45       0.69
       0.60       0.56       0.42       0.40       0.36       0.53       0.45       0.48       0.46
       0.84       0.65       0.64       0.57       0.67       0.68       0.55       0.43       0.51
       0.97       0.70       0.88       0.64       0.47       0.52       0.58       0.57       0.80
       1.09       0.85       0.71       0.62       0.47       0.61       0.76       0.78       0.90
       1.31       0.97       0.79       1.04       0.88       1.08       1.28       1.25       0.87
       1.02       1.03       1.13       1.11       1.19       1.98       1.62       1.54       1.55
       1.12       1.12       1.26       1.18       0.92       1.04       1.36       1.28       1.79
       0.73       1.03       1.21       1.16       1.02       0.73       0.80       0.68       0.62
       0.83       1.09       1.38       1.49       1.29       0.76       0.61       0.80       0.70
    259200    9   13
       1.15       0.96       0.85       0.72       0.69       0.92       1.18       1.09       0.94
       0.90       0.78       0.67       0.62       0.54       0.61       0.84       0.78       0.76
       0.74       0.71       0.84       0.75       0.50       0.71       0.64       0.52       0.76
       0.67       0.71       0.73       0.66       0.58       0.67       0.48       0.57       0.56
       0.65       0.67       0.85       0.85       0.80       0.73       0.56       0.44       0.51
       0.75       0.79       0.97       0.98       0.68       0.75       0.74       0.54       0.61
       0.93       1.01       1.43       1.06       0.82       0.80       0.73       0.76       0.87
       0.97       1.39       1.61       0.85       0.77       0.66       0.79       1.06       1.08
       1.07       1.47       0.97       0.55       0.63       0.66       0.97       1.34       1.55
       0.37       0.48       0.38       0.39       0.46       0.43       0.54       0.68       0.67
       0.15       0.38       0.46       0.39       0.32       0.22       0.20       0.27       0.28
       0.30       0.40       0.78       1.14       0.49       0.33       0.19       0.16       0.25
       0.58       0.45       0.74       1.47       0.89       0.58       0.26       0.17       0.24
    345600    9   13
       0.47       0.33       0.32       0.17       0.12       0.21       0.24       0.23       0.31
       0.43       0.34       0.25       0.19       0.11       0.20       0.28       0.25       0.29
       0.23       0.15       0.21       0.24       0.08       0.15       0.32       0.25       0.21
       0.17       0.16       0.27       0.26       0.12       0.21       0.41       0.20       0.24
       0.27       0.21       0.41       0.33       0.19       0.30       0.33       0.24       0.45
       0.41       0.34       0.49       0.36       0.26       0.40       0.29       0.27       0.42
       0.46       0.43       0.35       0.26       0.19       0.24       0.23       0.14       0.20
       0.30       0.23       0.17       0.10       0.14       0.16       0.18       0.21       0.31
       0.19       0.09       0.08       0.13       0.21       0.23       0.27       0.36       0.44
       0.14       0.12       0.20       0.29       0.31       0.33       0.38       0.37       0.51
       0.16       0.28       0.50       0.34       0.28       0.40       0.39       0.31       0.45
       0.46       0.79       0.72       0.51       0.47       0.61       0.34       0.17       0.39
       0.96       1.07       0.87       0.67       0.58       0.60       0.31       0.28       0.27
    432000    9   13
       0.01       0.01       0.01       0.00       0.01       0.01       0.01       0.00       0.00
       0.01       0.00       0.01       0.00       0.00       0.00       0.01       0.00       0.00
       0.01       0.00       0.01       0.01       0.01       0.04       0.04       0.01       0.01
       0.00       0.00       0.00       0.02       0.00       0.05       0.02       0.01       0.03
       0.04       0.02       0.03       0.02       0.02       0.04       0.01       0.00       0.00
       0.09       0.05       0.09       0.03       0.09       0.08       0.01       0.00       0.00
       0.16       0.09       0.14       0.09       0.23       0.06       0.01       0.01       0.01
       0.16       0.20       0.24       0.14       0.13       0.02       0.01       0.02       0.02
       0.14       0.26       0.27       0.21       0.20       0.08       0.02       0.02       0.05
       0.21       0.20       0.27       0.30       0.24       0.15       0.09       0.05       0.04
       0.19       0.17       0.28       0.38       0.25       0.21       0.22       0.08       0.03
       0.27       0.22       0.22       0.33       0.33       0.17       0.25       0.14       0.03
       0.33       0.30       0.19       0.29       0.42       0.20       0.26       0.16       0.04
    518400    9   13
       0.01       0.00       0.00       0.00       0.00       0.00       0.00       0.00       0.00
       0.00       0.00       0.00       0.00       0.00       0.00       0.00       0.00       0.00
       0.00       0.00       0.00       0.01       0.03       0.08       0.01       0.00       0.02
       0.01       0.01       0.01       0.01       0.12       0.21       0.03       0.01       0.09
       0.04       0.02       0.05       0.03       0.07       0.21       0.03       0.03       0.12
       0.06       0.02       0.08       0.03       0.03       0.17       0.02       0.01       0.11
       0.05       0.01       0.04       0.02       0.02       0.10       0.01       0.01       0.05
       0.02       0.03       0.07       0.04       0.03       0.04       0.01       0.01       0.02
       0.07       0.12       0.07       0.04       0.05       0.03       0.01       0.02       0.01
       0.06       0.05       0.03       0.05       0.13       0.06       0.02       0.01       0.00
       0.06       0.03       0.08       0.14       0.11       0.05       0.06       0.01       0.00
       0.06       0.02       0.09       0.17       0.15       0.15       0.16       0.03       0.00
       0.03       0.02       0.02       0.08       0.21       0.11       0.16       0.06       0.01
    604800    9   13
       0.20       0.05       0.11       0.04       0.20       0.17       0.08       0.08       0.05
       0.04       0.04       0.13       0.04       0.10       0.12       0.07       0.03       0.09
       0.06       0.16       0.18       0.08       0.31       0.41       0.18       0.09       0.48
       0.13       0.08       0.24       0.13       0.28       0.42       0.35       0.47       0.76
       0.11       0.06       0.16       0.07       0.17       0.62       0.59       0.83       1.05
       0.14       0.19       0.18       0.13       0.19       0.52       0.74       0.65       0.68
       0.14       0.20       0.20       0.22       0.28       0.33       0.35       0.30       0.35
       0.15       0.24       0.35       0.20       0.27       0.28       0.26       0.25       0.29
       0.21       0.30       0.37       0.32       0.27       0.23       0.21       0.12       0.10
       0.27       0.19       0.30       0.39       0.41       0.12       0.06       0.04       0.13
       0.26       0.19       0.27       0.32       0.15       0.13       0.17       0.09       0.14
       0.15       0.22       0.24       0.24       0.18       0.15       0.22       0.13       0.14
       0.14       0.33       0.42       0.42       0.32       0.18       0.23       0.17       0.18
    691200    9   13
       0.57       0.49       0.46       0.58       0.45       0.23       0.17       0.29       0.25
       0.42       0.41       0.38       0.36       0.32       0.34       0.22       0.08       0.14
       0.47       0.55       0.51       0.21       0.38       0.72       0.27       0.10       0.38
       0.53       0.30       0.39       0.26       0.38       0.64       0.20       0.18       0.29
       0.63       0.36       0.40       0.43       0.24       0.38       0.27       0.43       0.45
       0.62       0.61       0.58       0.45       0.53       0.48       0.27       0.40       0.60
       0.49       0.60       0.68       0.41       0.43       0.41       0.22       0.41       0.50
       0.32       0.66       0.65       0.48       0.34       0.40       0.33       0.46       0.44
       0.47       0.60       0.65       0.55       0.41       0.48       0.37       0.41       0.49
       0.78       0.67       0.76       0.63       0.38       0.42       0.43       0.52       0.52
       0.54       0.53       0.73       0.76       0.39       0.36       0.51       0.67       0.55
       0.35       0.32       0.34       0.47       0.43       0.34       0.34       0.44       0.42
       0.43       0.26       0.14       0.17       0.28       0.24       0.27       0.24       0.21
    777600    9   13
       0.05       0.18       0.29       0.25       0.38       0.27       0.28       0.31       0.19
       0.21       0.19       0.46       0.30       0.20       0.25       0.35       0.23       0.32
       0.08       0.24       0.49       0.36       0.37       0.58       0.29       0.10       0.66
       0.07       0.05       0.29       0.23       0.22       0.48       0.14       0.19       0.57
       0.14       0.04       0.16       0.06       0.05       0.15       0.04       0.17       0.48
       0.08       0.01       0.03       0.01       0.02       0.04       0.03       0.15       0.24
       0.02       0.01       0.01       0.00       0.09       0.04       0.02       0.15       0.42
       0.02       0.06       0.10       0.03       0.11       0.15       0.01       0.09       0.33
       0.21       0.19       0.14       0.16       0.10       0.05       0.01       0.03       0.10
       0.40       0.32       0.32       0.33       0.35       0.17       0.13       0.12       0.09
       0.41       0.36       0.30       0.32       0.29       0.21       0.30       0.22       0.10
       0.34       0.25       0.20       0.24       0.30       0.15       0.31       0.23       0.18
       0.25       0.12       0.15       0.29       0.34       0.17       0.30       0.29       0.30
    864000    9   13
       0.24       0.21       0.28       0.28       0.29       0.27       0.24       0.30       0.31
       0.19       0.12       0.17       0.09       0.12       0.27       0.45       0.49       0.35
       0.33       0.24       0.24       0.16       0.14       0.21       0.42       0.59       0.59
       0.36       0.30       0.47       0.14       0.32       0.36       0.56       0.41       0.65
       0.36       0.33       0.61       0.25       0.17       0.30       0.38       0.41       0.70
       0.58       0.58       0.65       0.40       0.21       0.36       0.34       0.28       0.44
       0.31       0.27       0.40       0.50       0.42       0.43       0.41       0.56       0.35
       0.29       0.40       0.68       0.49       0.41       0.22       0.28       0.76       0.47
       0.46       0.52       0.68       0.50       0.40       0.34       0.25       0.43       0.37
       0.32       0.17       0.31       0.47       0.52       0.31       0.14       0.28       0.34
       0.26       0.21       0.15       0.14       0.14       0.05       0.15       0.23       0.24
       0.16       0.08       0.02       0.02       0.14       0.26       0.22       0.10       0.15
       0.07       0.00       0.00       0.04       0.28       0.31       0.21       0.09       0.21
    950400    9   13
       0.29       0.23       0.23       0.22       0.21       0.18       0.23       0.38       0.39
       0.28       0.29       0.35       0.35       0.35       0.35       0.39       0.39       0.23
       0.34       0.39       0.37       0.33       0.37       0.38       0.42       0.25       0.20
       0.59       0.50       0.36       0.30       0.32       0.28       0.32       0.26       0.18
       0.40       0.53       0.48       0.29       0.26       0.18       0.14       0.12       0.11
       0.22       0.30       0.36       0.25       0.26       0.18       0.13       0.13       0.20
       0.35       0.33       0.34       0.27       0.22       0.23       0.26       0.27       0.32
       0.56       0.44       0.32       0.24       0.29       0.30       0.28       0.29       0.29
       0.56       0.45       0.38       0.35       0.29       0.16       0.10       0.17       0.21
       0.55       0.41       0.52       0.54       0.31       0.26       0.14       0.15       0.18
       0.53       0.46       0.63       0.76       0.45       0.36       0.41       0.37       0.24
       0.37       0.39       0.39       0.42       0.39       0.45       0.41       0.37       0.28
       0.30       0.38       0.37       0.39       0.45       0.43       0.27       0.34       0.33
   1036800    9   13
       0.53       0.33       0.40       0.27       0.28       0.35       0.21       0.17       0.33
       0.44       0.39       0.55       0.34       0.23       0.44       0.38       0.19       0.43
       0.34       0.33       0.39       0.27       0.14       0.42       0.48       0.30       0.57
       0.31       0.37       0.41       0.29       0.34       0.56       0.49       0.42       0.63
       0.51       0.43       0.55       0.40       0.51       0.76       0.66       0.54       0.61
       0.51       0.53       0.66       0.39       0.37       0.59       0.78       0.86       0.87
       0.36       0.39       0.51       0.33       0.37       0.42       0.60       0.71       0.77
       0.27       0.25       0.32       0.24       0.33       0.34       0.31       0.38       0.64
       0.40       0.24       0.30       0.21       0.13       0.16       0.19       0.31       0.80
       0.50       0.28       0.14       0.10       0.11       0.15       0.29       0.59       0.89
       0.25       0.17       0.04       0.04       0.16       0.21       0.42       0.89       0.77
       0.20       0.12       0.04       0.06       0.16       0.22       0.34       0.70       0.58
       0.23       0.17       0.15       0.12       0.09       0.24       0.36       0.46       0.46
   1123200    9   13
       0.27       0.38       0.47       0.44       0.49       0.54       0.35       0.36       0.43
       0.18       0.26       0.40       0.31       0.34       0.73       0.64       0.60       0.65
       0.07       0.14       0.23       0.24       0.40       0.74       0.53       0.46       0.68
       0.09       0.12       0.18       0.20       0.28       0.46       0.40       0.48       0.52
       0.18       0.16       0.27       0.17       0.12       0.27       0.33       0.38       0.45
       0.28       0.21       0.30       0.16       0.11       0.13       0.11       0.18       0.40
       0.38       0.32       0.26       0.22       0.27       0.14       0.02       0.06       0.36
       0.56       0.48       0.29       0.27       0.30       0.17       0.04       0.02       0.35
       0.64       0.52       0.43       0.36       0.37       0.27       0.14       0.04       0.32
       0.46       0.46       0.49       0.54       0.49       0.21       0.19       0.29       0.57
       0.40       0.41       0.35       0.32       0.24       0.13       0.29       0.61       0.82
       0.45       0.38       0.43       0.22       0.09       0.02       0.24       0.60       0.76
       0.53       0.38       0.49       0.47       0.22       0.08       0.29       0.60       0.67
   1209600    9   13
       0.28       0.33       0.36       0.30       0.20       0.07       0.02       0.05       0.05
       0.29       0.32       0.34       0.21       0.16       0.06       0.02       0.07       0.03
       0.35       0.32       0.30       0.17       0.16       0.08       0.02       0.03       0.07
       0.40       0.30       0.24       0.13       0.13       0.09       0.05       0.04       0.09
       0.36       0.38       0.15       0.08       0.14       0.14       0.13       0.09       0.10
       0.27       0.39       0.21       0.13       0.20       0.17       0.24       0.20       0.23
       0.29       0.32       0.41       0.23       0.14       0.20       0.38       0.35       0.29
       0.31       0.35       0.45       0.35       0.18       0.21       0.44       0.43       0.33
       0.49       0.48       0.46       0.50       0.32       0.32       0.48       0.42       0.37
       0.54       0.54       0.58       0.68       0.52       0.51       0.53       0.41       0.33
       0.43       0.48       0.52       0.62       0.41       0.55       0.56       0.30       0.26
       0.40       0.46       0.51       0.46       0.29       0.33       0.49       0.25       0.19
       0.34       0.45       0.53       0.55       0.30       0.36       0.45       0.26       0.14
   1296000    9   13
       0.08       0.13       0.20       0.12       0.10       0.01       0.00       0.00       0.00
       0.18       0.20       0.23       0.23       0.12       0.05       0.01       0.00       0.01
       0.25       0.23       0.22       0.11       0.27       0.17       0.01       0.00       0.08
       0.26       0.26       0.18       0.08       0.14       0.15       0.03       0.02       0.04
       0.20       0.26       0.18       0.08       0.14       0.18       0.10       0.20       0.20
       0.13       0.22       0.24       0.09       0.16       0.16       0.15       0.30       0.30
       0.18       0.27       0.37       0.25       0.22       0.22       0.21       0.18       0.24
       0.18       0.22       0.36       0.37       0.23       0.24       0.23       0.18       0.18
       0.30       0.30       0.31       0.40       0.29       0.21       0.15       0.09       0.13
       0.24       0.27       0.29       0.45       0.25       0.18       0.15       0.12       0.18
       0.17       0.24       0.27       0.34       0.21       0.13       0.31       0.17       0.09
       0.13       0.33       0.34       0.32       0.38       0.07       0.21       0.19       0.10
       0.15       0.40       0.49       0.48       0.48       0.10       0.24       0.19       0.10
