         0    9   13
       0.03       0.18       0.17       0.04       0.08       0.11       0.09       0.10       0.06
       0.12       0.22       0.26       0.09       0.05       0.05       0.03       0.00       0.02
       0.20       0.23       0.27       0.14       0.18       0.20       0.04       0.01       0.14
       0.14       0.18       0.27       0.21       0.28       0.33       0.11       0.15       0.35
       0.13       0.18       0.33       0.24       0.21       0.26       0.15       0.19       0.22
       0.15       0.25       0.27       0.12       0.10       0.27       0.14       0.16       0.16
       0.34       0.25       0.28       0.10       0.26       0.27       0.14       0.16       0.18
       0.22       0.29       0.27       0.22       0.28       0.13       0.05       0.10       0.13
       0.12       0.29       0.26       0.22       0.27       0.14       0.07       0.12       0.19
       0.24       0.12       0.18       0.26       0.28       0.11       0.07       0.11       0.14
       0.18       0.10       0.33       0.46       0.34       0.16       0.22       0.12       0.09
       0.21       0.13       0.23       0.42       0.40       0.42       0.40       0.20       0.12
       0.18       0.29       0.33       0.36       0.60       0.39       0.43       0.41       0.22
     86400    9   13
       0.02       0.10       0.23       0.23       0.49       0.46       0.47       0.49       0.40
       0.00       0.04       0.20       0.11       0.17       0.29       0.42       0.40       0.36
       0.01       0.09       0.14       0.05       0.15       0.41       0.27       0.13       0.72
       0.07       0.08       0.18       0.08       0.26       0.66       0.16       0.21       0.76
       0.10       0.07       0.15       0.08       0.32       0.48       0.15       0.54       1.05
       0.11       0.06       0.14       0.06       0.24       0.56       0.29       0.49       0.45
       0.11       0.07       0.13       0.11       0.22       0.35       0.21       0.23       0.30
       0.11       0.11       0.19       0.19       0.24       0.19       0.12       0.34       0.52
       0.16       0.20       0.14       0.22       0.25       0.18       0.18       0.41       0.68
       0.11       0.12       0.17       0.26       0.36       0.20       0.16       0.33       0.46
       0.03       0.05       0.32       0.33       0.19       0.29       0.29       0.18       0.36
       0.14       0.24       0.28       0.27       0.18       0.28       0.30       0.11       0.20
       0.24       0.35       0.29       0.32       0.36       0.15       0.25       0.16       0.12
    172800    9   13
       0.34       0.21       0.16       0.07       0.18       0.09       0.09       0.14       0.04
       0.08       0.05       0.07       0.03       0.01       0.01       0.04       0.12       0.07
       0.10       0.06       0.05       0.07       0.06       0.17       0.09       0.03       0.34
       0.18       0.06       0.05       0.15       0.09       0.30       0.12       0.15       0.47
       0.33       0.18       0.15       0.28       0.12       0.27       0.24       0.38       0.64
       0.43       0.26       0.27       0.41       0.19       0.22       0.44       0.76       0.80
       0.40       0.39       0.31       0.30       0.29       0.37       0.35       0.77       0.83
       0.18       0.33       0.34       0.16       0.10       0.08       0.13       0.55       0.39
       0.35       0.33       0.18       0.20       0.21       0.19       0.09       0.43       0.54
       0.50       0.20       0.19       0.20       0.35       0.66       0.28       0.20       0.36
       0.10       0.05       0.17       0.36       0.48       0.42       0.40       0.25       0.30
       0.11       0.24       0.40       0.84       0.45       0.62       0.50       0.30       0.23
       0.22       0.52       0.78       1.07       0.84       0.68       0.39       0.16       0.11
    259200    9   13
       0.85       1.07       1.36       0.95       0.94       0.70       0.76       0.86       0.91
       0.83       0.92       1.29       1.11       0.66       0.65       0.64       0.54       0.63
       0.87       1.12       1.28       1.27       0.89       0.80       1.01       0.75       0.62
       0.64       0.67       0.97       1.31       1.21       0.82       1.02       1.19       0.95
       0.55       0.48       0.76       0.92       0.93       0.76       0.88       1.14       1.44
       0.60       0.51       0.53       0.45       0.71       0.84       0.89       0.90       1.18
       0.42       0.51       0.45       0.34       0.59       0.76       0.63       0.61       0.71
       0.52       0.66       0.54       0.38       0.44       0.58       0.48       0.57       0.64
       0.60       0.69       0.41       0.50       0.49       0.50       0.35       0.46       0.62
       0.85       0.42       0.22       0.57       0.54       0.42       0.19       0.28       0.56
       0.73       0.14       0.37       0.52       0.51       0.30       0.16       0.30       0.55
       0.37       0.06       0.41       0.54       0.39       0.49       0.21       0.31       0.30
       0.09       0.16       0.64       0.91       0.52       0.54       0.48       0.30       0.27
    345600    9   13
       0.96       1.04       1.07       1.04       0.85       0.76       0.63       0.47       0.38
       0.99       1.52       1.88       1.71       1.33       1.32       1.55       1.51       0.90
       1.30       3.66       3.75       1.90       1.59       1.85       2.66       1.61       1.36
       1.17       1.96       1.94       1.86       2.42       1.81       1.24       1.22       1.16
       0.76       1.14       1.47       1.31       1.81       1.86       1.53       1.42       1.11
       0.78       0.97       1.25       1.22       1.49       1.62       1.53       1.29       1.36
       0.72       0.70       0.76       1.11       0.95       1.05       0.81       0.73       1.07
       0.38       0.36       0.52       0.64       0.45       0.45       0.89       1.68       1.93
       0.50       0.59       0.74       0.59       0.23       0.56       1.05       1.60       1.68
       0.84       0.78       0.76       0.45       0.59       1.03       1.88       1.63       1.36
       0.38       0.33       0.49       0.40       0.52       0.64       1.34       1.41       1.25
       0.17       0.16       0.28       0.27       0.20       0.22       0.38       0.48       0.61
       0.21       0.12       0.12       0.15       0.26       0.18       0.24       0.38       0.58
    432000    9   13
       0.00       0.00       0.01       0.00       0.01       0.01       0.01       0.00       0.00
       0.03       0.06       0.15       0.08       0.03       0.04       0.06       0.05       0.02
       0.12       0.16       0.24       0.34       0.37       0.30       0.17       0.11       0.08
       0.32       0.38       0.63       0.92       0.80       0.53       0.44       0.39       0.34
       0.62       0.46       0.71       0.91       0.96       0.60       0.49       0.61       0.67
       0.47       0.42       0.68       0.62       0.64       0.40       0.41       0.50       0.62
       0.44       0.36       0.52       0.65       0.48       0.35       0.56       0.61       0.64
       0.32       0.39       0.51       0.47       0.43       0.64       0.70       0.81       0.60
       0.45       0.44       0.50       0.32       0.25       0.47       0.60       0.62       0.44
       0.83       0.51       0.41       0.44       0.27       0.26       0.42       0.45       0.29
       1.47       1.08       0.76       0.57       0.36       0.34       0.41       0.55       0.39
       1.32       1.10       0.75       0.66       0.53       0.58       0.44       0.66       0.71
       1.22       1.18       0.90       1.08       0.79       0.70       0.57       0.59       0.70
    518400    9   13
       0.10       0.10       0.01       0.00       0.00       0.00       0.00       0.00       0.00
       0.15       0.18       0.04       0.04       0.02       0.00       0.00       0.00       0.00
       0.16       0.16       0.08       0.05       0.01       0.01       0.03       0.01       0.00
       0.14       0.20       0.14       0.06       0.07       0.04       0.11       0.09       0.05
       0.21       0.22       0.18       0.04       0.16       0.09       0.16       0.27       0.24
       0.26       0.24       0.21       0.09       0.21       0.21       0.24       0.38       0.39
       0.35       0.20       0.13       0.14       0.24       0.21       0.24       0.38       0.52
       0.20       0.07       0.16       0.15       0.26       0.18       0.30       0.31       0.39
       0.18       0.11       0.13       0.09       0.08       0.14       0.34       0.49       0.32
       0.24       0.17       0.09       0.04       0.03       0.16       0.40       0.38       0.21
       0.19       0.21       0.12       0.03       0.05       0.07       0.17       0.18       0.20
       0.34       0.22       0.11       0.01       0.03       0.07       0.04       0.17       0.26
       0.52       0.30       0.12       0.04       0.01       0.04       0.03       0.16       0.23
    604800    9   13
       0.06       0.02       0.00       0.00       0.00       0.00       0.01       0.02       0.03
       0.06       0.03       0.01       0.00       0.00       0.01       0.03       0.04       0.05
       0.04       0.02       0.02       0.01       0.01       0.03       0.03       0.03       0.06
       0.12       0.04       0.05       0.03       0.04       0.07       0.07       0.07       0.09
       0.19       0.12       0.11       0.03       0.02       0.03       0.03       0.04       0.07
       0.25       0.19       0.21       0.12       0.07       0.05       0.02       0.03       0.02
       0.29       0.23       0.25       0.27       0.22       0.13       0.11       0.15       0.13
       0.26       0.23       0.30       0.35       0.28       0.24       0.27       0.34       0.38
       0.30       0.34       0.30       0.30       0.32       0.38       0.41       0.42       0.41
       0.55       0.27       0.19       0.21       0.27       0.33       0.41       0.48       0.43
       0.62       0.46       0.32       0.22       0.21       0.30       0.36       0.48       0.40
       0.63       0.44       0.34       0.20       0.21       0.31       0.24       0.46       0.39
       0.79       0.59       0.41       0.29       0.31       0.33       0.19       0.41       0.49
    691200    9   13
       0.20       0.18       0.04       0.07       0.08       0.05       0.04       0.04       0.03
       0.14       0.16       0.08       0.11       0.07       0.09       0.10       0.08       0.09
       0.12       0.08       0.06       0.09       0.03       0.06       0.13       0.09       0.10
       0.15       0.08       0.05       0.04       0.07       0.07       0.12       0.12       0.14
       0.14       0.12       0.09       0.06       0.08       0.06       0.08       0.13       0.14
       0.20       0.18       0.15       0.11       0.11       0.06       0.06       0.08       0.12
       0.26       0.19       0.11       0.13       0.13       0.14       0.16       0.16       0.17
       0.24       0.17       0.11       0.12       0.14       0.20       0.32       0.34       0.42
       0.33       0.20       0.21       0.18       0.26       0.35       0.46       0.45       0.39
       0.40       0.22       0.21       0.21       0.25       0.35       0.44       0.40       0.22
       0.56       0.43       0.19       0.29       0.46       0.51       0.65       0.51       0.33
       0.67       0.50       0.28       0.32       0.54       0.70       1.39       1.34       0.66
       1.56       0.95       1.10       0.71       0.84       1.27       1.65       2.22       1.62
    777600    9   13
       0.29       0.49       0.73       0.85       0.97       0.93       0.71       0.58       0.49
       0.35       0.44       0.71       0.85       1.24       1.63       0.97       0.61       0.27
       0.23       0.37       0.54       0.50       0.77       1.18       0.85       0.45       0.50
       0.11       0.20       0.47       0.42       0.47       0.68       0.48       0.58       1.00
       0.15       0.08       0.28       0.37       0.52       0.54       0.50       0.73       0.84
       0.14       0.15       0.19       0.25       0.67       0.60       0.62       0.91       0.81
       0.42       0.31       0.22       0.32       0.68       0.49       0.42       0.56       0.86
       0.88       0.55       0.43       0.35       0.45       0.70       0.50       0.34       0.28
       1.05       1.03       0.56       0.46       0.42       0.64       0.58       0.58       0.23
       0.73       0.86       0.88       0.76       0.73       0.70       0.53       0.66       0.49
       0.48       0.60       0.66       0.85       1.14       1.05       0.99       0.76       0.55
       0.50       0.67       0.52       0.66       1.03       1.47       1.99       1.07       0.58
       0.49       0.64       0.68       0.68       1.18       1.29       1.60       1.16       0.90
    864000    9   13
       0.34       0.34       0.40       0.34       0.64       0.19       0.12       0.31       0.34
       0.34       0.35       0.41       0.43       0.41       0.16       0.21       0.24       0.41
       0.42       0.42       0.41       0.19       0.11       0.11       0.14       0.17       0.49
       0.38       0.56       0.43       0.19       0.07       0.23       0.37       0.42       0.78
       0.32       0.61       0.56       0.35       0.09       0.32       0.38       0.54       0.66
       0.38       0.53       0.59       0.44       0.28       0.23       0.28       0.42       0.49
       0.23       0.41       0.55       0.43       0.20       0.17       0.40       0.75       0.68
       0.09       0.33       0.50       0.28       0.11       0.06       0.30       0.79       1.51
       0.17       0.43       0.49       0.30       0.22       0.11       0.43       1.34       4.02
       0.12       0.22       0.36       0.39       0.24       0.24       0.71       1.45       2.06
       0.16       0.17       0.35       0.34       0.14       0.34       0.66       0.85       0.83
       0.07       0.24       0.35       0.24       0.22       0.36       0.30       0.32       0.61
       0.05       0.36       0.34       0.28       0.26       0.22       0.34       0.48       0.69
    950400    9   13
       0.26       0.39       0.68       0.63       0.33       0.82       1.01       0.44       0.78
       0.34       0.76       0.92       0.57       0.27       0.52       0.94       0.61       0.89
       0.35       0.62       1.12       0.45       0.37       1.02       1.09       0.72       1.30
       0.58       0.60       1.01       0.79       0.76       1.40       0.92       1.00       1.38
       0.92       0.91       1.33       1.32       0.87       1.49       1.12       1.10       1.25
       0.83       0.95       1.32       1.69       1.18       1.30       1.53       1.41       1.13
       0.66       0.76       0.95       1.19       1.00       1.16       1.30       1.24       1.26
       0.58       0.76       0.95       1.06       1.00       1.29       1.26       1.29       1.10
       0.59       0.98       1.28       0.90       0.84       1.23       1.43       1.16       0.90
       0.59       0.70       1.00       0.85       0.69       1.23       1.47       1.14       0.89
       0.57       0.83       0.95       0.68       0.87       1.33       1.41       1.21       0.90
       0.34       0.62       0.92       0.89       0.85       0.95       1.22       1.23       1.02
       0.20       0.47       1.14       1.33       0.86       0.82       1.01       1.17       1.15
   1036800    9   13
       0.51       0.47       0.75       0.96       0.71       0.69       0.55       0.55       0.55
       0.58       0.47       0.61       0.82       0.78       0.96       0.59       0.48       0.49
       0.52       0.42       0.54       0.45       0.49       0.67       0.43       0.45       0.69
       0.43       0.36       0.57       0.57       0.72       0.53       0.40       0.46       0.51
       0.31       0.58       0.57       0.78       2.17       1.31       0.48       0.51       0.58
       0.27       0.55       0.64       0.68       0.84       0.70       0.53       0.62       0.74
       0.42       0.43       0.52       0.60       0.65       0.65       0.72       0.74       0.87
       0.57       0.45       0.41       0.71       0.92       0.74       0.85       0.92       0.96
       0.82       0.75       0.49       0.83       1.06       0.62       0.91       1.03       0.86
       0.77       0.93       0.80       0.81       0.98       0.76       1.01       1.10       0.79
       0.53       0.76       0.68       0.91       0.97       1.00       0.97       0.92       0.88
       0.42       0.71       0.92       1.10       0.81       1.03       0.95       0.85       0.97
       0.24       0.65       1.31       0.98       0.84       1.02       1.02       0.72       0.73
   1123200    9   13
       0.15       0.31       0.41       0.18       0.28       0.27       0.44       0.52       0.37
       0.23       0.30       0.28       0.10       0.20       0.29       0.33       0.48       0.42
       0.44       0.12       0.14       0.18       0.24       0.24       0.25       0.55       0.44
       0.38       0.13       0.21       0.18       0.27       0.24       0.30       0.34       0.40
       0.54       0.29       0.18       0.28       0.29       0.28       0.30       0.43       0.52
       0.65       0.58       0.21       0.32       0.24       0.11       0.17       0.38       0.55
       0.57       0.68       0.32       0.32       0.23       0.06       0.20       0.43       0.60
       0.51       0.76       0.48       0.34       0.32       0.20       0.31       0.41       0.38
       0.47       0.66       0.66       0.43       0.43       0.37       0.45       0.39       0.26
       0.47       0.44       0.75       0.55       0.29       0.47       0.45       0.48       0.34
       0.54       0.44       0.70       0.60       0.26       0.68       0.44       0.60       0.46
       0.65       0.46       0.75       0.57       0.38       0.79       0.61       0.69       0.68
       0.77       0.45       0.72       0.70       0.58       0.89       1.07       1.01       0.88
   1209600    9   13
       0.04       0.17       0.67       0.49       0.36       0.33       0.36       0.53       0.40
       0.07       0.21       0.72       0.45       0.37       0.40       0.40       0.34       0.43
       0.16       0.19       0.62       0.46       0.45       0.68       0.63       0.45       1.00
       0.11       0.14       0.36       0.29       0.53       0.60       0.54       0.62       1.18
       0.14       0.17       0.22       0.22       0.57       0.56       0.69       0.69       0.93
       0.40       0.39       0.23       0.41       0.50       0.42       0.52       0.65       0.74
       0.56       0.72       0.44       0.52       0.45       0.49       0.73       0.86       1.14
       0.54       0.72       0.59       0.59       0.42       0.46       0.85       1.12       1.11
       0.85       1.01       0.93       0.84       0.41       0.53       1.04       1.07       0.52
       0.82       0.93       0.98       1.05       0.41       0.73       1.07       0.93       0.69
       0.99       0.95       0.86       0.83       0.58       0.83       0.84       1.00       0.99
       0.87       0.53       0.56       0.74       0.53       0.58       0.66       0.94       0.78
       0.47       0.27       0.43       0.72       0.46       0.48       0.77       0.83       0.86
   1296000    9   13
       0.20       0.41       0.40       0.22       0.26       0.31       0.28       0.35       0.44
       0.38       0.42       0.59       0.35       0.42       0.52       0.33       0.23       0.31
       0.55       0.45       0.39       0.32       0.38       0.27       0.16       0.22       0.36
       0.44       0.32       0.28       0.30       0.23       0.14       0.11       0.26       0.29
       0.50       0.42       0.20       0.32       0.33       0.14       0.09       0.23       0.24
       0.73       0.64       0.26       0.29       0.24       0.11       0.20       0.36       0.41
       0.98       0.88       0.47       0.24       0.19       0.22       0.40       0.45       0.42
       1.11       1.00       0.64       0.42       0.24       0.32       0.44       0.35       0.32
       0.93       0.90       0.81       1.02       0.54       0.42       0.54       0.43       0.36
       0.83       1.00       1.09       1.43       0.80       0.49       0.55       0.56       0.50
       0.72       0.74       0.86       1.03       0.73       0.52       0.54       0.67       0.62
       0.28       0.46       0.75       1.02       0.82       0.47       0.46       0.70       0.66
       0.35       0.39       0.56       0.96       0.84       0.31       0.38       0.60       0.65
