         0    9   13
       0.01       0.23       0.35       0.10       0.25       0.19       0.12       0.09       0.01
       0.02       0.24       0.39       0.30       0.25       0.12       0.09       0.04       0.07
       0.00       0.19       0.43       0.37       0.29       0.13       0.12       0.04       0.27
       0.02       0.24       0.48       0.45       0.41       0.16       0.07       0.17       0.44
       0.09       0.30       0.42       0.31       0.39       0.17       0.06       0.13       0.21
       0.07       0.23       0.54       0.67       0.36       0.11       0.01       0.08       0.17
       0.10       0.21       0.22       0.28       0.20       0.02       0.00       0.08       0.13
       0.03       0.05       0.10       0.19       0.12       0.01       0.00       0.00       0.00
       0.01       0.07       0.05       0.11       0.10       0.01       0.00       0.00       0.01
       0.00       0.01       0.03       0.03       0.03       0.00       0.00       0.00       0.01
       0.00       0.03       0.22       0.19       0.04       0.02       0.01       0.00       0.00
       0.03       0.08       0.28       0.26       0.06       0.02       0.01       0.00       0.00
       0.07       0.10       0.12       0.24       0.14       0.01       0.01       0.00       0.00
     86400    9   13
       0.00       0.01       0.01       0.03       0.04       0.01       0.01       0.04       0.05
       0.00       0.01       0.01       0.05       0.02       0.01       0.03       0.05       0.05
       0.01       0.02       0.04       0.11       0.08       0.07       0.16       0.04       0.10
       0.03       0.03       0.07       0.11       0.07       0.08       0.13       0.04       0.24
       0.04       0.01       0.03       0.03       0.04       0.01       0.01       0.07       0.22
       0.01       0.01       0.00       0.00       0.04       0.01       0.01       0.02       0.05
       0.01       0.00       0.00       0.01       0.08       0.09       0.04       0.04       0.04
       0.01       0.01       0.03       0.01       0.01       0.05       0.03       0.04       0.02
       0.00       0.02       0.01       0.00       0.00       0.00       0.01       0.01       0.00
       0.00       0.01       0.00       0.00       0.01       0.00       0.01       0.00       0.00
       0.01       0.00       0.00       0.01       0.00       0.00       0.00       0.00       0.00
       0.04       0.00       0.00       0.00       0.00       0.00       0.00       0.00       0.00
       0.00       0.00       0.00       0.00       0.00       0.00       0.00       0.00       0.00
    172800    9   13
       0.04       0.11       0.24       0.45       0.53       0.35       0.22       0.35       0.15
       0.11       0.08       0.17       0.45       0.32       0.21       0.31       0.35       0.16
       0.12       0.18       0.18       0.23       0.31       0.38       0.53       0.12       0.32
       0.06       0.20       0.24       0.27       0.44       0.32       0.32       0.24       0.42
       0.18       0.20       0.26       0.30       0.39       0.21       0.17       0.36       0.60
       0.06       0.06       0.17       0.21       0.21       0.22       0.19       0.30       0.32
       0.04       0.01       0.04       0.04       0.24       0.19       0.09       0.14       0.15
       0.02       0.06       0.22       0.18       0.17       0.02       0.00       0.05       0.09
       0.04       0.10       0.08       0.05       0.03       0.00       0.00       0.03       0.12
       0.03       0.02       0.00       0.00       0.00       0.00       0.00       0.00       0.02
       0.02       0.01       0.00       0.00       0.00       0.00       0.00       0.00       0.00
       0.02       0.00       0.00       0.00       0.00       0.00       0.00       0.00       0.00
       0.00       0.00       0.00       0.00       0.01       0.00       0.00       0.00       0.00
    259200    9   13
       1.31       1.68       1.52       0.98       0.90       0.81       1.07       1.32       1.13
       1.55       1.77       1.66       1.28       1.00       0.95       1.26       1.04       0.88
       1.39       1.40       1.32       1.15       0.92       0.91       1.05       0.66       0.90
       1.00       0.72       0.85       0.91       0.85       0.45       0.67       0.89       1.08
       0.73       0.44       0.55       0.67       0.71       0.29       0.39       1.16       1.45
       0.39       0.23       0.30       0.43       0.53       0.39       0.37       0.53       0.68
       0.20       0.07       0.17       0.31       0.45       0.33       0.12       0.17       0.15
       0.03       0.15       0.32       0.17       0.13       0.10       0.03       0.02       0.09
       0.15       0.29       0.31       0.10       0.00       0.05       0.03       0.03       0.08
       0.09       0.07       0.06       0.02       0.02       0.02       0.03       0.02       0.07
       0.01       0.03       0.14       0.08       0.07       0.03       0.02       0.01       0.03
       0.00       0.01       0.07       0.03       0.05       0.16       0.05       0.01       0.06
       0.07       0.05       0.06       0.13       0.35       0.18       0.10       0.05       0.02
    345600    9   13
       0.84       0.80       0.75       0.82       1.05       0.98       0.73       0.74       0.63
       0.78       0.69       0.64       0.75       0.81       0.73       0.79       0.69       0.61
       0.51       0.52       0.55       0.61       0.61       0.71       0.68       0.48       0.65
       0.48       0.44       0.51       0.63       0.67       0.57       0.52       0.47       0.55
       0.34       0.28       0.33       0.52       0.51       0.46       0.45       0.39       0.39
       0.33       0.34       0.40       0.49       0.48       0.34       0.27       0.30       0.21
       0.28       0.24       0.29       0.32       0.37       0.24       0.11       0.17       0.21
       0.19       0.23       0.23       0.16       0.12       0.04       0.02       0.12       0.26
       0.27       0.28       0.12       0.14       0.05       0.01       0.01       0.07       0.21
       0.17       0.13       0.04       0.07       0.01       0.01       0.01       0.09       0.32
       0.03       0.03       0.01       0.01       0.01       0.05       0.14       0.18       0.26
       0.01       0.02       0.01       0.02       0.05       0.27       0.23       0.20       0.36
       0.02       0.02       0.03       0.17       0.29       0.33       0.53       0.41       0.39
    432000    9   13
       0.19       0.08       0.14       0.53       0.58       0.40       0.39       0.41       0.39
       0.17       0.10       0.28       0.51       0.36       0.42       0.50       0.38       0.25
       0.20       0.32       0.46       0.33       0.33       0.50       0.39       0.15       0.21
       0.30       0.41       0.45       0.30       0.39       0.39       0.27       0.17       0.19
       0.31       0.30       0.39       0.28       0.41       0.33       0.20       0.16       0.26
       0.13       0.23       0.20       0.09       0.26       0.26       0.17       0.07       0.15
       0.08       0.14       0.05       0.11       0.30       0.18       0.08       0.04       0.09
       0.03       0.03       0.14       0.30       0.33       0.11       0.07       0.07       0.06
       0.04       0.15       0.16       0.24       0.16       0.11       0.07       0.08       0.08
       0.01       0.07       0.09       0.20       0.17       0.11       0.16       0.21       0.12
       0.00       0.00       0.07       0.21       0.19       0.13       0.27       0.15       0.07
       0.03       0.01       0.10       0.21       0.26       0.24       0.26       0.11       0.08
       0.04       0.03       0.17       0.39       0.52       0.21       0.28       0.15       0.13
    518400    9   13
       0.02       0.02       0.10       0.05       0.04       0.05       0.05       0.07       0.03
       0.03       0.01       0.05       0.03       0.01       0.09       0.19       0.16       0.07
       0.02       0.02       0.09       0.03       0.04       0.22       0.33       0.21       0.12
       0.02       0.02       0.11       0.04       0.07       0.17       0.24       0.22       0.20
       0.05       0.04       0.11       0.04       0.12       0.23       0.23       0.17       0.15
       0.05       0.03       0.13       0.04       0.13       0.25       0.15       0.07       0.12
       0.03       0.03       0.09       0.07       0.19       0.15       0.07       0.09       0.19
       0.02       0.12       0.19       0.08       0.12       0.10       0.11       0.27       0.35
       0.10       0.13       0.14       0.10       0.10       0.16       0.17       0.14       0.27
       0.12       0.17       0.21       0.26       0.21       0.09       0.13       0.10       0.28
       0.53       0.51       0.37       0.45       0.47       0.23       0.22       0.19       0.23
       0.76       0.73       0.41       0.32       0.58       0.66       0.25       0.22       0.11
       0.52       0.27       0.08       0.17       0.17       0.15       0.16       0.13       0.04
    604800    9   13
       0.23       0.14       0.11       0.16       0.27       0.14       0.05       0.05       0.07
       0.48       0.14       0.17       0.24       0.13       0.20       0.32       0.10       0.02
       0.44       0.18       0.13       0.12       0.08       0.22       0.29       0.06       0.15
       0.26       0.08       0.05       0.03       0.09       0.19       0.11       0.13       0.40
       0.15       0.02       0.06       0.01       0.12       0.17       0.05       0.15       0.33
       0.13       0.02       0.04       0.02       0.06       0.20       0.10       0.10       0.22
       0.07       0.00       0.01       0.04       0.21       0.17       0.05       0.11       0.17
       0.01       0.01       0.03       0.02       0.08       0.07       0.01       0.11       0.14
       0.04       0.01       0.01       0.03       0.07       0.05       0.00       0.06       0.14
       0.09       0.04       0.01       0.14       0.23       0.05       0.01       0.02       0.07
       0.05       0.01       0.01       0.09       0.24       0.06       0.06       0.03       0.01
       0.03       0.01       0.02       0.08       0.32       0.07       0.03       0.02       0.01
       0.02       0.00       0.01       0.07       0.20       0.01       0.05       0.05       0.00
    691200    9   13
       0.67       1.02       1.01       0.86       0.69       0.49       0.42       0.27       0.19
       0.92       0.94       0.74       0.90       0.59       0.66       0.61       0.39       0.27
       0.81       1.09       0.71       0.65       0.53       0.54       0.47       0.17       0.35
       0.62       0.80       0.87       0.60       0.48       0.31       0.35       0.10       0.39
       0.45       0.46       0.67       0.81       0.83       0.25       0.13       0.08       0.11
       0.33       0.32       0.48       0.35       0.26       0.16       0.03       0.03       0.05
       0.14       0.15       0.22       0.05       0.06       0.04       0.01       0.01       0.02
       0.07       0.08       0.10       0.01       0.03       0.03       0.01       0.01       0.03
       0.14       0.03       0.01       0.02       0.06       0.02       0.00       0.00       0.02
       0.10       0.03       0.00       0.03       0.08       0.02       0.01       0.00       0.00
       0.08       0.04       0.01       0.00       0.01       0.01       0.01       0.00       0.00
       0.05       0.10       0.08       0.02       0.09       0.07       0.00       0.00       0.00
       0.03       0.04       0.07       0.06       0.24       0.07       0.00       0.00       0.00
    777600    9   13
       0.21       0.18       0.20       0.16       0.19       0.26       0.29       0.35       0.31
       0.15       0.12       0.12       0.16       0.18       0.20       0.27       0.31       0.26
       0.05       0.09       0.15       0.18       0.20       0.21       0.25       0.28       0.35
       0.05       0.12       0.26       0.26       0.43       0.29       0.29       0.33       0.36
       0.17       0.19       0.23       0.35       0.31       0.23       0.34       0.31       0.23
       0.29       0.25       0.33       0.45       0.36       0.32       0.28       0.19       0.09
       0.41       0.30       0.40       0.47       0.45       0.27       0.23       0.18       0.17
       0.35       0.44       0.43       0.32       0.32       0.25       0.20       0.20       0.18
       0.28       0.40       0.37       0.24       0.24       0.32       0.26       0.17       0.09
       0.29       0.34       0.28       0.22       0.29       0.47       0.17       0.07       0.05
       0.36       0.36       0.29       0.24       0.28       0.46       0.15       0.02       0.01
       0.45       0.43       0.34       0.24       0.13       0.14       0.14       0.01       0.00
       0.48       0.35       0.22       0.28       0.18       0.20       0.03       0.00       0.01
    864000    9   13
       0.56       0.62       0.19       0.05       0.12       0.10       0.11       0.07       0.08
       0.35       0.49       0.22       0.06       0.12       0.14       0.08       0.05       0.09
       0.10       0.27       0.30       0.27       0.31       0.23       0.11       0.16       0.20
       0.30       0.35       0.52       0.36       0.48       0.31       0.44       0.37       0.32
       0.59       0.44       0.74       0.64       0.61       0.42       0.52       0.44       0.47
       0.41       0.43       0.64       0.76       0.96       0.71       0.58       0.54       0.65
       0.40       0.51       0.69       0.77       0.83       0.54       0.70       0.62       0.46
       0.40       0.33       0.51       0.50       0.36       0.46       0.35       0.31       0.40
       0.52       0.56       0.58       0.50       0.38       0.41       0.24       0.13       0.44
       0.25       0.26       0.16       0.32       0.39       0.30       0.07       0.07       0.14
       0.12       0.12       0.06       0.16       0.30       0.36       0.20       0.17       0.14
       0.07       0.12       0.09       0.24       0.39       0.33       0.15       0.06       0.11
       0.19       0.29       0.25       0.57       0.79       0.41       0.14       0.09       0.02
    950400    9   13
       0.07       0.15       0.38       0.20       0.24       0.32       0.48       0.39       0.26
       0.07       0.14       0.25       0.18       0.07       0.14       0.29       0.16       0.08
       0.05       0.21       0.32       0.13       0.16       0.17       0.18       0.07       0.21
       0.03       0.14       0.20       0.06       0.28       0.10       0.17       0.16       0.18
       0.10       0.20       0.37       0.16       0.21       0.04       0.11       0.23       0.22
       0.11       0.22       0.58       0.38       0.32       0.08       0.12       0.16       0.27
       0.25       0.12       0.37       0.50       0.42       0.18       0.32       0.39       0.41
       0.26       0.21       0.23       0.53       0.48       0.23       0.38       0.54       0.61
       0.27       0.32       0.31       0.73       0.42       0.19       0.21       0.12       0.16
       0.40       0.23       0.32       0.56       0.24       0.36       0.22       0.02       0.02
       0.12       0.14       0.36       0.42       0.23       0.50       0.32       0.04       0.07
       0.17       0.11       0.10       0.18       0.14       0.39       0.24       0.03       0.04
       0.03       0.02       0.01       0.16       0.24       0.10       0.05       0.02       0.04
   1036800    9   13
       0.10       0.29       0.30       0.14       0.23       0.24       0.25       0.27       0.24
       0.09       0.25       0.21       0.25       0.21       0.15       0.25       0.43       0.40
       0.16       0.28       0.30       0.33       0.23       0.15       0.27       0.32       0.44
       0.12       0.17       0.33       0.47       0.41       0.12       0.24       0.40       0.72
       0.19       0.26       0.33       0.52       0.50       0.12       0.07       0.18       0.33
       0.29       0.36       0.41       0.51       0.62       0.13       0.02       0.09       0.10
       0.08       0.21       0.26       0.70       0.58       0.12       0.01       0.04       0.14
       0.09       0.32       0.32       0.68       0.51       0.05       0.03       0.08       0.26
       0.24       0.39       0.23       0.18       0.09       0.01       0.03       0.03       0.12
       0.26       0.20       0.18       0.30       0.13       0.03       0.02       0.01       0.02
       0.22       0.34       0.34       0.21       0.09       0.07       0.05       0.05       0.02
       0.29       0.52       0.31       0.13       0.03       0.00       0.03       0.07       0.03
       0.10       0.24       0.18       0.17       0.14       0.01       0.00       0.02       0.01
   1123200    9   13
       0.47       0.27       0.29       0.40       0.39       0.42       0.50       1.29       1.18
       0.25       0.32       0.30       0.38       0.37       0.58       0.81       1.14       1.07
       0.21       0.29       0.40       0.50       0.54       0.79       1.17       1.11       1.28
       0.24       0.31       0.50       0.72       0.91       1.42       1.21       1.19       1.93
       0.27       0.36       0.65       0.83       0.98       1.63       1.66       1.27       2.34
       0.54       0.44       0.71       1.12       1.11       1.47       2.05       1.80       1.41
       1.06       0.66       0.61       1.32       1.62       1.90       2.25       2.30       0.99
       0.89       0.89       0.78       1.15       1.63       2.62       3.26       2.10       0.68
       0.55       0.70       0.99       0.91       1.10       1.58       1.67       1.09       0.40
       0.40       0.51       0.58       0.51       0.66       0.95       0.67       0.47       0.26
       0.18       0.24       0.37       0.35       0.41       0.48       0.42       0.20       0.08
       0.13       0.09       0.22       0.39       0.46       0.39       0.30       0.17       0.08
       0.08       0.12       0.12       0.27       0.40       0.30       0.14       0.08       0.07
   1209600    9   13
       0.81       0.55       0.32       0.28       0.38       0.61       0.28       0.36       0.27
       0.69       0.81       0.35       0.25       0.28       0.32       0.29       0.38       0.48
       0.86       1.16       0.66       0.29       0.27       0.28       0.33       0.36       1.05
       1.48       1.55       1.59       1.02       0.74       0.65       0.59       0.90       2.00
       1.94       1.94       3.27       2.49       1.61       1.31       1.28       2.12       2.00
       2.39       2.18       3.16       2.62       2.09       1.91       2.39       2.49       1.40
       2.64       2.56       2.74       2.58       2.90       2.35       2.64       1.97       0.86
       2.02       1.91       2.71       2.77       2.99       2.63       1.48       1.08       0.77
       1.99       1.85       2.90       3.07       2.91       2.44       1.06       0.72       0.54
       2.39       2.31       2.64       2.09       1.61       1.33       0.66       0.33       0.18
       1.78       1.49       1.76       1.65       1.38       1.08       0.71       0.33       0.14
       1.34       1.14       1.30       1.32       1.07       1.01       0.92       0.45       0.19
       1.09       0.89       1.07       1.23       1.27       1.21       0.79       0.53       0.49
   1296000    9   13
       0.09       0.06       0.09       0.12       0.09       0.11       0.09       0.05       0.21
       0.14       0.12       0.12       0.15       0.09       0.11       0.08       0.13       0.27
       0.59       0.34       0.31       0.48       0.23       0.20       0.14       0.12       0.15
       1.06       0.81       0.46       0.84       0.51       0.35       0.18       0.11       0.21
       0.67       0.65       0.60       0.68       0.59       0.50       0.29       0.29       0.23
       0.60       0.54       0.56       0.64       0.65       0.46       0.24       0.17       0.18
       0.53       0.53       0.65       0.47       0.37       0.24       0.13       0.17       0.22
       0.21       0.18       0.33       0.22       0.12       0.12       0.20       0.23       0.32
       0.24       0.43       0.36       0.20       0.12       0.19       0.23       0.17       0.21
       0.47       0.43       0.22       0.14       0.12       0.12       0.09       0.08       0.12
       0.15       0.12       0.14       0.12       0.14       0.10       0.13       0.15       0.18
       0.09       0.13       0.13       0.13       0.14       0.23       0.29       0.34       0.36
       0.12       0.13       0.09       0.08       0.27       0.54       0.47       0.38       0.38
