         0    9   13
       0.26       0.27       0.31       0.30       0.44       0.37       0.50       1.22       0.73
       0.13       0.15       0.22       0.28       0.26       0.21       0.52       0.46       0.17
       0.27       0.32       0.34       0.14       0.11       0.18       0.18       0.13       0.14
       0.40       0.34       0.31       0.17       0.17       0.18       0.07       0.22       0.21
       0.73       0.56       0.47       0.39       0.28       0.28       0.26       0.29       0.28
       0.59       0.65       0.69       0.58       0.43       0.39       0.47       0.34       0.29
       0.36       0.59       0.57       0.64       0.57       0.33       0.39       0.36       0.28
       0.60       0.79       0.79       0.84       0.67       0.40       0.40       0.31       0.21
       0.84       0.82       0.64       0.59       0.47       0.42       0.37       0.20       0.15
       0.95       0.87       0.88       0.79       0.81       0.67       0.33       0.22       0.23
       0.61       0.97       1.08       1.13       1.31       0.76       0.32       0.20       0.09
       0.60       0.80       0.92       1.08       1.17       0.59       0.34       0.15       0.06
       0.29       0.26       0.43       0.68       0.50       0.28       0.26       0.14       0.03
     86400    9   13
       0.40       0.17       0.12       0.23       0.23       0.36       0.44       0.60       0.56
       0.16       0.20       0.14       0.29       0.20       0.33       0.43       0.58       0.57
       0.10       0.09       0.09       0.15       0.15       0.40       0.69       0.79       0.86
       0.06       0.19       0.23       0.22       0.12       0.16       0.45       0.65       1.04
       0.09       0.16       0.17       0.14       0.06       0.04       0.09       0.46       0.73
       0.47       0.24       0.16       0.17       0.09       0.09       0.09       0.27       0.51
       1.02       0.35       0.25       0.28       0.14       0.05       0.04       0.04       0.11
       0.46       0.26       0.30       0.28       0.16       0.08       0.07       0.01       0.00
       0.29       0.24       0.26       0.16       0.10       0.08       0.04       0.01       0.00
       0.18       0.14       0.05       0.08       0.10       0.11       0.06       0.03       0.02
       0.14       0.12       0.08       0.08       0.09       0.06       0.02       0.04       0.08
       0.03       0.04       0.06       0.12       0.10       0.04       0.03       0.02       0.01
       0.00       0.01       0.03       0.06       0.06       0.02       0.02       0.00       0.01
    172800    9   13
       0.17       0.16       0.27       0.24       0.13       0.05       0.13       0.35       0.37
       0.07       0.10       0.27       0.35       0.16       0.07       0.12       0.35       0.31
       0.05       0.11       0.24       0.33       0.17       0.15       0.16       0.16       0.40
       0.02       0.05       0.12       0.26       0.22       0.10       0.09       0.08       0.29
       0.04       0.02       0.04       0.08       0.06       0.04       0.02       0.03       0.05
       0.07       0.02       0.01       0.01       0.02       0.01       0.01       0.01       0.01
       0.01       0.01       0.03       0.05       0.02       0.01       0.00       0.00       0.00
       0.00       0.03       0.08       0.11       0.04       0.01       0.00       0.00       0.00
       0.05       0.13       0.09       0.04       0.01       0.00       0.01       0.01       0.01
       0.03       0.06       0.03       0.01       0.01       0.02       0.03       0.03       0.01
       0.00       0.00       0.00       0.01       0.01       0.01       0.00       0.01       0.00
       0.00       0.00       0.01       0.01       0.01       0.00       0.00       0.00       0.00
       0.00       0.00       0.00       0.01       0.02       0.00       0.00       0.00       0.00
    259200    9   13
       0.29       0.20       0.24       0.24       0.18       0.11       0.08       0.09       0.13
       0.28       0.14       0.20       0.17       0.15       0.09       0.07       0.13       0.17
       0.19       0.10       0.13       0.13       0.15       0.09       0.07       0.16       0.10
       0.07       0.05       0.03       0.07       0.12       0.06       0.07       0.11       0.08
       0.04       0.02       0.03       0.10       0.06       0.04       0.09       0.10       0.10
       0.02       0.01       0.04       0.16       0.05       0.04       0.08       0.09       0.09
       0.00       0.00       0.01       0.08       0.03       0.02       0.04       0.06       0.06
       0.00       0.00       0.00       0.01       0.01       0.02       0.02       0.02       0.04
       0.00       0.01       0.01       0.01       0.00       0.00       0.01       0.00       0.01
       0.01       0.01       0.01       0.01       0.01       0.02       0.00       0.00       0.01
       0.00       0.01       0.04       0.06       0.03       0.02       0.01       0.00       0.00
       0.01       0.04       0.12       0.16       0.06       0.01       0.02       0.00       0.00
       0.03       0.07       0.07       0.07       0.10       0.01       0.01       0.00       0.00
    345600    9   13
       0.16       0.34       0.46       0.80       0.80       0.62       0.91       1.41       0.78
       0.16       0.15       0.26       0.34       0.41       0.47       0.92       0.87       0.42
       0.24       0.16       0.19       0.26       0.30       0.58       0.99       0.44       0.28
       0.21       0.17       0.19       0.29       0.38       0.63       0.56       0.25       0.32
       0.10       0.07       0.11       0.17       0.31       0.34       0.24       0.21       0.35
       0.05       0.03       0.06       0.11       0.15       0.22       0.47       0.37       0.43
       0.04       0.02       0.08       0.10       0.09       0.24       0.64       0.57       0.58
       0.02       0.02       0.07       0.14       0.10       0.16       0.38       0.42       0.54
       0.03       0.03       0.08       0.19       0.14       0.06       0.13       0.17       0.30
       0.05       0.03       0.07       0.17       0.16       0.03       0.06       0.08       0.17
       0.02       0.04       0.09       0.24       0.18       0.06       0.05       0.11       0.17
       0.04       0.07       0.13       0.18       0.13       0.08       0.07       0.11       0.14
       0.07       0.06       0.05       0.08       0.11       0.06       0.06       0.07       0.08
    432000    9   13
       1.08       0.67       1.09       0.92       0.81       0.81       1.05       3.12       2.81
       0.67       0.59       1.30       1.58       0.85       1.24       1.14       2.67       2.43
       0.81       0.77       1.59       2.09       0.84       1.23       1.47       1.71       0.83
       0.82       0.73       1.34       1.39       1.12       1.51       1.40       0.99       0.61
       0.60       0.61       1.03       1.21       1.21       1.46       1.23       0.73       0.62
       0.62       0.60       0.72       0.70       0.73       0.82       0.67       0.45       0.54
       0.34       0.38       0.50       0.35       0.29       0.32       0.26       0.21       0.29
       0.31       0.36       0.46       0.33       0.22       0.15       0.17       0.16       0.25
       0.31       0.39       0.44       0.41       0.26       0.15       0.16       0.13       0.25
       0.42       0.43       0.38       0.43       0.45       0.40       0.37       0.26       0.24
       0.27       0.28       0.41       0.53       0.53       0.31       0.28       0.32       0.31
       0.11       0.15       0.23       0.34       0.41       0.44       0.33       0.20       0.23
       0.20       0.18       0.18       0.18       0.40       0.58       0.49       0.28       0.26
    518400    9   13
       0.53       0.42       0.46       0.65       0.61       0.87       0.61       1.75       2.60
       0.37       0.40       0.50       0.42       0.39       0.88       0.90       2.21       2.80
       0.22       0.30       0.44       0.33       0.36       0.77       1.38       1.61       1.20
       0.12       0.16       0.36       0.71       0.78       0.92       1.29       1.15       1.27
       0.11       0.20       0.51       0.90       1.28       1.45       1.16       0.98       0.84
       0.28       0.28       0.36       0.54       0.73       1.11       1.08       0.62       0.47
       0.40       0.47       0.35       0.39       0.30       0.31       0.41       0.39       0.34
       0.32       0.30       0.29       0.22       0.20       0.12       0.20       0.35       0.37
       0.25       0.22       0.17       0.16       0.13       0.11       0.17       0.18       0.17
       0.30       0.28       0.20       0.19       0.17       0.14       0.12       0.17       0.20
       0.33       0.37       0.35       0.29       0.28       0.15       0.07       0.13       0.16
       0.41       0.45       0.44       0.39       0.32       0.22       0.13       0.04       0.06
       0.33       0.44       0.46       0.38       0.45       0.38       0.20       0.07       0.05
    604800    9   13
       0.36       0.16       0.16       0.16       0.29       0.20       0.30       1.12       0.95
       0.45       0.30       0.23       0.21       0.22       0.24       0.52       0.16       0.22
       0.42       0.36       0.26       0.20       0.20       0.25       0.70       0.27       0.24
       0.15       0.33       0.31       0.32       0.37       0.22       0.35       0.46       0.48
       0.13       0.25       0.40       0.51       0.62       0.27       0.16       0.26       0.31
       0.18       0.25       0.36       0.48       0.47       0.23       0.23       0.53       0.61
       0.24       0.40       0.40       0.47       0.43       0.24       0.29       0.47       0.62
       0.19       0.41       0.73       0.79       0.42       0.11       0.19       0.36       0.41
       0.28       0.33       0.29       0.32       0.22       0.08       0.21       0.34       0.35
       0.34       0.36       0.33       0.30       0.20       0.08       0.10       0.23       0.27
       0.32       0.39       0.38       0.36       0.22       0.11       0.07       0.14       0.14
       0.18       0.30       0.39       0.38       0.33       0.26       0.23       0.12       0.12
       0.13       0.21       0.34       0.39       0.41       0.36       0.39       0.19       0.10
    691200    9   13
       0.67       0.63       0.33       0.18       0.11       0.05       0.13       0.38       0.60
       0.32       0.71       0.50       0.24       0.17       0.08       0.11       0.48       0.46
       0.20       0.32       0.49       0.49       0.49       0.27       0.52       0.53       0.39
       0.18       0.25       0.45       0.68       0.56       0.30       0.65       0.69       0.45
       0.31       0.40       0.57       0.67       0.56       0.16       0.34       0.62       0.74
       0.44       0.43       0.44       0.49       0.46       0.16       0.16       0.45       0.67
       0.45       0.47       0.39       0.52       0.37       0.16       0.15       0.31       0.33
       0.31       0.58       0.69       0.46       0.42       0.25       0.17       0.27       0.80
       0.12       0.65       0.58       0.27       0.17       0.38       0.48       0.69       0.77
       0.06       0.13       0.19       0.36       0.31       0.11       0.24       0.35       0.21
       0.04       0.04       0.15       0.34       0.19       0.06       0.03       0.03       0.05
       0.10       0.09       0.14       0.30       0.23       0.16       0.14       0.04       0.02
       0.07       0.08       0.10       0.19       0.30       0.27       0.25       0.05       0.04
    777600    9   13
       0.19       0.23       0.40       0.56       0.56       0.47       0.53       0.64       0.45
       0.43       0.46       0.64       0.76       0.61       0.70       0.81       0.76       0.83
       0.64       0.50       0.78       0.75       0.67       1.42       2.04       2.24       2.38
       0.53       0.30       0.45       0.80       1.04       1.79       2.50       4.63       3.97
       0.29       0.10       0.16       0.63       0.78       1.35       2.51       3.90       2.52
       0.15       0.09       0.15       0.36       0.70       1.04       1.98       2.32       1.81
       0.25       0.13       0.42       0.62       1.12       1.09       1.07       0.95       0.90
       0.43       0.30       0.49       0.48       0.70       0.80       0.79       0.53       0.48
       0.27       0.29       0.22       0.21       0.36       0.45       0.48       0.35       0.43
       0.11       0.16       0.20       0.29       0.19       0.29       0.39       0.44       0.65
       0.48       0.27       0.28       0.40       0.13       0.07       0.32       0.40       0.43
       0.53       0.42       0.28       0.43       0.26       0.15       0.24       0.25       0.26
       0.40       0.31       0.16       0.35       0.34       0.16       0.08       0.06       0.14
    864000    9   13
       0.09       0.05       0.12       0.11       0.07       0.05       0.06       0.10       0.09
       0.14       0.05       0.16       0.15       0.13       0.10       0.12       0.21       0.21
       0.16       0.09       0.22       0.21       0.28       0.33       0.34       0.23       0.47
       0.23       0.15       0.26       0.41       0.46       0.35       0.28       0.27       0.65
       0.29       0.19       0.24       0.43       0.54       0.40       0.39       0.49       0.89
       0.42       0.22       0.29       0.35       0.41       0.59       0.73       0.80       1.07
       0.26       0.25       0.42       0.42       0.73       0.80       0.69       0.76       0.94
       0.29       0.33       0.47       0.42       0.52       0.59       0.67       0.70       0.82
       0.33       0.45       0.54       0.55       0.54       0.55       0.60       0.64       1.00
       0.39       0.61       0.58       0.54       0.51       0.52       0.57       0.77       0.85
       0.47       0.67       0.65       0.58       0.56       0.48       0.43       0.84       0.98
       0.66       0.68       0.64       0.60       0.64       0.59       0.42       0.42       0.58
       0.71       0.54       0.40       0.41       0.63       0.57       0.38       0.18       0.13
    950400    9   13
       0.21       0.07       0.26       0.31       0.31       0.45       0.67       0.73       0.57
       0.13       0.10       0.21       0.35       0.28       0.39       0.83       0.87       0.53
       0.22       0.20       0.24       0.33       0.14       0.38       0.90       0.81       0.87
       0.20       0.18       0.26       0.56       0.37       0.29       0.46       0.57       0.91
       0.19       0.19       0.28       0.58       0.59       0.27       0.36       0.63       0.92
       0.21       0.19       0.22       0.42       0.59       0.36       0.27       0.55       0.86
       0.25       0.23       0.21       0.32       0.45       0.30       0.14       0.26       0.43
       0.15       0.16       0.36       0.32       0.33       0.19       0.13       0.22       0.28
       0.10       0.23       0.36       0.32       0.18       0.10       0.20       0.24       0.20
       0.35       0.48       0.38       0.32       0.25       0.10       0.07       0.06       0.03
       0.48       0.51       0.43       0.33       0.34       0.22       0.07       0.05       0.03
       0.36       0.38       0.41       0.32       0.31       0.37       0.26       0.15       0.11
       0.17       0.21       0.17       0.20       0.34       0.34       0.29       0.15       0.11
   1036800    9   13
       0.09       0.01       0.04       0.12       0.10       0.07       0.24       0.30       0.12
       0.14       0.02       0.07       0.14       0.06       0.09       0.22       0.19       0.16
       0.19       0.09       0.14       0.23       0.10       0.11       0.16       0.14       0.31
       0.11       0.14       0.29       0.34       0.35       0.25       0.10       0.21       0.49
       0.06       0.14       0.34       0.41       0.33       0.33       0.19       0.27       0.59
       0.05       0.09       0.20       0.30       0.23       0.18       0.19       0.24       0.49
       0.07       0.09       0.17       0.20       0.17       0.13       0.13       0.14       0.32
       0.08       0.11       0.25       0.09       0.08       0.05       0.07       0.12       0.26
       0.18       0.28       0.24       0.18       0.12       0.04       0.05       0.09       0.17
       0.34       0.30       0.24       0.22       0.19       0.10       0.04       0.07       0.17
       0.37       0.38       0.51       0.48       0.30       0.13       0.07       0.09       0.19
       0.44       0.49       0.64       0.75       0.61       0.46       0.33       0.16       0.21
       0.42       0.37       0.52       0.63       0.80       0.84       0.51       0.32       0.36
   1123200    9   13
       0.50       0.45       0.99       1.05       0.82       0.65       0.87       1.14       0.88
       0.48       0.63       1.69       1.43       0.92       0.93       1.03       0.95       0.81
       0.22       0.21       0.72       0.60       0.36       0.67       0.70       0.62       0.79
       0.11       0.06       0.32       0.41       0.24       0.32       0.48       0.48       0.49
       0.22       0.16       0.32       0.42       0.35       0.17       0.32       0.38       0.52
       0.14       0.13       0.31       0.27       0.35       0.34       0.41       0.39       0.45
       0.08       0.16       0.24       0.20       0.27       0.23       0.22       0.27       0.35
       0.09       0.14       0.27       0.42       0.44       0.31       0.25       0.21       0.16
       0.65       0.85       0.86       0.76       0.58       0.35       0.34       0.32       0.23
       2.38       1.73       1.34       1.17       1.15       0.71       0.39       0.38       0.42
       3.35       2.33       2.16       2.09       1.93       1.26       0.72       0.57       0.50
       2.16       1.89       1.81       2.09       2.16       1.65       1.10       0.91       0.89
       1.02       1.50       1.34       1.37       2.19       2.40       1.49       1.07       1.11
   1209600    9   13
       0.42       0.31       0.39       0.47       0.30       0.21       0.29       0.34       0.36
       0.36       0.30       0.38       0.47       0.31       0.35       0.52       0.40       0.26
       0.43       0.41       0.40       0.43       0.29       0.34       0.39       0.15       0.24
       0.22       0.26       0.37       0.47       0.35       0.16       0.20       0.17       0.24
       0.17       0.17       0.35       0.47       0.39       0.16       0.15       0.23       0.24
       0.19       0.16       0.31       0.37       0.36       0.27       0.25       0.26       0.32
       0.09       0.16       0.30       0.21       0.24       0.24       0.20       0.20       0.29
       0.06       0.11       0.20       0.07       0.10       0.12       0.14       0.19       0.25
       0.18       0.23       0.32       0.23       0.12       0.04       0.04       0.02       0.05
       0.43       0.35       0.30       0.29       0.31       0.17       0.07       0.03       0.05
       0.49       0.38       0.30       0.26       0.21       0.12       0.08       0.06       0.03
       0.74       0.57       0.38       0.32       0.27       0.14       0.11       0.10       0.04
       0.32       0.25       0.22       0.21       0.30       0.25       0.17       0.05       0.04
   1296000    9   13
       0.17       0.10       0.07       0.05       0.07       0.04       0.02       0.02       0.03
       0.09       0.08       0.05       0.12       0.10       0.03       0.02       0.02       0.01
       0.20       0.16       0.11       0.18       0.10       0.03       0.03       0.02       0.04
       0.29       0.23       0.20       0.35       0.30       0.12       0.07       0.08       0.22
       0.26       0.26       0.28       0.43       0.41       0.17       0.06       0.13       0.17
       0.28       0.25       0.18       0.38       0.32       0.13       0.03       0.08       0.08
       0.15       0.17       0.09       0.24       0.25       0.06       0.02       0.05       0.03
       0.25       0.17       0.18       0.14       0.10       0.04       0.02       0.03       0.01
       0.19       0.20       0.19       0.14       0.02       0.01       0.02       0.02       0.02
       0.20       0.18       0.14       0.11       0.06       0.02       0.03       0.01       0.01
       0.07       0.10       0.12       0.20       0.08       0.02       0.01       0.02       0.02
       0.04       0.05       0.13       0.24       0.15       0.04       0.04       0.01       0.00
       0.02       0.04       0.07       0.09       0.10       0.04       0.04       0.01       0.00
