         0    9   13
       0.27       0.31       0.31       0.13       0.11       0.08       0.08       0.08       0.01
       0.30       0.24       0.14       0.17       0.11       0.15       0.11       0.13       0.01
       0.13       0.11       0.13       0.29       0.12       0.24       0.24       0.03       0.14
       0.10       0.08       0.29       0.28       0.17       0.22       0.25       0.13       0.33
       0.05       0.08       0.35       0.24       0.12       0.12       0.11       0.20       0.40
       0.06       0.11       0.21       0.16       0.08       0.10       0.10       0.19       0.40
       0.02       0.03       0.03       0.04       0.07       0.09       0.11       0.28       0.48
       0.02       0.01       0.08       0.05       0.04       0.08       0.04       0.26       0.32
       0.00       0.05       0.07       0.04       0.10       0.14       0.07       0.20       0.28
       0.01       0.01       0.06       0.19       0.43       0.21       0.05       0.17       0.32
       0.02       0.07       0.29       0.59       0.56       0.36       0.27       0.08       0.15
       0.09       0.27       0.39       0.56       0.20       0.37       0.42       0.24       0.12
       0.05       0.08       0.33       0.42       0.30       0.44       0.30       0.30       0.07
     86400    9   13
       0.51       0.47       0.47       0.29       0.30       0.25       0.30       0.52       0.28
       0.38       0.26       0.35       0.29       0.20       0.28       0.53       0.52       0.32
       0.19       0.16       0.19       0.29       0.33       0.34       0.49       0.43       0.65
       0.18       0.29       0.34       0.22       0.48       0.37       0.48       0.62       0.80
       0.27       0.26       0.37       0.20       0.47       0.43       0.53       0.87       1.02
       0.27       0.16       0.17       0.12       0.26       0.42       0.41       0.60       0.88
       0.10       0.07       0.17       0.17       0.29       0.40       0.47       0.43       0.70
       0.26       0.13       0.22       0.22       0.22       0.22       0.29       0.49       0.64
       0.31       0.29       0.31       0.21       0.16       0.14       0.13       0.39       0.53
       0.31       0.45       0.45       0.34       0.26       0.22       0.16       0.28       0.40
       0.14       0.19       0.43       0.54       0.32       0.30       0.26       0.23       0.41
       0.03       0.05       0.21       0.40       0.28       0.40       0.47       0.14       0.21
       0.01       0.02       0.12       0.31       0.27       0.39       0.57       0.20       0.15
    172800    9   13
       0.22       0.19       0.24       0.28       0.27       0.30       0.52       0.40       0.14
       0.35       0.32       0.28       0.32       0.26       0.30       0.55       0.26       0.20
       0.49       0.34       0.34       0.40       0.48       0.45       0.34       0.18       0.44
       0.38       0.32       0.39       0.38       0.53       0.41       0.33       0.28       0.35
       0.32       0.26       0.31       0.37       0.52       0.43       0.51       0.44       0.35
       0.50       0.37       0.30       0.32       0.51       0.51       0.52       0.36       0.40
       0.59       0.39       0.27       0.33       0.49       0.46       0.43       0.42       0.59
       0.60       0.37       0.43       0.42       0.47       0.41       0.41       0.54       0.72
       0.48       0.67       0.60       0.53       0.66       0.44       0.35       0.57       0.66
       0.50       0.67       0.64       0.70       0.56       0.48       0.39       0.75       0.97
       0.52       0.53       0.56       0.60       0.43       0.54       0.80       0.62       0.83
       0.38       0.34       0.66       0.49       0.39       0.67       0.81       0.47       0.97
       0.25       0.15       0.32       0.23       0.49       0.61       0.99       0.76       0.30
    259200    9   13
       0.15       0.10       0.20       0.24       0.38       0.61       0.42       0.22       0.11
       0.14       0.14       0.38       0.27       0.41       0.83       0.65       0.22       0.08
       0.22       0.29       0.52       0.23       0.45       1.00       0.41       0.10       0.25
       0.55       0.70       0.82       0.33       0.58       0.53       0.26       0.17       0.28
       0.59       0.39       0.56       0.45       0.61       0.38       0.24       0.31       0.43
       0.23       0.33       0.42       0.21       0.44       0.37       0.22       0.23       0.40
       0.53       0.45       0.53       0.34       0.49       0.58       0.29       0.17       0.39
       0.40       0.62       0.76       0.43       0.43       0.49       0.45       0.18       0.15
       0.74       0.98       0.63       0.43       0.50       0.59       0.46       0.35       0.17
       0.93       0.72       0.64       0.54       0.68       0.57       0.49       0.41       0.42
       1.01       0.66       1.15       0.87       0.70       0.51       0.52       0.53       0.56
       1.29       0.84       0.79       0.78       0.60       0.31       0.26       0.46       0.65
       0.92       0.84       0.90       0.72       0.78       0.35       0.34       0.41       0.65
    345600    9   13
       0.18       0.26       0.47       0.28       0.09       0.11       0.32       0.30       0.27
       0.22       0.20       0.43       0.20       0.07       0.39       0.50       0.38       0.31
       0.12       0.24       0.51       0.30       0.19       0.48       0.43       0.16       0.36
       0.13       0.33       0.57       0.38       0.25       0.36       0.40       0.27       0.33
       0.14       0.25       0.42       0.53       0.44       0.36       0.26       0.24       0.30
       0.21       0.37       0.39       0.51       0.57       0.40       0.27       0.15       0.11
       0.43       0.97       0.56       0.55       0.61       0.48       0.33       0.25       0.12
       0.99       2.14       0.86       0.40       0.38       0.37       0.37       0.25       0.27
       0.85       1.23       0.44       0.28       0.26       0.37       0.39       0.35       0.47
       0.74       0.72       0.63       0.39       0.47       0.53       0.62       0.54       0.46
       1.03       0.68       0.70       0.45       0.50       0.58       0.63       0.54       0.50
       0.85       0.63       0.64       0.62       0.53       0.36       0.28       0.45       0.55
       0.81       0.54       0.46       0.68       0.61       0.22       0.31       0.51       0.55
    432000    9   13
       0.87       0.67       0.83       0.99       0.60       0.57       0.53       0.40       0.11
       0.88       0.61       0.58       0.58       0.28       0.36       0.49       0.51       0.15
       0.60       0.64       0.73       0.48       0.15       0.16       0.26       0.21       0.30
       0.69       0.60       0.85       0.49       0.24       0.15       0.07       0.22       0.33
       0.59       0.40       0.50       0.46       0.38       0.18       0.12       0.32       0.58
       0.39       0.36       0.62       0.35       0.30       0.32       0.43       0.45       0.60
       0.27       0.18       0.29       0.31       0.34       0.66       0.77       0.67       0.62
       0.34       0.13       0.22       0.35       0.53       0.63       0.72       0.52       0.42
       0.36       0.32       0.27       0.35       0.51       0.42       0.60       0.54       0.47
       0.53       0.44       0.46       0.58       0.71       0.66       0.67       0.64       0.56
       0.22       0.49       0.58       0.46       0.55       0.61       0.70       0.54       0.51
       0.33       0.73       0.82       0.54       0.64       0.53       0.49       0.55       0.55
       0.19       0.48       0.91       0.77       0.80       0.53       0.54       0.57       0.43
    518400    9   13
       0.91       0.80       0.82       0.64       0.49       0.43       0.55       0.54       0.32
       0.85       0.67       0.65       0.43       0.25       0.20       0.31       0.34       0.15
       0.71       0.58       0.50       0.43       0.17       0.09       0.24       0.30       0.11
       0.59       0.46       0.30       0.37       0.14       0.07       0.05       0.05       0.08
       0.33       0.25       0.12       0.09       0.13       0.05       0.03       0.01       0.02
       0.11       0.07       0.05       0.05       0.06       0.01       0.01       0.01       0.02
       0.05       0.06       0.05       0.08       0.05       0.01       0.02       0.03       0.03
       0.10       0.08       0.04       0.13       0.10       0.04       0.05       0.14       0.08
       0.06       0.06       0.14       0.28       0.13       0.12       0.22       0.17       0.12
       0.07       0.15       0.35       0.21       0.07       0.14       0.28       0.20       0.07
       0.08       0.24       0.29       0.16       0.08       0.22       0.36       0.27       0.06
       0.07       0.12       0.23       0.15       0.08       0.27       0.46       0.40       0.34
       0.04       0.06       0.21       0.15       0.27       0.51       0.34       0.48       0.67
    604800    9   13
       0.46       0.35       0.22       0.36       0.36       0.29       0.24       0.21       0.28
       0.42       0.29       0.44       0.65       0.28       0.13       0.15       0.14       0.18
       0.39       0.18       0.40       0.80       0.32       0.11       0.08       0.08       0.12
       0.51       0.19       0.33       0.69       0.37       0.20       0.08       0.04       0.05
       0.52       0.16       0.21       0.40       0.31       0.16       0.08       0.05       0.04
       0.30       0.12       0.11       0.22       0.29       0.13       0.10       0.09       0.04
       0.17       0.08       0.12       0.24       0.25       0.12       0.05       0.05       0.04
       0.07       0.07       0.12       0.12       0.09       0.10       0.03       0.02       0.01
       0.05       0.05       0.08       0.07       0.03       0.01       0.03       0.05       0.02
       0.01       0.06       0.09       0.09       0.05       0.01       0.01       0.01       0.00
       0.03       0.10       0.04       0.04       0.02       0.04       0.03       0.05       0.10
       0.01       0.06       0.04       0.03       0.05       0.07       0.06       0.24       0.37
       0.00       0.01       0.02       0.03       0.05       0.10       0.08       0.18       0.33
    691200    9   13
       0.15       0.16       0.09       0.06       0.05       0.07       0.12       0.17       0.07
       0.26       0.54       0.30       0.07       0.04       0.05       0.11       0.19       0.13
       0.16       0.26       0.28       0.13       0.03       0.11       0.14       0.14       0.10
       0.04       0.06       0.10       0.11       0.04       0.09       0.11       0.08       0.12
       0.05       0.03       0.09       0.04       0.03       0.04       0.06       0.04       0.07
       0.10       0.07       0.04       0.03       0.02       0.04       0.03       0.04       0.06
       0.06       0.09       0.02       0.01       0.02       0.04       0.02       0.01       0.03
       0.04       0.06       0.07       0.01       0.02       0.03       0.02       0.02       0.01
       0.09       0.07       0.12       0.01       0.01       0.01       0.00       0.00       0.00
       0.04       0.03       0.02       0.04       0.05       0.01       0.08       0.05       0.01
       0.00       0.00       0.03       0.14       0.13       0.04       0.05       0.04       0.01
       0.02       0.00       0.01       0.07       0.03       0.00       0.01       0.01       0.01
       0.04       0.01       0.00       0.02       0.14       0.07       0.04       0.05       0.06
    777600    9   13
       0.15       0.21       0.29       0.12       0.04       0.04       0.07       0.13       0.04
       0.15       0.25       0.17       0.08       0.02       0.04       0.05       0.10       0.10
       0.07       0.22       0.16       0.07       0.04       0.03       0.04       0.05       0.13
       0.08       0.26       0.27       0.09       0.12       0.04       0.08       0.10       0.13
       0.24       0.28       0.38       0.21       0.17       0.04       0.27       0.24       0.21
       0.19       0.27       0.42       0.32       0.26       0.05       0.11       0.07       0.10
       0.07       0.06       0.28       0.33       0.13       0.02       0.02       0.06       0.07
       0.04       0.02       0.09       0.12       0.05       0.01       0.01       0.03       0.08
       0.03       0.11       0.07       0.03       0.01       0.01       0.00       0.03       0.02
       0.05       0.08       0.01       0.01       0.00       0.05       0.02       0.04       0.02
       0.11       0.09       0.02       0.00       0.00       0.04       0.04       0.02       0.00
       0.07       0.05       0.02       0.01       0.01       0.02       0.02       0.00       0.00
       0.00       0.01       0.02       0.02       0.07       0.05       0.01       0.00       0.02
    864000    9   13
       0.13       0.32       0.35       0.29       0.21       0.18       0.20       0.12       0.29
       0.12       0.31       0.52       0.39       0.10       0.17       0.16       0.11       0.24
       0.08       0.17       0.40       0.56       0.19       0.15       0.14       0.22       0.26
       0.04       0.10       0.26       0.33       0.22       0.14       0.09       0.27       0.32
       0.07       0.09       0.20       0.42       0.51       0.14       0.07       0.08       0.12
       0.36       0.16       0.25       0.39       0.31       0.06       0.06       0.02       0.03
       0.47       0.15       0.08       0.17       0.06       0.03       0.01       0.00       0.01
       0.38       0.18       0.07       0.02       0.01       0.04       0.03       0.01       0.01
       0.67       0.65       0.26       0.07       0.10       0.14       0.15       0.13       0.14
       0.34       0.37       0.22       0.06       0.09       0.19       0.19       0.11       0.06
       0.14       0.12       0.16       0.05       0.02       0.04       0.11       0.08       0.09
       0.09       0.03       0.08       0.11       0.07       0.06       0.07       0.04       0.06
       0.04       0.02       0.01       0.04       0.06       0.18       0.09       0.02       0.00
    950400    9   13
       0.78       0.92       0.91       0.86       0.97       1.16       1.28       1.21       1.11
       0.92       0.85       0.77       0.68       0.84       1.07       1.07       1.30       1.10
       0.78       0.82       0.71       0.81       0.91       0.99       1.67       1.76       1.50
       0.27       0.38       0.74       1.23       1.26       1.39       2.04       1.47       1.64
       0.11       0.24       0.61       0.82       1.10       1.17       1.02       0.66       0.66
       0.35       0.17       0.21       0.28       0.42       0.49       0.50       0.75       0.50
       0.33       0.17       0.14       0.18       0.25       0.33       0.29       0.43       0.43
       0.09       0.14       0.23       0.27       0.38       0.45       0.46       0.29       0.24
       0.03       0.06       0.19       0.27       0.39       0.35       0.39       0.25       0.12
       0.12       0.13       0.15       0.24       0.22       0.17       0.18       0.12       0.11
       0.09       0.14       0.27       0.28       0.08       0.04       0.08       0.10       0.16
       0.01       0.13       0.30       0.38       0.22       0.11       0.05       0.08       0.17
       0.00       0.07       0.24       0.26       0.23       0.26       0.16       0.05       0.07
   1036800    9   13
       1.16       1.20       1.05       0.55       0.62       0.60       1.07       1.55       0.77
       0.79       1.31       1.47       0.92       0.61       0.58       1.18       1.27       1.00
       0.82       1.02       0.83       0.68       0.44       0.68       1.08       1.02       1.58
       0.63       0.60       0.51       0.55       0.53       0.73       0.79       0.53       0.71
       0.62       0.49       0.40       0.57       0.49       0.54       0.38       0.28       0.36
       0.79       0.73       0.37       0.33       0.32       0.33       0.23       0.38       0.38
       0.45       0.55       0.29       0.24       0.18       0.21       0.20       0.21       0.21
       0.19       0.25       0.23       0.17       0.15       0.21       0.31       0.32       0.19
       0.41       0.29       0.24       0.27       0.29       0.42       0.50       0.22       0.07
       0.36       0.17       0.19       0.28       0.35       0.29       0.18       0.08       0.06
       0.17       0.09       0.12       0.18       0.13       0.04       0.08       0.19       0.24
       0.03       0.07       0.12       0.07       0.03       0.02       0.04       0.12       0.39
       0.02       0.08       0.16       0.07       0.11       0.05       0.03       0.09       0.33
   1123200    9   13
       0.33       0.34       0.38       0.36       0.31       0.36       0.49       0.42       0.34
       0.32       0.35       0.40       0.41       0.35       0.45       0.66       0.63       0.51
       0.26       0.23       0.33       0.37       0.34       0.56       0.93       0.64       0.60
       0.14       0.17       0.30       0.53       0.49       0.42       0.61       0.42       0.60
       0.08       0.17       0.25       0.48       0.57       0.39       0.47       0.66       0.94
       0.07       0.05       0.17       0.33       0.48       0.43       0.45       0.67       1.03
       0.12       0.13       0.13       0.27       0.36       0.43       0.53       0.38       0.48
       0.14       0.17       0.24       0.30       0.16       0.06       0.20       0.30       0.26
       0.22       0.37       0.33       0.20       0.08       0.13       0.35       0.43       0.35
       0.14       0.20       0.28       0.18       0.10       0.23       0.42       0.57       0.55
       0.01       0.04       0.17       0.21       0.18       0.20       0.21       0.67       0.67
       0.00       0.05       0.18       0.28       0.17       0.14       0.17       0.48       0.56
       0.02       0.14       0.35       0.50       0.40       0.60       0.39       0.48       0.54
   1209600    9   13
       0.54       0.60       0.84       0.82       0.60       0.45       0.58       0.52       0.38
       0.66       0.42       0.44       0.53       0.46       0.57       0.70       0.52       0.42
       0.51       0.27       0.33       0.35       0.26       0.51       0.57       0.37       0.52
       0.26       0.24       0.43       0.69       0.49       0.51       0.52       0.50       0.45
       0.41       0.45       0.55       0.95       0.58       0.43       0.51       0.57       0.49
       0.69       0.70       0.47       0.43       0.46       0.46       0.61       0.65       0.62
       0.35       0.40       0.23       0.20       0.34       0.34       0.51       0.25       0.18
       0.10       0.28       0.42       0.20       0.17       0.33       0.55       0.32       0.27
       0.07       0.20       0.40       0.28       0.22       0.56       0.59       0.49       0.37
       0.10       0.23       0.34       0.37       0.56       1.11       0.97       0.64       0.45
       0.09       0.36       0.56       0.88       1.07       0.96       0.76       0.63       0.71
       0.26       0.84       1.04       1.27       1.14       0.88       0.39       0.21       0.20
       0.83       1.20       1.44       1.52       1.38       1.04       0.49       0.48       0.27
   1296000    9   13
       0.67       1.54       1.69       0.88       0.69       0.61       0.43       0.26       0.13
       0.62       0.71       0.85       0.55       0.45       0.31       0.40       0.32       0.28
       0.70       0.53       0.61       0.29       0.14       0.26       0.33       0.39       0.41
       0.43       0.22       0.34       0.26       0.14       0.18       0.12       0.18       0.33
       0.38       0.29       0.29       0.35       0.31       0.09       0.08       0.16       0.36
       0.34       0.40       0.36       0.16       0.20       0.02       0.20       0.24       0.29
       0.22       0.30       0.28       0.08       0.03       0.08       0.31       0.22       0.23
       0.15       0.25       0.32       0.13       0.02       0.11       0.30       0.26       0.30
       0.12       0.18       0.18       0.14       0.09       0.32       0.31       0.15       0.12
       0.15       0.15       0.15       0.21       0.24       0.30       0.08       0.10       0.11
       0.11       0.18       0.25       0.25       0.09       0.05       0.12       0.10       0.14
       0.06       0.10       0.14       0.25       0.08       0.09       0.16       0.13       0.09
       0.07       0.05       0.08       0.20       0.25       0.17       0.15       0.20       0.09
