         0      9     13
        0.04         0.11         0.18         0.21         0.38         0.52         0.94         0.79         0.37
        0.03         0.06         0.07         0.23         0.42         0.48         0.52         0.60         0.46
        0.06         0.12         0.09         0.23         0.39         0.39         0.40         0.27         0.45
        0.05         0.13         0.19         0.37         0.53         0.43         0.35         0.33         0.58
        0.14         0.20         0.24         0.44         0.43         0.67         0.42         0.25         0.56
        0.16         0.21         0.25         0.44         0.31         0.50         0.59         0.37         0.54
        0.09         0.09         0.12         0.24         0.33         0.55         0.54         0.29         0.60
        0.06         0.06         0.12         0.22         0.35         0.44         0.21         0.10         0.14
        0.15         0.19         0.24         0.23         0.44         0.23         0.10         0.09         0.25
        0.28         0.36         0.22         0.13         0.14         0.21         0.19         0.06         0.19
        0.09         0.09         0.09         0.08         0.05         0.10         0.14         0.14         0.09
        0.04         0.02         0.02         0.02         0.05         0.01         0.06         0.12         0.04
        0.00         0.00         0.03         0.11         0.08         0.04         0.14         0.12         0.03
     86400      9     13
        1.34         1.60         2.80         1.37         1.55         1.04         0.50         0.58         0.61
        0.93         0.83         0.81         0.54         0.42         0.52         0.54         0.59         0.74
        0.96         0.84         0.93         1.19         0.97         0.87         0.52         0.34         0.54
        0.86         0.95         1.07         1.27         1.38         1.43         0.96         0.67         1.00
        1.08         1.29         1.52         1.46         1.41         1.25         0.79         0.65         0.68
        0.87         1.28         1.68         1.19         1.11         0.76         0.40         0.47         0.49
        0.64         0.84         0.73         0.63         0.75         0.55         0.34         0.32         0.33
        0.60         0.73         0.63         0.57         0.48         0.40         0.54         0.26         0.16
        0.51         0.77         0.66         0.62         0.35         0.30         0.33         0.31         0.27
        0.52         0.66         0.68         0.50         0.27         0.21         0.19         0.44         0.77
        0.40         0.43         0.44         0.30         0.12         0.19         0.30         0.55         0.69
        0.30         0.24         0.22         0.21         0.14         0.10         0.08         0.33         0.54
        0.10         0.10         0.23         0.24         0.31         0.08         0.15         0.38         0.31
    172800      9     13
        0.75         0.81         1.14         0.79         1.42         0.55         1.05         1.46         0.68
        0.40         0.49         1.50         1.28         0.79         0.59         0.35         0.70         0.87
        0.26         0.61         2.86         3.69         2.18         1.03         0.42         0.31         0.60
        0.73         1.38         1.93         1.38         0.76         0.29         0.22         0.34         0.69
        1.09         1.06         1.03         0.90         0.41         0.17         0.33         0.51         0.49
        0.35         0.43         0.49         0.49         0.36         0.27         0.51         0.60         0.59
        0.16         0.16         0.12         0.41         0.52         0.51         0.62         0.67         0.63
        0.25         0.29         0.25         0.48         0.60         0.51         0.56         0.61         0.61
        0.49         0.51         0.52         0.59         0.47         0.51         0.69         0.79         0.83
        0.60         0.61         0.60         0.53         0.45         0.61         0.70         0.89         0.94
        0.48         0.72         0.73         0.58         0.41         0.50         0.51         0.90         0.81
        0.21         0.53         0.71         0.62         0.32         0.35         0.45         0.70         0.76
        0.00         0.13         0.48         0.56         0.38         0.63         0.39         0.57         0.64
    259200      9     13
        0.59         0.44         0.66         0.47         0.40         0.38         0.52         0.60         0.45
        0.43         0.22         0.31         0.33         0.26         0.34         0.50         0.43         0.34
        0.62         0.67         0.40         0.36         0.23         0.37         0.39         0.30         0.29
        1.00         0.86         0.56         0.62         0.42         0.43         0.46         0.37         0.39
        0.75         0.70         0.63         0.78         0.41         0.29         0.48         0.47         0.34
        0.54         0.41         0.45         0.61         0.37         0.27         0.55         0.48         0.26
        0.21         0.22         0.26         0.47         0.34         0.31         0.50         0.40         0.35
        0.17         0.24         0.33         0.32         0.23         0.26         0.43         0.38         0.32
        0.36         0.36         0.32         0.18         0.17         0.22         0.23         0.24         0.28
        0.41         0.24         0.17         0.06         0.06         0.14         0.11         0.09         0.12
        0.12         0.05         0.07         0.06         0.04         0.05         0.04         0.16         0.14
        0.01         0.01         0.03         0.06         0.04         0.03         0.03         0.15         0.09
        0.06         0.07         0.05         0.08         0.10         0.20         0.04         0.05         0.05
    345600      9     13
        0.74         0.76         0.89         0.78         0.78         0.74         0.71         0.62         0.66
        0.92         0.72         0.69         0.67         0.61         0.74         0.71         0.73         0.63
        0.95         0.91         0.48         0.46         0.35         0.62         0.64         0.61         0.87
        0.80         0.80         0.51         0.56         0.41         0.44         0.60         0.72         0.94
        0.46         0.50         0.59         0.91         0.54         0.28         0.62         0.77         0.99
        0.46         0.47         0.60         0.85         0.60         0.33         0.46         0.72         0.89
        0.16         0.22         0.24         0.55         0.38         0.35         0.39         0.41         0.44
        0.10         0.18         0.21         0.17         0.07         0.09         0.17         0.17         0.24
        0.11         0.09         0.09         0.02         0.01         0.05         0.07         0.17         0.34
        0.07         0.06         0.03         0.01         0.03         0.09         0.10         0.15         0.20
        0.02         0.02         0.02         0.06         0.11         0.08         0.10         0.41         0.39
        0.00         0.01         0.07         0.21         0.11         0.24         0.19         0.43         0.51
        0.00         0.01         0.14         0.31         0.26         0.36         0.18         0.24         0.28
    432000      9     13
        0.88         1.19         1.15         1.11         1.02         0.95         0.96         0.95         0.77
        1.14         1.28         1.25         1.14         0.98         0.96         1.16         1.23         1.07
        1.54         1.51         1.19         1.09         1.03         1.29         1.45         1.64         1.80
        1.04         1.48         1.43         1.36         1.12         1.30         1.57         1.89         2.61
        1.19         1.04         1.31         1.40         1.30         1.76         1.56         1.99         4.30
        1.70         1.47         1.23         1.19         1.74         2.80         2.16         1.70         3.67
        0.67         1.01         1.02         1.24         1.83         2.01         1.42         1.42         2.08
        0.53         0.80         0.98         1.16         1.42         1.46         1.06         1.23         1.24
        0.51         0.51         0.53         0.58         0.89         1.31         1.12         1.03         1.09
        0.50         0.26         0.17         0.38         0.54         1.11         1.00         0.92         1.14
        0.22         0.10         0.13         0.45         0.50         0.81         0.87         1.00         1.05
        0.01         0.03         0.15         0.30         0.25         0.46         0.52         0.80         1.25
        0.10         0.18         0.35         0.40         0.48         0.85         0.65         0.55         0.65
    518400      9     13
        0.51         0.40         0.34         0.41         0.28         0.44         0.71         0.84         0.72
        0.53         0.44         0.30         0.48         0.76         0.51         0.69         0.70         0.68
        0.63         0.51         0.48         0.72         0.88         0.68         0.58         0.53         0.63
        0.62         0.53         0.49         0.62         1.71         2.53         0.57         0.46         0.33
        0.57         0.44         0.48         0.78         1.56         2.18         0.49         0.52         0.99
        0.97         0.37         0.44         1.29         2.90         2.01         0.48         0.45         1.40
        1.37         0.57         0.45         0.82         1.48         1.04         0.42         0.33         0.52
        1.73         0.92         0.84         0.69         0.73         0.67         0.62         0.59         0.57
        1.28         1.15         0.75         0.58         0.55         0.72         0.86         0.70         0.63
        1.05         1.17         0.77         0.61         0.77         0.86         0.83         0.68         0.78
        0.84         0.84         0.78         0.65         0.74         0.75         0.69         0.66         0.60
        0.40         0.63         0.69         0.67         0.89         0.98         0.54         0.61         0.85
        0.37         0.67         0.85         1.06         1.29         0.93         0.48         0.93         1.10
    604800      9     13
        0.55         0.41         0.69         0.68         0.48         0.60         0.83         0.53         0.40
        0.37         0.33         0.51         0.53         0.44         0.74         0.86         0.45         0.37
        0.43         0.37         0.42         0.36         0.33         0.62         0.59         0.38         0.48
        0.38         0.27         0.33         0.38         0.29         0.40         0.48         0.43         0.41
        0.36         0.31         0.38         0.42         0.30         0.33         0.45         0.48         0.49
        0.40         0.37         0.38         0.42         0.35         0.32         0.51         0.46         0.44
        0.30         0.38         0.37         0.47         0.44         0.37         0.46         0.39         0.35
        0.17         0.38         0.39         0.39         0.27         0.26         0.43         0.58         0.50
        0.22         0.31         0.28         0.32         0.25         0.21         0.40         0.54         0.53
        0.27         0.20         0.13         0.24         0.28         0.21         0.24         0.43         0.59
        0.24         0.14         0.13         0.22         0.24         0.21         0.13         0.34         0.70
        0.11         0.05         0.06         0.15         0.23         0.20         0.20         0.27         0.51
        0.03         0.04         0.20         0.32         0.34         0.44         0.27         0.33         0.33
    691200      9     13
        0.57         0.23         0.39         0.27         0.18         0.14         0.40         0.36         0.17
        0.31         0.13         0.28         0.26         0.06         0.11         0.46         0.39         0.15
        0.31         0.18         0.21         0.16         0.14         0.29         0.59         0.31         0.22
        0.38         0.28         0.17         0.17         0.22         0.26         0.46         0.32         0.23
        0.64         0.34         0.36         0.37         0.32         0.18         0.32         0.40         0.50
        0.48         0.28         0.34         0.50         0.31         0.22         0.36         0.43         0.56
        0.24         0.27         0.19         0.52         0.32         0.24         0.34         0.38         0.44
        0.11         0.18         0.29         0.32         0.16         0.13         0.30         0.29         0.28
        0.15         0.35         0.42         0.33         0.12         0.10         0.33         0.47         0.43
        0.20         0.30         0.31         0.29         0.15         0.17         0.22         0.34         0.35
        0.16         0.19         0.27         0.27         0.14         0.14         0.12         0.35         0.22
        0.06         0.17         0.31         0.35         0.19         0.20         0.17         0.34         0.27
        0.14         0.36         0.50         0.47         0.43         0.58         0.27         0.13         0.24
    777600      9     13
        0.93         1.17         1.41         1.72         1.83         1.68         1.78         1.40         1.20
        0.85         0.92         1.17         1.96         3.44         4.69         3.05         1.70         1.12
        0.84         1.04         1.33         2.03         3.66         5.77         3.32         1.55         1.66
        1.13         1.50         1.99         3.13         2.70         3.12         2.42         1.97         2.72
        1.31         1.41         2.65         3.81         2.03         1.29         1.18         1.54         1.96
        1.13         1.08         1.47         2.46         1.77         0.97         0.98         1.39         1.33
        0.98         0.84         0.70         1.20         1.16         1.04         1.53         1.42         1.09
        0.84         0.83         0.63         1.02         0.97         0.85         1.50         1.84         1.16
        0.77         1.05         0.87         0.75         0.61         0.65         1.13         1.40         1.15
        0.71         0.99         0.98         0.71         0.41         0.53         0.67         0.82         0.93
        0.78         1.19         1.64         1.36         0.88         0.60         0.43         0.74         1.14
        0.20         0.31         0.69         0.94         0.76         0.74         0.66         0.73         0.93
        0.11         0.10         0.30         0.60         0.65         0.67         0.60         0.38         0.63
    864000      9     13
        0.66         0.35         0.40         0.40         0.37         0.35         0.46         0.48         0.53
        0.38         0.36         0.88         1.43         1.06         0.51         0.55         0.51         0.35
        0.42         1.43         2.52         2.07         1.41         0.82         0.62         0.43         0.40
        0.93         1.52         2.46         1.75         1.55         0.64         0.52         0.52         0.57
        1.45         1.69         2.69         2.36         1.99         0.86         0.51         0.40         0.54
        1.97         2.46         2.36         1.94         1.78         1.03         0.43         0.37         0.61
        1.70         1.97         1.60         1.36         1.92         0.95         0.30         0.27         0.38
        1.81         1.55         1.49         1.42         1.58         0.78         0.36         0.44         0.75
        1.12         1.29         1.19         1.09         1.29         1.53         1.02         0.76         0.76
        0.86         0.70         0.73         1.42         1.86         1.10         0.71         0.65         0.50
        0.55         0.67         1.28         2.57         2.47         1.49         0.76         0.53         0.51
        0.58         0.82         1.28         1.99         1.80         1.17         0.87         0.55         0.47
        1.17         1.21         0.99         0.87         0.86         0.78         0.56         0.35         0.34
    950400      9     13
        0.23         0.40         0.45         0.30         0.58         0.98         1.04         0.41         0.34
        0.30         0.25         0.45         0.59         0.75         1.33         1.08         0.47         0.43
        0.16         0.14         0.51         0.79         0.47         1.44         1.21         0.54         0.42
        0.29         0.15         0.90         1.23         0.51         1.02         0.62         0.32         0.54
        0.31         0.28         0.92         0.63         0.51         0.53         0.30         0.44         0.76
        0.43         0.55         0.51         0.29         0.57         1.14         0.64         0.68         0.90
        0.78         0.97         0.54         0.18         0.53         1.47         0.74         0.77         1.20
        0.83         1.04         1.21         0.63         0.52         0.84         0.71         0.93         1.17
        1.02         1.67         1.60         0.93         0.82         1.29         1.16         1.03         0.83
        1.38         1.72         1.10         0.98         1.47         1.66         0.98         0.65         0.68
        0.99         0.94         0.82         0.82         1.14         0.94         0.55         0.52         0.28
        0.74         0.74         0.69         0.70         0.79         0.78         0.37         0.30         0.11
        0.56         0.48         0.50         0.51         0.62         0.48         0.19         0.39         0.23
   1036800      9     13
        0.89         0.86         1.04         1.00         0.71         1.04         0.57         0.29         0.16
        0.52         0.34         0.46         0.52         0.60         0.51         0.29         0.20         0.14
        0.42         0.38         0.37         0.57         0.53         0.33         0.23         0.19         0.27
        0.54         0.57         0.51         0.71         0.50         0.31         0.27         0.23         0.30
        0.23         0.29         0.43         0.53         0.53         0.29         0.24         0.29         0.36
        0.23         0.19         0.36         0.36         0.40         0.32         0.22         0.32         0.21
        0.23         0.25         0.48         0.30         0.51         0.48         0.39         0.42         0.31
        0.23         0.37         0.57         0.37         0.51         0.46         0.42         0.38         0.33
        0.31         0.40         0.38         0.40         0.42         0.51         0.60         0.41         0.30
        0.48         0.41         0.30         0.47         0.49         0.45         0.48         0.53         0.38
        0.51         0.30         0.49         0.58         0.63         0.56         0.41         0.41         0.33
        0.54         0.41         0.44         0.60         0.64         0.49         0.47         0.59         0.46
        0.95         0.72         0.61         0.79         0.70         0.41         0.57         0.71         0.54
   1123200      9     13
        0.03         0.01         0.01         0.02         0.03         0.10         0.04         0.04         0.15
        0.02         0.01         0.01         0.02         0.07         0.13         0.06         0.11         0.27
        0.01         0.01         0.01         0.01         0.13         0.16         0.04         0.06         0.21
        0.01         0.01         0.01         0.00         0.09         0.13         0.01         0.01         0.18
        0.02         0.02         0.01         0.01         0.05         0.09         0.01         0.01         0.06
        0.03         0.06         0.02         0.01         0.01         0.03         0.01         0.00         0.01
        0.05         0.05         0.03         0.02         0.03         0.01         0.00         0.00         0.00
        0.09         0.09         0.05         0.01         0.00         0.00         0.00         0.00         0.00
        0.24         0.34         0.10         0.00         0.00         0.00         0.00         0.00         0.00
        0.21         0.19         0.06         0.04         0.02         0.00         0.00         0.00         0.00
        0.05         0.13         0.21         0.15         0.04         0.00         0.00         0.00         0.00
        0.06         0.13         0.18         0.14         0.01         0.00         0.00         0.00         0.00
        0.11         0.25         0.17         0.18         0.05         0.00         0.00         0.00         0.00
   1209600      9     13
        0.00         0.00         0.02         0.01         0.05         0.10         0.07         0.04         0.11
        0.00         0.00         0.01         0.01         0.05         0.12         0.11         0.08         0.12
        0.00         0.00         0.02         0.06         0.11         0.19         0.18         0.08         0.13
        0.00         0.00         0.02         0.09         0.23         0.26         0.21         0.18         0.20
        0.00         0.02         0.08         0.07         0.25         0.26         0.23         0.24         0.22
        0.01         0.05         0.10         0.02         0.13         0.31         0.17         0.17         0.25
        0.02         0.02         0.05         0.02         0.16         0.26         0.07         0.04         0.09
        0.00         0.03         0.09         0.01         0.06         0.04         0.02         0.02         0.02
        0.00         0.04         0.04         0.00         0.00         0.00         0.00         0.00         0.00
        0.01         0.01         0.02         0.02         0.03         0.00         0.00         0.00         0.00
        0.00         0.02         0.10         0.08         0.05         0.00         0.00         0.00         0.00
        0.02         0.01         0.11         0.11         0.05         0.02         0.02         0.00         0.00
        0.04         0.02         0.03         0.06         0.06         0.02         0.01         0.00         0.00
   1296000      9     13
        0.37         0.28         0.33         0.19         0.21         0.35         0.52         1.22         1.42
        0.17         0.17         0.34         0.16         0.18         0.22         0.21         0.19         0.15
        0.14         0.15         0.41         0.25         0.45         0.54         0.36         0.26         0.35
        0.13         0.16         0.48         0.32         0.65         1.02         0.59         0.24         0.50
        0.14         0.24         0.54         0.45         0.72         1.25         0.72         0.39         0.49
        0.30         0.46         0.65         0.49         0.55         1.17         0.80         0.46         0.51
        0.50         0.52         0.68         0.63         0.77         1.05         0.75         0.61         0.81
        0.21         0.38         0.56         0.54         0.66         0.65         0.54         0.54         0.64
        0.23         0.40         0.32         0.43         0.51         0.44         0.31         0.30         0.36
        0.23         0.18         0.33         0.50         0.51         0.44         0.22         0.28         0.44
        0.20         0.10         0.30         0.55         0.53         0.50         0.36         0.45         0.70
        0.37         0.39         0.35         0.45         0.49         0.39         0.53         0.73         0.99
        0.19         0.39         0.45         0.47         0.80         0.31         0.62         0.79         0.83