         0      9     13
        0.16         0.15         0.31         0.26         0.29         0.21         0.30         0.35         0.34
        0.11         0.24         0.31         0.35         0.19         0.17         0.30         0.42         0.47
        0.03         0.24         0.33         0.32         0.17         0.35         0.50         0.26         0.48
        0.08         0.29         0.39         0.36         0.27         0.27         0.44         0.46         0.58
        0.17         0.25         0.34         0.42         0.37         0.21         0.43         0.74         0.79
        0.26         0.23         0.23         0.38         0.42         0.21         0.35         0.77         0.66
        0.40         0.45         0.40         0.45         0.37         0.28         0.32         0.49         0.50
        0.56         0.76         0.77         0.47         0.21         0.17         0.37         0.30         0.26
        0.54         0.63         0.59         0.32         0.20         0.25         0.40         0.40         0.40
        0.53         0.41         0.28         0.14         0.06         0.16         0.26         0.25         0.20
        0.10         0.17         0.23         0.17         0.05         0.07         0.06         0.11         0.19
        0.01         0.11         0.27         0.26         0.13         0.07         0.04         0.01         0.08
        0.04         0.18         0.30         0.24         0.22         0.13         0.11         0.02         0.01
     86400      9     13
        0.45         0.44         0.82         0.77         1.00         1.09         1.21         0.85         0.69
        0.25         0.14         0.62         0.90         0.85         1.11         1.08         1.03         1.02
        0.30         0.36         0.83         0.81         0.80         1.28         1.06         0.85         0.97
        0.58         0.55         1.01         0.76         0.66         1.13         0.87         0.63         0.76
        0.53         0.36         0.61         0.66         0.46         0.98         0.72         0.67         0.87
        0.54         0.34         0.29         0.28         0.32         0.63         0.50         0.48         0.76
        0.45         0.19         0.19         0.14         0.23         0.37         0.38         0.38         0.58
        0.22         0.20         0.13         0.11         0.17         0.28         0.26         0.29         0.57
        0.13         0.11         0.14         0.09         0.11         0.32         0.27         0.30         0.51
        0.05         0.04         0.17         0.17         0.21         0.28         0.36         0.36         0.55
        0.03         0.02         0.09         0.15         0.23         0.17         0.26         0.24         0.23
        0.08         0.01         0.04         0.09         0.19         0.29         0.19         0.15         0.04
        0.13         0.02         0.01         0.16         0.38         0.47         0.21         0.13         0.01
    172800      9     13
        2.04         1.70         1.45         1.11         1.01         0.94         0.69         0.37         0.40
        1.53         1.11         1.13         1.08         0.96         1.08         0.76         0.57         0.50
        1.03         0.90         0.94         0.91         0.78         0.97         0.55         0.49         0.68
        0.67         0.68         0.85         0.95         0.82         0.85         0.69         0.58         0.46
        0.50         0.36         0.84         0.89         0.72         0.89         0.73         0.62         0.63
        0.24         0.21         0.66         0.75         0.67         0.78         0.70         0.74         0.82
        0.17         0.24         0.37         0.42         0.61         0.81         0.97         1.02         0.93
        0.13         0.27         0.36         0.32         0.44         0.80         0.97         0.92         1.03
        0.11         0.19         0.25         0.42         0.52         0.76         0.82         0.85         0.77
        0.16         0.31         0.36         0.43         0.45         0.37         0.51         0.66         0.46
        0.29         0.49         0.38         0.35         0.32         0.22         0.28         0.31         0.19
        0.45         0.55         0.42         0.38         0.39         0.11         0.05         0.02         0.00
        0.50         0.44         0.28         0.28         0.36         0.08         0.01         0.01         0.01
    259200      9     13
        0.58         0.50         0.47         0.22         0.21         0.32         0.44         0.48         0.46
        0.51         0.68         0.50         0.41         0.37         0.42         0.68         0.67         0.66
        0.36         0.37         0.19         0.31         0.25         0.47         0.87         0.50         0.64
        0.11         0.08         0.09         0.19         0.28         0.30         0.85         0.64         0.46
        0.18         0.25         0.29         0.51         0.44         0.16         0.70         0.95         0.88
        0.47         0.43         0.43         0.80         0.67         0.35         0.66         1.20         1.37
        0.24         0.18         0.33         0.50         0.51         0.55         0.67         0.88         1.26
        0.14         0.17         0.30         0.32         0.36         0.46         0.58         0.70         0.78
        0.06         0.06         0.09         0.10         0.17         0.40         0.44         0.59         0.66
        0.02         0.03         0.06         0.12         0.18         0.26         0.18         0.33         0.46
        0.01         0.01         0.03         0.08         0.09         0.04         0.03         0.17         0.23
        0.01         0.01         0.02         0.10         0.14         0.19         0.23         0.13         0.12
        0.04         0.11         0.27         0.46         0.58         0.49         0.26         0.33         0.16
    345600      9     13
        0.72         0.84         1.06         1.09         0.80         1.05         1.64         1.63         1.55
        1.24         1.38         1.76         1.56         1.03         1.11         1.54         1.75         1.86
        1.59         1.52         1.76         1.69         1.07         1.68         2.13         1.67         1.74
        1.14         1.04         1.42         1.51         1.28         1.62         1.83         1.72         1.74
        0.81         0.85         1.05         1.13         0.97         0.67         1.32         1.40         1.27
        0.48         0.41         0.51         0.66         0.56         0.47         0.89         0.92         0.60
        0.31         0.30         0.32         0.41         0.34         0.36         0.48         0.42         0.41
        0.31         0.38         0.33         0.16         0.15         0.12         0.26         0.24         0.47
        0.31         0.31         0.22         0.14         0.07         0.08         0.27         0.32         0.40
        0.15         0.16         0.11         0.18         0.14         0.15         0.19         0.17         0.28
        0.05         0.08         0.11         0.16         0.08         0.03         0.03         0.11         0.42
        0.07         0.09         0.19         0.18         0.14         0.10         0.11         0.03         0.30
        0.00         0.03         0.22         0.30         0.38         0.42         0.31         0.08         0.21
    432000      9     13
        0.63         0.48         0.58         0.38         0.32         0.35         0.21         0.27         0.51
        0.44         0.50         0.64         0.37         0.29         0.37         0.44         0.51         0.81
        0.42         0.56         0.44         0.28         0.31         0.53         0.73         0.71         1.04
        0.26         0.42         0.47         0.62         0.30         0.53         0.82         0.90         0.98
        0.21         0.33         0.59         0.62         0.26         0.40         0.68         0.66         0.60
        0.49         0.54         0.68         0.65         0.39         0.29         0.52         0.50         0.55
        0.83         0.55         0.50         0.52         0.25         0.28         0.35         0.26         0.40
        0.54         0.43         0.40         0.22         0.14         0.30         0.33         0.32         0.48
        0.66         0.47         0.24         0.18         0.11         0.23         0.51         0.69         0.75
        0.32         0.37         0.30         0.31         0.21         0.28         0.43         0.72         0.64
        0.08         0.29         0.32         0.34         0.27         0.21         0.17         0.47         0.72
        0.09         0.19         0.29         0.40         0.25         0.13         0.12         0.19         0.36
        0.19         0.36         0.40         0.46         0.29         0.19         0.12         0.19         0.23
    518400      9     13
        0.52         0.29         0.29         0.25         0.41         0.59         0.71         0.95         0.77
        0.29         0.18         0.31         0.46         0.57         0.58         0.70         0.86         0.76
        0.29         0.27         0.37         0.49         0.52         0.83         0.84         0.93         1.09
        0.45         0.37         0.25         0.50         0.55         0.72         0.97         1.02         0.98
        0.52         0.27         0.22         0.55         0.83         0.64         1.12         1.05         0.95
        0.49         0.37         0.31         0.53         0.90         0.67         0.95         0.91         0.85
        0.49         0.54         0.58         0.62         0.78         0.66         0.68         0.74         0.90
        0.49         0.61         0.72         0.60         0.59         0.46         0.64         0.79         1.17
        0.42         0.48         0.40         0.45         0.43         0.45         0.66         0.87         1.05
        0.35         0.40         0.29         0.39         0.41         0.43         0.67         0.89         1.04
        0.28         0.30         0.27         0.34         0.30         0.25         0.44         0.86         0.99
        0.24         0.24         0.21         0.23         0.26         0.36         0.28         0.44         0.62
        0.34         0.36         0.31         0.24         0.52         0.54         0.37         0.21         0.48
    604800      9     13
        0.88         0.51         0.59         0.51         0.47         0.41         0.31         0.46         0.60
        0.69         0.42         0.51         0.48         0.38         0.46         0.62         0.66         0.85
        0.26         0.29         0.37         0.34         0.44         0.70         0.73         0.64         0.71
        0.18         0.27         0.44         0.60         0.61         0.62         0.88         0.72         0.62
        0.33         0.39         0.52         0.71         0.57         0.53         0.80         0.78         0.95
        0.76         0.84         0.73         0.80         0.66         0.54         0.62         0.65         0.98
        0.83         0.94         0.90         0.79         0.58         0.42         0.46         0.57         0.79
        0.57         0.77         0.87         0.65         0.50         0.28         0.51         0.76         0.84
        0.32         0.49         0.58         0.63         0.47         0.30         0.38         0.55         0.72
        0.40         0.57         0.57         0.57         0.50         0.36         0.36         0.62         0.64
        0.47         0.53         0.54         0.53         0.55         0.31         0.18         0.32         0.26
        0.38         0.41         0.50         0.63         0.57         0.42         0.18         0.07         0.14
        0.18         0.38         0.55         0.54         0.62         0.63         0.25         0.11         0.17
    691200      9     13
        0.46         0.38         0.61         0.61         0.40         0.35         0.48         0.49         0.38
        0.45         0.30         0.44         0.50         0.29         0.58         0.77         0.56         0.43
        0.37         0.29         0.37         0.49         0.23         0.30         0.62         0.49         0.44
        0.34         0.30         0.37         0.54         0.44         0.27         0.54         0.54         0.40
        0.34         0.29         0.35         0.58         0.63         0.46         0.53         0.56         0.51
        0.32         0.30         0.34         0.50         0.54         0.47         0.51         0.50         0.63
        0.21         0.26         0.36         0.33         0.34         0.35         0.39         0.44         0.55
        0.20         0.19         0.26         0.22         0.26         0.26         0.34         0.41         0.49
        0.16         0.18         0.18         0.16         0.12         0.18         0.26         0.24         0.24
        0.17         0.14         0.09         0.08         0.11         0.08         0.08         0.11         0.19
        0.15         0.09         0.11         0.09         0.08         0.06         0.05         0.09         0.13
        0.13         0.10         0.13         0.12         0.15         0.25         0.16         0.06         0.03
        0.15         0.08         0.05         0.05         0.24         0.27         0.20         0.11         0.04
    777600      9     13
        0.24         0.05         0.11         0.20         0.11         0.08         0.19         0.27         0.22
        0.11         0.06         0.12         0.24         0.15         0.21         0.35         0.27         0.23
        0.06         0.06         0.16         0.26         0.17         0.22         0.28         0.14         0.21
        0.12         0.08         0.17         0.30         0.30         0.18         0.18         0.15         0.20
        0.12         0.09         0.17         0.26         0.31         0.24         0.24         0.16         0.21
        0.17         0.13         0.20         0.27         0.24         0.22         0.19         0.10         0.18
        0.18         0.17         0.23         0.23         0.12         0.09         0.09         0.08         0.16
        0.13         0.14         0.18         0.16         0.16         0.10         0.14         0.21         0.24
        0.13         0.19         0.18         0.19         0.20         0.20         0.28         0.24         0.18
        0.22         0.31         0.31         0.30         0.31         0.26         0.25         0.23         0.26
        0.20         0.26         0.37         0.36         0.37         0.30         0.27         0.32         0.42
        0.21         0.18         0.38         0.53         0.51         0.53         0.43         0.27         0.30
        0.18         0.23         0.36         0.38         0.57         0.63         0.40         0.20         0.20
    864000      9     13
        0.30         0.21         0.38         0.23         0.15         0.24         0.35         0.30         0.18
        0.29         0.22         0.33         0.22         0.16         0.42         0.36         0.11         0.09
        0.22         0.21         0.37         0.26         0.23         0.33         0.20         0.12         0.27
        0.13         0.16         0.40         0.39         0.39         0.26         0.28         0.32         0.35
        0.18         0.20         0.45         0.46         0.41         0.35         0.30         0.24         0.31
        0.21         0.21         0.42         0.30         0.30         0.24         0.17         0.25         0.43
        0.21         0.18         0.20         0.11         0.17         0.15         0.30         0.43         0.52
        0.18         0.13         0.10         0.13         0.21         0.31         0.44         0.48         0.71
        0.15         0.14         0.16         0.21         0.30         0.35         0.38         0.53         0.68
        0.17         0.18         0.19         0.22         0.30         0.29         0.35         0.57         0.42
        0.13         0.21         0.24         0.26         0.27         0.19         0.15         0.20         0.08
        0.13         0.14         0.23         0.30         0.36         0.27         0.10         0.04         0.06
        0.08         0.09         0.12         0.25         0.45         0.26         0.19         0.18         0.18
    950400      9     13
        0.24         0.31         0.56         0.65         0.52         0.36         0.49         0.64         0.52
        0.26         0.30         0.46         0.43         0.25         0.40         0.69         0.50         0.33
        0.24         0.36         0.49         0.41         0.21         0.35         0.54         0.20         0.41
        0.33         0.34         0.45         0.49         0.42         0.30         0.37         0.40         0.56
        0.35         0.23         0.30         0.41         0.47         0.36         0.41         0.58         0.75
        0.29         0.25         0.27         0.42         0.49         0.41         0.48         0.67         0.99
        0.28         0.32         0.35         0.52         0.42         0.25         0.46         0.63         0.93
        0.30         0.36         0.41         0.51         0.57         0.46         0.69         0.75         1.00
        0.30         0.35         0.47         0.57         0.65         0.73         0.93         1.03         1.27
        0.53         0.61         0.72         0.82         0.94         0.93         0.93         1.22         1.40
        0.64         0.77         0.69         0.68         0.71         0.61         0.71         1.25         1.20
        0.53         0.67         0.57         0.51         0.46         0.66         1.17         1.66         1.13
        0.32         0.43         0.37         0.41         0.78         1.13         1.05         1.01         0.56
   1036800      9     13
        0.22         0.12         0.28         0.31         0.28         0.20         0.29         0.30         0.14
        0.32         0.14         0.13         0.23         0.19         0.15         0.18         0.16         0.16
        0.40         0.24         0.13         0.17         0.09         0.10         0.11         0.09         0.24
        0.10         0.12         0.15         0.20         0.20         0.14         0.15         0.14         0.20
        0.08         0.07         0.09         0.09         0.19         0.18         0.20         0.14         0.16
        0.09         0.07         0.07         0.08         0.11         0.13         0.14         0.10         0.15
        0.07         0.07         0.08         0.11         0.10         0.08         0.07         0.06         0.11
        0.05         0.07         0.08         0.06         0.06         0.04         0.08         0.09         0.13
        0.05         0.09         0.10         0.09         0.07         0.11         0.21         0.23         0.27
        0.16         0.19         0.21         0.26         0.32         0.35         0.31         0.38         0.41
        0.18         0.19         0.24         0.31         0.44         0.47         0.36         0.26         0.35
        0.17         0.14         0.26         0.45         0.54         0.61         0.38         0.14         0.36
        0.15         0.17         0.46         0.59         0.65         0.71         0.40         0.36         0.46
   1123200      9     13
        0.08         0.15         0.25         0.25         0.14         0.10         0.11         0.12         0.24
        0.09         0.13         0.20         0.26         0.09         0.06         0.14         0.19         0.15
        0.07         0.17         0.22         0.26         0.12         0.14         0.22         0.07         0.14
        0.09         0.23         0.28         0.43         0.40         0.28         0.14         0.15         0.30
        0.08         0.14         0.19         0.45         0.55         0.37         0.13         0.17         0.19
        0.16         0.21         0.16         0.25         0.45         0.32         0.14         0.13         0.11
        0.13         0.22         0.26         0.30         0.33         0.29         0.13         0.11         0.13
        0.08         0.16         0.39         0.28         0.27         0.15         0.10         0.08         0.04
        0.04         0.13         0.20         0.21         0.15         0.06         0.13         0.09         0.02
        0.12         0.25         0.19         0.19         0.20         0.05         0.06         0.14         0.09
        0.26         0.28         0.33         0.24         0.16         0.04         0.06         0.12         0.07
        0.35         0.32         0.33         0.35         0.21         0.14         0.12         0.06         0.05
        0.33         0.27         0.25         0.22         0.28         0.21         0.11         0.06         0.07
   1209600      9     13
        0.28         0.20         0.22         0.33         0.26         0.14         0.13         0.18         0.29
        0.19         0.20         0.18         0.28         0.23         0.16         0.25         0.30         0.26
        0.14         0.21         0.27         0.35         0.21         0.12         0.35         0.26         0.26
        0.06         0.15         0.27         0.47         0.49         0.25         0.18         0.23         0.33
        0.11         0.21         0.21         0.32         0.50         0.33         0.09         0.23         0.33
        0.22         0.33         0.26         0.34         0.42         0.26         0.11         0.23         0.30
        0.28         0.33         0.24         0.41         0.44         0.19         0.07         0.16         0.24
        0.21         0.19         0.30         0.28         0.28         0.13         0.07         0.08         0.09
        0.05         0.10         0.13         0.08         0.06         0.05         0.05         0.05         0.05
        0.01         0.03         0.02         0.03         0.03         0.04         0.11         0.10         0.07
        0.00         0.01         0.02         0.05         0.04         0.02         0.06         0.08         0.07
        0.00         0.00         0.01         0.04         0.05         0.06         0.10         0.06         0.03
        0.00         0.00         0.00         0.00         0.04         0.08         0.15         0.12         0.07
   1296000      9     13
        0.16         0.07         0.07         0.11         0.11         0.18         0.25         0.26         0.69
        0.15         0.07         0.05         0.07         0.08         0.11         0.20         0.21         0.48
        0.16         0.08         0.04         0.06         0.05         0.07         0.13         0.18         0.39
        0.10         0.09         0.06         0.08         0.10         0.09         0.07         0.15         0.33
        0.07         0.08         0.11         0.16         0.26         0.16         0.02         0.06         0.21
        0.08         0.12         0.15         0.14         0.15         0.09         0.03         0.02         0.06
        0.05         0.08         0.12         0.16         0.09         0.05         0.07         0.06         0.02
        0.04         0.06         0.09         0.17         0.19         0.07         0.06         0.09         0.08
        0.08         0.10         0.09         0.11         0.22         0.11         0.11         0.15         0.18
        0.10         0.12         0.11         0.08         0.09         0.07         0.07         0.11         0.18
        0.06         0.06         0.09         0.11         0.09         0.12         0.11         0.11         0.12
        0.02         0.03         0.12         0.15         0.27         0.49         0.37         0.32         0.38
        0.01         0.01         0.05         0.08         0.14         0.36         0.49         0.39         0.44