         0      9     13
        0.98         0.56         0.69         0.94         0.71         0.63         0.77         0.88         1.10
        0.95         0.90         0.95         0.96         0.59         0.59         0.82         1.44         1.48
        1.19         1.21         0.93         0.76         0.58         0.63         1.08         1.08         1.06
        0.87         0.90         0.81         0.82         0.89         0.63         0.59         0.59         0.85
        0.71         0.86         0.93         1.07         1.10         0.72         0.58         0.77         0.79
        0.84         0.81         0.89         1.12         1.00         0.66         0.57         0.75         0.77
        0.77         0.76         0.65         0.97         0.76         0.50         0.60         0.65         0.65
        0.63         0.68         0.26         0.42         0.47         0.31         0.47         0.65         0.72
        0.37         0.34         0.18         0.29         0.32         0.32         0.51         0.67         0.68
        0.21         0.35         0.35         0.33         0.35         0.27         0.31         0.71         0.79
        0.42         0.50         0.39         0.36         0.26         0.23         0.26         0.53         0.88
        0.44         0.54         0.57         0.51         0.39         0.47         0.46         0.57         0.81
        0.57         0.58         0.63         0.57         0.56         0.61         0.50         0.61         0.83
     86400      9     13
        0.27         0.22         0.29         0.40         0.46         0.41         0.48         0.50         0.50
        0.35         0.35         0.39         0.46         0.45         0.34         0.38         0.49         0.52
        0.43         0.35         0.42         0.35         0.37         0.43         0.47         0.44         0.41
        0.38         0.39         0.33         0.31         0.37         0.35         0.38         0.41         0.48
        0.30         0.42         0.37         0.35         0.35         0.31         0.25         0.40         0.57
        0.45         0.48         0.39         0.53         0.43         0.31         0.25         0.29         0.46
        0.40         0.52         0.52         0.63         0.51         0.39         0.22         0.15         0.27
        0.45         0.63         0.56         0.64         0.56         0.37         0.13         0.12         0.15
        0.49         0.57         0.59         0.48         0.37         0.36         0.28         0.24         0.20
        0.31         0.52         0.66         0.47         0.41         0.53         0.42         0.39         0.28
        0.30         0.58         0.85         0.61         0.53         0.58         0.54         0.49         0.42
        0.26         0.50         0.82         0.65         0.45         0.65         0.64         0.57         0.60
        0.20         0.31         0.57         0.69         0.60         1.14         0.85         0.83         0.60
    172800      9     13
        0.07         0.06         0.05         0.12         0.26         0.25         0.39         0.40         0.47
        0.14         0.06         0.08         0.11         0.11         0.12         0.25         0.26         0.19
        0.20         0.14         0.19         0.16         0.09         0.06         0.16         0.08         0.05
        0.17         0.17         0.21         0.20         0.12         0.21         0.12         0.05         0.04
        0.32         0.35         0.32         0.31         0.13         0.17         0.13         0.16         0.24
        0.38         0.46         0.43         0.39         0.18         0.10         0.14         0.29         0.36
        0.27         0.24         0.35         0.35         0.18         0.08         0.07         0.24         0.41
        0.15         0.16         0.17         0.25         0.10         0.07         0.10         0.07         0.11
        0.29         0.22         0.11         0.09         0.01         0.02         0.04         0.04         0.08
        0.29         0.20         0.13         0.08         0.04         0.10         0.05         0.07         0.22
        0.03         0.07         0.12         0.11         0.08         0.17         0.16         0.12         0.19
        0.00         0.01         0.05         0.13         0.11         0.07         0.06         0.15         0.16
        0.00         0.01         0.02         0.09         0.05         0.06         0.04         0.10         0.16
    259200      9     13
        0.04         0.02         0.04         0.07         0.20         0.33         0.30         0.46         0.50
        0.02         0.01         0.08         0.19         0.21         0.23         0.20         0.26         0.43
        0.02         0.02         0.11         0.34         0.31         0.23         0.25         0.34         0.49
        0.02         0.04         0.16         0.36         0.36         0.35         0.36         0.59         0.91
        0.10         0.12         0.17         0.43         0.38         0.37         0.45         0.94         1.76
        0.19         0.31         0.18         0.45         0.34         0.35         0.66         0.93         1.14
        0.26         0.40         0.22         0.46         0.37         0.38         0.52         0.85         1.05
        0.23         0.28         0.41         0.54         0.35         0.23         0.42         0.65         0.95
        0.38         0.53         0.55         0.52         0.12         0.09         0.35         0.65         0.68
        0.61         0.45         0.42         0.43         0.19         0.16         0.36         0.72         0.67
        0.25         0.15         0.26         0.35         0.24         0.29         0.38         0.45         0.51
        0.17         0.14         0.08         0.14         0.14         0.13         0.13         0.28         0.33
        0.16         0.21         0.06         0.13         0.20         0.11         0.06         0.15         0.08
    345600      9     13
        0.34         0.33         0.71         0.60         0.62         0.40         0.31         0.62         0.81
        0.42         0.44         0.48         0.49         0.53         0.22         0.24         0.28         0.35
        0.39         0.58         0.63         0.41         0.26         0.33         0.33         0.24         0.35
        0.48         0.71         0.69         0.40         0.14         0.20         0.39         0.62         0.88
        0.53         0.52         0.57         0.22         0.07         0.20         0.34         0.45         0.32
        0.34         0.25         0.24         0.07         0.19         0.37         0.28         0.09         0.10
        0.26         0.08         0.16         0.18         0.38         0.43         0.13         0.07         0.07
        0.12         0.14         0.10         0.17         0.21         0.12         0.05         0.12         0.09
        0.12         0.20         0.27         0.24         0.05         0.02         0.08         0.22         0.05
        0.34         0.30         0.28         0.24         0.07         0.07         0.11         0.10         0.03
        0.21         0.12         0.12         0.19         0.14         0.04         0.05         0.03         0.16
        0.18         0.25         0.35         0.39         0.20         0.09         0.04         0.09         0.24
        0.06         0.17         0.38         0.33         0.10         0.20         0.05         0.04         0.24
    432000      9     13
        0.29         0.38         0.99         2.18         1.11         1.03         0.78         0.55         0.29
        0.30         0.34         0.86         1.56         1.19         0.95         0.59         0.58         0.37
        0.51         0.31         0.51         0.73         0.68         0.67         0.69         0.67         0.67
        0.61         0.63         0.62         0.55         0.47         0.73         0.66         0.72         0.73
        0.66         0.64         0.85         0.56         0.27         0.42         0.48         0.72         0.98
        0.56         0.49         0.71         0.54         0.30         0.33         0.48         0.50         0.82
        0.47         0.57         0.62         0.61         0.32         0.36         0.24         0.24         0.53
        0.42         0.36         0.59         0.52         0.39         0.37         0.21         0.12         0.31
        0.32         0.48         0.62         0.39         0.35         0.36         0.18         0.13         0.12
        0.32         0.51         0.36         0.39         0.47         0.46         0.15         0.20         0.37
        0.09         0.27         0.41         0.43         0.44         0.47         0.29         0.37         0.38
        0.03         0.09         0.25         0.39         0.44         0.49         0.56         0.42         0.35
        0.00         0.02         0.12         0.25         0.40         0.36         0.34         0.40         0.49
    518400      9     13
        0.31         0.24         0.32         0.52         0.58         0.44         0.49         0.71         0.81
        0.44         0.43         0.47         0.67         0.36         0.35         0.54         0.61         0.70
        0.40         0.55         0.44         0.51         0.41         0.91         0.73         0.47         0.65
        0.27         0.30         0.49         0.37         0.40         1.03         0.67         0.37         0.72
        0.11         0.07         0.34         0.53         0.56         0.67         0.81         0.63         0.72
        0.16         0.09         0.32         0.59         0.59         0.52         0.64         0.76         0.58
        0.09         0.08         0.19         0.38         0.43         0.45         0.49         0.44         0.28
        0.06         0.05         0.12         0.17         0.19         0.28         0.34         0.30         0.28
        0.31         0.21         0.24         0.18         0.18         0.21         0.22         0.25         0.45
        0.71         0.37         0.17         0.17         0.30         0.30         0.29         0.28         0.32
        0.11         0.16         0.23         0.26         0.17         0.27         0.40         0.35         0.27
        0.17         0.07         0.12         0.14         0.15         0.11         0.12         0.15         0.13
        0.44         0.25         0.13         0.09         0.15         0.05         0.04         0.04         0.14
    604800      9     13
        0.39         0.44         0.44         0.48         0.63         0.51         0.54         0.33         0.19
        0.61         0.34         0.66         0.74         0.71         0.69         0.65         0.54         0.26
        0.32         0.29         0.75         0.66         0.51         0.79         0.71         0.43         0.29
        0.39         0.39         0.53         0.41         0.53         0.90         0.69         0.42         0.43
        0.64         0.62         0.70         0.48         0.55         0.85         0.90         0.83         0.86
        0.68         0.78         0.76         0.37         0.53         0.93         0.83         0.87         1.16
        0.66         0.51         0.48         0.25         0.43         0.66         0.55         0.53         0.62
        0.27         0.15         0.37         0.40         0.53         0.58         0.50         0.47         0.35
        0.21         0.31         0.32         0.20         0.25         0.31         0.30         0.41         0.41
        0.30         0.28         0.21         0.20         0.23         0.20         0.22         0.37         0.34
        0.19         0.15         0.35         0.55         0.40         0.33         0.34         0.29         0.38
        0.32         0.21         0.30         0.44         0.50         0.60         0.54         0.34         0.35
        0.21         0.31         0.37         0.36         0.60         0.47         0.39         0.35         0.26
    691200      9     13
        0.11         0.08         0.29         0.27         0.22         0.10         0.04         0.04         0.03
        0.13         0.14         0.36         0.37         0.18         0.15         0.07         0.10         0.02
        0.08         0.12         0.37         0.32         0.21         0.19         0.14         0.21         0.09
        0.30         0.20         0.46         0.49         0.30         0.27         0.19         0.22         0.24
        0.42         0.38         0.52         0.41         0.59         0.53         0.24         0.32         0.44
        0.43         0.35         0.57         0.41         0.74         0.74         0.52         0.55         0.54
        0.48         0.43         0.57         0.45         0.75         0.81         0.42         0.20         0.35
        0.25         0.39         0.56         0.50         0.56         0.38         0.16         0.21         0.21
        0.27         0.46         0.46         0.42         0.50         0.38         0.09         0.14         0.20
        0.63         0.49         0.43         0.51         0.30         0.16         0.05         0.10         0.13
        0.41         0.50         0.52         0.43         0.11         0.03         0.06         0.20         0.17
        0.22         0.32         0.42         0.44         0.34         0.15         0.11         0.20         0.18
        0.24         0.22         0.24         0.45         0.45         0.26         0.25         0.28         0.25
    777600      9     13
        0.13         0.15         0.54         0.53         0.58         0.44         0.44         0.45         0.20
        0.61         0.32         0.50         0.62         0.56         0.39         0.34         0.26         0.20
        0.73         0.40         0.52         0.56         0.65         0.72         0.46         0.17         0.42
        0.32         0.27         0.52         0.39         0.56         0.74         0.32         0.13         0.40
        0.32         0.43         0.56         0.29         0.34         0.57         0.32         0.30         0.29
        0.48         0.50         0.44         0.25         0.37         0.48         0.30         0.42         0.33
        0.55         0.52         0.47         0.39         0.54         0.47         0.17         0.45         0.27
        0.51         0.46         0.44         0.48         0.56         0.38         0.35         0.67         0.65
        0.24         0.43         0.45         0.41         0.69         0.72         0.68         1.00         0.82
        0.23         0.32         0.48         0.49         0.67         0.67         0.84         0.66         0.59
        0.39         0.34         0.40         0.49         0.62         0.62         0.54         0.28         0.42
        0.28         0.23         0.32         0.36         0.41         0.51         0.46         0.30         0.37
        0.29         0.20         0.21         0.23         0.33         0.36         0.33         0.34         0.38
    864000      9     13
        0.30         0.33         0.27         0.25         0.41         0.26         0.37         0.44         0.39
        0.33         0.46         0.45         0.40         0.59         0.29         0.44         0.33         0.14
        0.39         0.60         0.69         0.49         0.36         0.53         0.48         0.17         0.20
        0.79         0.57         0.73         0.50         0.53         0.62         0.51         0.28         0.50
        0.76         0.39         0.69         0.34         0.36         0.90         0.76         0.69         0.82
        0.57         0.50         0.74         0.27         0.30         0.87         1.04         0.81         0.74
        0.72         0.57         0.77         0.31         0.68         0.91         0.61         0.55         0.54
        0.60         0.94         0.97         0.55         0.71         0.85         0.54         0.52         0.39
        0.78         1.36         1.17         0.69         0.90         1.01         0.48         0.59         0.63
        0.83         0.83         0.87         0.66         0.90         0.73         0.57         0.93         0.81
        0.69         0.61         0.73         0.60         0.58         0.67         0.68         0.90         0.77
        0.60         0.70         0.74         0.52         0.43         0.52         0.48         0.54         0.82
        0.77         0.86         0.75         0.51         0.38         0.28         0.42         0.53         0.84
    950400      9     13
        0.35         0.20         0.22         0.17         0.13         0.10         0.09         0.05         0.06
        0.39         0.37         0.34         0.21         0.15         0.12         0.15         0.04         0.02
        0.38         0.34         0.44         0.36         0.26         0.18         0.14         0.03         0.00
        0.52         0.52         0.58         0.43         0.37         0.22         0.11         0.05         0.04
        0.65         0.58         0.56         0.36         0.31         0.24         0.16         0.11         0.09
        0.57         0.57         0.44         0.37         0.31         0.27         0.40         0.31         0.27
        0.67         0.62         0.58         0.41         0.47         0.39         0.42         0.48         0.40
        0.55         0.54         0.73         0.49         0.44         0.37         0.41         0.39         0.52
        0.77         0.81         0.75         0.71         0.46         0.58         0.35         0.32         0.51
        0.74         0.77         0.80         0.72         0.57         0.55         0.28         0.22         0.25
        0.49         0.64         0.90         0.65         0.46         0.47         0.31         0.12         0.24
        0.40         0.67         0.92         0.60         0.42         0.35         0.25         0.11         0.14
        0.17         0.45         0.85         0.65         0.46         0.26         0.19         0.09         0.08
   1036800      9     13
        0.00         0.00         0.00         0.00         0.00         0.00         0.00         0.00         0.01
        0.01         0.00         0.00         0.00         0.00         0.00         0.01         0.00         0.00
        0.02         0.00         0.00         0.00         0.00         0.01         0.03         0.01         0.02
        0.09         0.05         0.04         0.04         0.03         0.03         0.04         0.01         0.02
        0.18         0.15         0.15         0.08         0.06         0.08         0.07         0.03         0.03
        0.19         0.19         0.21         0.09         0.14         0.12         0.06         0.08         0.10
        0.26         0.25         0.25         0.14         0.19         0.17         0.21         0.20         0.14
        0.30         0.28         0.28         0.18         0.14         0.24         0.23         0.20         0.18
        0.31         0.32         0.26         0.20         0.21         0.18         0.12         0.12         0.11
        0.56         0.47         0.45         0.27         0.21         0.23         0.09         0.11         0.19
        0.57         0.70         0.62         0.36         0.13         0.10         0.14         0.24         0.42
        0.40         0.81         0.76         0.41         0.21         0.20         0.25         0.35         0.41
        0.20         0.51         0.90         0.48         0.37         0.32         0.34         0.36         0.35
   1123200      9     13
        0.00         0.02         0.02         0.00         0.00         0.00         0.00         0.00         0.00
        0.00         0.01         0.04         0.01         0.00         0.00         0.00         0.00         0.00
        0.01         0.01         0.06         0.02         0.00         0.00         0.00         0.01         0.00
        0.03         0.02         0.06         0.03         0.04         0.02         0.02         0.05         0.02
        0.10         0.11         0.13         0.04         0.03         0.04         0.05         0.10         0.02
        0.11         0.15         0.14         0.03         0.05         0.11         0.08         0.15         0.04
        0.21         0.16         0.16         0.04         0.14         0.13         0.05         0.10         0.08
        0.26         0.17         0.17         0.08         0.07         0.04         0.01         0.05         0.09
        0.38         0.40         0.24         0.14         0.07         0.07         0.01         0.04         0.08
        0.35         0.27         0.19         0.11         0.07         0.07         0.01         0.02         0.04
        0.10         0.15         0.36         0.22         0.07         0.03         0.07         0.08         0.14
        0.23         0.37         0.41         0.23         0.12         0.15         0.22         0.16         0.19
        0.23         0.17         0.34         0.33         0.25         0.14         0.34         0.25         0.26
   1209600      9     13
        0.00         0.02         0.08         0.08         0.01         0.00         0.00         0.00         0.00
        0.01         0.03         0.12         0.07         0.00         0.00         0.00         0.00         0.00
        0.07         0.07         0.13         0.07         0.02         0.01         0.00         0.00         0.00
        0.06         0.06         0.14         0.20         0.16         0.06         0.00         0.00         0.00
        0.12         0.11         0.17         0.15         0.11         0.08         0.00         0.04         0.08
        0.13         0.19         0.23         0.10         0.09         0.11         0.05         0.19         0.35
        0.09         0.19         0.24         0.13         0.23         0.22         0.17         0.32         0.46
        0.07         0.23         0.31         0.24         0.43         0.30         0.16         0.21         0.20
        0.30         0.35         0.35         0.47         0.62         0.37         0.22         0.11         0.11
        0.43         0.42         0.47         0.58         0.43         0.18         0.24         0.12         0.11
        0.32         0.37         0.53         0.59         0.38         0.29         0.33         0.12         0.16
        0.18         0.25         0.45         0.56         0.35         0.26         0.39         0.16         0.04
        0.38         0.56         0.69         0.67         0.30         0.38         0.39         0.20         0.04
   1296000      9     13
        0.00         0.00         0.10         0.07         0.01         0.04         0.01         0.09         0.07
        0.00         0.01         0.02         0.01         0.00         0.05         0.01         0.00         0.00
        0.00         0.01         0.07         0.05         0.03         0.04         0.01         0.00         0.03
        0.02         0.03         0.05         0.03         0.11         0.12         0.01         0.03         0.11
        0.05         0.12         0.08         0.05         0.12         0.11         0.01         0.01         0.02
        0.09         0.14         0.10         0.12         0.15         0.09         0.01         0.00         0.00
        0.13         0.17         0.15         0.09         0.10         0.04         0.02         0.01         0.01
        0.13         0.19         0.23         0.19         0.12         0.07         0.04         0.03         0.01
        0.33         0.37         0.27         0.22         0.12         0.09         0.02         0.01         0.00
        0.47         0.45         0.33         0.40         0.20         0.14         0.10         0.03         0.01
        0.47         0.55         0.49         0.39         0.22         0.21         0.14         0.05         0.01
        0.35         0.53         0.50         0.29         0.21         0.29         0.16         0.06         0.01
        0.39         0.61         0.79         0.40         0.17         0.18         0.08         0.05         0.02