         0      9     13
        0.21         0.54         0.74         0.41         0.29         0.22         0.12         0.15         0.31
        0.19         0.16         0.52         0.33         0.40         0.41         0.25         0.28         0.32
        0.10         0.20         0.50         0.27         0.60         0.62         0.34         0.42         0.45
        0.06         0.17         0.49         0.44         0.91         0.69         0.47         0.58         0.65
        0.22         0.30         0.46         0.36         0.83         1.04         1.05         0.88         0.80
        0.24         0.31         0.38         0.15         0.57         1.11         1.19         1.18         1.08
        0.45         0.41         0.44         0.22         0.54         0.95         0.77         0.92         1.21
        0.54         0.50         0.80         0.47         0.50         0.61         0.55         0.88         1.06
        0.63         0.89         0.73         0.76         0.70         0.53         0.52         0.67         0.93
        0.57         0.44         0.71         1.03         0.87         0.62         0.57         0.80         0.85
        0.30         0.21         0.76         0.84         0.86         0.93         1.00         0.88         1.06
        0.27         0.29         0.54         0.81         1.12         1.01         1.17         0.85         0.84
        0.37         0.57         0.61         0.91         1.42         0.66         0.83         0.82         0.78
     86400      9     13
        0.35         0.34         0.51         0.52         0.68         0.64         0.54         0.72         0.38
        0.39         0.21         0.43         0.56         0.38         0.64         0.59         0.59         0.53
        0.26         0.21         0.43         0.45         0.53         0.77         0.74         0.48         1.09
        0.19         0.25         0.39         0.33         0.67         0.93         0.69         0.78         1.46
        0.23         0.27         0.51         0.26         0.54         0.76         0.65         0.76         1.08
        0.22         0.15         0.34         0.20         0.30         0.80         0.74         0.82         0.92
        0.24         0.17         0.23         0.19         0.21         0.62         0.52         0.37         0.76
        0.30         0.36         0.37         0.27         0.35         0.45         0.45         0.31         0.57
        0.39         0.37         0.33         0.36         0.42         0.46         0.63         0.86         1.13
        0.37         0.42         0.49         0.62         0.65         0.58         0.66         0.95         1.18
        0.29         0.38         0.50         0.62         0.67         0.57         0.62         0.91         1.32
        0.16         0.26         0.41         0.58         0.64         0.46         0.41         0.67         1.14
        0.17         0.19         0.26         0.46         0.58         0.33         0.33         0.45         0.63
    172800      9     13
        0.81         0.69         1.14         1.17         1.20         1.71         1.72         1.59         1.49
        0.31         0.45         1.27         1.43         1.33         2.07         2.22         2.11         2.79
        0.34         0.49         1.02         0.98         1.18         1.75         2.37         2.22         3.53
        0.25         0.22         0.55         0.93         1.39         2.03         3.37         2.82         2.92
        0.13         0.08         0.34         0.85         1.28         1.56         2.83         2.48         1.86
        0.13         0.09         0.23         0.35         0.95         1.48         2.69         2.85         1.72
        0.10         0.19         0.27         0.24         0.52         1.19         1.82         1.49         0.82
        0.07         0.12         0.21         0.24         0.35         0.49         0.67         0.64         0.41
        0.07         0.15         0.19         0.35         0.34         0.37         0.61         0.63         0.51
        0.07         0.09         0.12         0.24         0.28         0.51         0.68         0.72         0.60
        0.06         0.09         0.08         0.15         0.27         0.31         0.44         0.52         0.47
        0.04         0.10         0.18         0.19         0.15         0.16         0.18         0.22         0.27
        0.17         0.28         0.36         0.46         0.30         0.15         0.16         0.29         0.41
    259200      9     13
        0.58         0.54         0.48         0.68         0.62         0.53         0.55         0.54         0.49
        0.63         0.56         0.54         0.69         0.52         0.51         0.47         0.52         0.68
        0.73         0.62         0.50         0.53         0.43         0.34         0.25         0.38         0.63
        0.67         0.62         0.61         0.45         0.32         0.24         0.23         0.50         0.57
        0.61         0.73         0.62         0.51         0.34         0.22         0.42         0.58         0.57
        0.63         0.90         0.72         0.73         0.42         0.30         0.70         0.69         0.73
        0.52         0.89         0.88         0.90         0.55         0.40         0.92         0.81         0.83
        0.48         0.77         0.85         0.83         0.56         0.58         0.90         0.87         0.81
        0.40         0.57         0.76         0.94         0.67         0.72         0.90         0.98         0.90
        0.44         0.55         0.78         0.84         0.58         0.59         0.76         0.85         1.01
        0.41         0.46         0.63         0.57         0.44         0.30         0.51         0.54         0.69
        0.37         0.38         0.51         0.43         0.34         0.25         0.27         0.32         0.47
        0.30         0.25         0.32         0.41         0.32         0.22         0.25         0.29         0.30
    345600      9     13
        0.75         1.18         1.08         0.87         0.74         0.79         0.69         0.63         0.79
        0.63         0.88         0.99         0.90         0.75         0.50         0.61         0.87         0.82
        0.55         0.78         0.68         0.77         0.87         0.34         0.36         0.64         0.75
        0.50         0.73         0.65         0.65         0.83         0.43         0.45         0.57         0.45
        0.46         0.74         0.77         0.75         0.91         0.49         0.56         0.63         0.50
        0.55         0.73         0.81         0.94         0.91         0.54         0.68         0.71         0.77
        0.48         0.74         1.05         1.37         0.99         0.78         0.98         1.11         1.15
        0.49         0.85         1.15         1.76         1.55         1.57         1.76         1.66         1.60
        0.46         0.58         0.80         1.17         1.21         1.39         1.78         2.10         1.81
        0.48         0.54         0.79         1.01         1.02         1.00         1.42         1.73         1.65
        0.43         0.45         0.61         0.72         0.82         0.90         1.41         1.46         1.21
        0.27         0.32         0.48         0.60         0.60         0.78         0.89         0.91         0.98
        0.16         0.22         0.36         0.62         0.64         0.54         0.68         0.94         0.71
    432000      9     13
        0.30         0.48         0.87         0.73         0.62         0.56         0.45         0.25         0.23
        0.80         0.94         1.30         1.14         0.97         0.86         0.64         0.57         0.36
        1.26         1.23         1.23         1.11         1.00         0.91         0.72         0.63         0.49
        1.02         1.20         1.16         1.16         0.96         0.95         0.86         0.79         0.69
        0.99         1.16         0.96         1.00         0.84         1.01         1.13         0.99         1.10
        1.24         0.92         0.81         0.72         0.70         0.88         1.13         1.18         1.15
        1.26         1.17         1.21         1.40         1.36         1.76         1.45         1.31         1.63
        1.65         2.26         2.76         2.49         3.13         3.70         2.25         1.66         2.01
        2.94         4.17         4.54         4.24         4.16         3.47         2.64         2.50         3.24
        3.09         3.49         3.25         3.84         4.56         4.12         3.16         3.51         4.06
        2.06         2.13         2.39         2.79         2.95         2.62         2.39         2.98         3.30
        1.17         1.74         2.09         2.04         1.92         1.95         2.11         1.86         1.58
        1.02         1.26         1.54         1.56         1.65         1.62         1.54         1.19         0.91
    518400      9     13
        0.72         1.20         1.69         0.73         0.44         0.21         0.16         0.08         0.09
        0.86         1.18         2.03         0.82         0.40         0.47         0.34         0.18         0.25
        1.21         1.12         1.36         0.65         0.68         0.82         0.40         0.42         0.75
        1.38         0.79         0.67         0.91         1.25         0.92         0.51         0.69         1.63
        0.57         0.41         0.54         0.71         1.57         1.31         0.66         0.58         1.31
        0.40         0.40         0.33         0.65         1.83         2.10         0.86         0.59         0.87
        0.68         0.71         0.63         0.75         1.71         2.84         1.10         0.78         1.03
        1.08         1.38         1.35         1.06         1.23         2.01         1.29         1.00         0.80
        1.39         1.62         1.31         0.97         0.84         0.68         0.82         0.66         0.47
        1.53         1.62         1.13         0.85         0.84         0.44         0.25         0.17         0.22
        0.72         0.83         0.83         0.60         0.42         0.21         0.10         0.05         0.04
        0.50         0.53         0.44         0.33         0.25         0.22         0.15         0.06         0.01
        0.28         0.27         0.22         0.17         0.29         0.28         0.17         0.07         0.02
    604800      9     13
        0.39         0.39         0.37         0.19         0.10         0.16         0.29         0.29         0.28
        0.47         0.32         0.28         0.17         0.17         0.34         0.40         0.34         0.32
        0.24         0.30         0.29         0.25         0.27         0.44         0.47         0.39         0.40
        0.11         0.24         0.28         0.38         0.43         0.34         0.52         0.54         0.40
        0.15         0.20         0.31         0.46         0.55         0.45         0.66         0.58         0.57
        0.16         0.23         0.36         0.57         0.57         0.57         0.76         0.84         0.87
        0.08         0.19         0.41         0.56         0.61         0.61         0.81         0.93         0.91
        0.10         0.16         0.34         0.42         0.57         0.61         0.86         0.89         0.87
        0.13         0.21         0.23         0.42         0.62         0.65         0.73         0.74         0.68
        0.23         0.25         0.29         0.54         0.61         0.39         0.46         0.60         0.51
        0.11         0.12         0.32         0.40         0.31         0.20         0.30         0.47         0.51
        0.03         0.07         0.29         0.31         0.34         0.31         0.21         0.15         0.36
        0.08         0.12         0.14         0.21         0.44         0.42         0.30         0.23         0.39
    691200      9     13
        0.18         0.14         0.25         0.31         0.23         0.14         0.33         0.25         0.11
        0.20         0.14         0.33         0.54         0.33         0.26         0.34         0.31         0.28
        0.27         0.31         0.36         0.46         0.26         0.42         0.47         0.23         0.38
        0.50         0.56         0.52         0.69         0.44         0.21         0.24         0.19         0.47
        0.42         0.41         0.40         0.81         0.65         0.15         0.15         0.17         0.34
        0.31         0.30         0.28         0.51         0.59         0.28         0.31         0.40         0.48
        0.37         0.44         0.33         0.41         0.36         0.19         0.21         0.34         0.29
        0.32         0.35         0.47         0.28         0.13         0.03         0.13         0.28         0.23
        0.24         0.27         0.24         0.16         0.08         0.08         0.22         0.35         0.29
        0.38         0.32         0.30         0.36         0.23         0.19         0.23         0.33         0.35
        0.26         0.23         0.29         0.36         0.20         0.09         0.07         0.28         0.28
        0.15         0.13         0.20         0.28         0.21         0.30         0.14         0.06         0.08
        0.08         0.09         0.16         0.31         0.37         0.36         0.16         0.06         0.06
    777600      9     13
        0.50         0.46         0.48         0.45         0.48         0.31         0.23         0.18         0.12
        0.45         0.47         0.40         0.57         0.29         0.13         0.18         0.18         0.18
        0.41         0.43         0.35         0.53         0.30         0.16         0.38         0.21         0.39
        0.23         0.35         0.38         0.37         0.44         0.15         0.16         0.14         0.32
        0.16         0.17         0.21         0.41         0.36         0.10         0.00         0.06         0.08
        0.03         0.03         0.03         0.16         0.12         0.04         0.00         0.03         0.03
        0.01         0.02         0.01         0.04         0.05         0.01         0.00         0.00         0.00
        0.01         0.01         0.01         0.02         0.02         0.01         0.00         0.00         0.00
        0.00         0.01         0.01         0.01         0.00         0.00         0.00         0.00         0.00
        0.00         0.00         0.01         0.00         0.00         0.00         0.00         0.00         0.00
        0.00         0.00         0.01         0.01         0.00         0.00         0.00         0.00         0.00
        0.00         0.02         0.03         0.02         0.02         0.01         0.01         0.00         0.00
        0.02         0.04         0.04         0.03         0.05         0.00         0.00         0.00         0.00
    864000      9     13
        0.37         0.21         0.29         0.49         0.38         0.18         0.24         0.23         0.09
        0.38         0.39         0.30         0.57         0.29         0.19         0.27         0.25         0.20
        0.54         0.57         0.36         0.47         0.32         0.18         0.37         0.20         0.38
        0.28         0.56         0.45         0.57         0.60         0.25         0.13         0.10         0.26
        0.08         0.27         0.32         0.53         0.49         0.13         0.04         0.08         0.14
        0.08         0.07         0.11         0.22         0.20         0.09         0.05         0.04         0.07
        0.07         0.12         0.04         0.14         0.17         0.13         0.08         0.01         0.01
        0.06         0.07         0.10         0.16         0.17         0.20         0.14         0.08         0.02
        0.03         0.05         0.06         0.04         0.03         0.09         0.09         0.10         0.03
        0.01         0.01         0.01         0.00         0.00         0.01         0.02         0.05         0.06
        0.00         0.00         0.01         0.01         0.01         0.01         0.02         0.01         0.01
        0.01         0.01         0.01         0.02         0.02         0.01         0.01         0.01         0.00
        0.01         0.01         0.02         0.03         0.06         0.01         0.01         0.00         0.00
    950400      9     13
        0.34         0.31         0.42         0.43         0.28         0.19         0.20         0.25         0.10
        0.22         0.28         0.35         0.54         0.20         0.20         0.33         0.56         0.44
        0.49         0.38         0.31         0.39         0.42         0.34         0.42         0.43         0.68
        0.23         0.31         0.45         0.40         0.41         0.25         0.25         0.44         0.94
        0.07         0.07         0.28         0.41         0.33         0.07         0.06         0.27         0.61
        0.04         0.05         0.09         0.20         0.07         0.02         0.02         0.16         0.17
        0.05         0.07         0.02         0.05         0.04         0.01         0.01         0.01         0.12
        0.09         0.02         0.03         0.02         0.01         0.00         0.00         0.00         0.04
        0.03         0.01         0.01         0.01         0.00         0.00         0.00         0.00         0.00
        0.02         0.01         0.01         0.01         0.01         0.01         0.00         0.00         0.00
        0.00         0.00         0.02         0.02         0.01         0.01         0.00         0.00         0.00
        0.02         0.00         0.01         0.02         0.01         0.00         0.01         0.00         0.00
        0.03         0.02         0.01         0.01         0.01         0.00         0.00         0.00         0.00
   1036800      9     13
        1.84         1.59         1.62         1.35         1.39         1.32         1.38         1.16         0.99
        1.12         1.19         1.76         2.10         1.55         1.26         1.00         0.79         0.78
        1.29         1.23         1.92         1.91         1.13         1.15         0.97         0.87         0.92
        0.90         1.07         1.23         1.20         1.07         1.01         0.96         1.03         1.22
        0.81         0.68         0.86         1.13         0.81         0.71         0.78         0.98         1.31
        0.80         0.36         0.37         0.45         0.38         0.42         0.58         0.55         0.67
        0.42         0.13         0.12         0.13         0.13         0.26         0.26         0.29         0.41
        0.12         0.06         0.08         0.12         0.13         0.11         0.03         0.13         0.34
        0.02         0.04         0.15         0.07         0.02         0.01         0.05         0.14         0.27
        0.01         0.06         0.09         0.05         0.04         0.11         0.20         0.20         0.09
        0.02         0.06         0.10         0.21         0.09         0.28         0.31         0.18         0.12
        0.06         0.03         0.04         0.12         0.12         0.36         0.48         0.16         0.07
        0.22         0.08         0.03         0.15         0.21         0.46         0.36         0.38         0.21
   1123200      9     13
        0.45         0.48         0.45         0.30         0.21         0.26         0.19         0.27         0.29
        0.54         0.54         0.46         0.33         0.30         0.52         0.39         0.49         0.84
        0.47         0.51         0.61         0.41         0.77         1.42         0.64         1.08         1.99
        0.66         0.53         0.56         0.83         1.00         0.85         0.66         0.83         0.85
        0.68         0.71         1.30         2.06         1.03         0.89         0.74         0.38         0.38
        0.89         0.97         1.61         2.10         1.41         1.26         0.62         0.41         0.42
        1.03         1.01         1.34         2.60         1.89         0.94         0.51         0.49         0.52
        1.11         1.22         1.70         2.27         2.30         0.91         0.59         0.49         0.41
        1.16         1.37         1.53         3.15         3.20         1.06         0.57         0.37         0.27
        1.31         1.33         1.63         2.56         1.82         0.74         0.34         0.19         0.18
        0.86         1.20         2.72         1.88         1.11         0.48         0.35         0.23         0.20
        0.71         1.60         3.35         1.36         0.67         0.38         0.41         0.31         0.37
        0.65         1.08         1.70         1.06         0.73         0.37         0.74         1.00         0.83
   1209600      9     13
        0.13         0.13         0.26         0.22         0.08         0.16         0.26         0.21         0.17
        0.24         0.17         0.59         0.67         0.16         0.70         0.52         0.24         0.32
        0.10         0.20         1.27         1.12         0.39         1.66         0.66         0.27         0.53
        0.04         0.11         0.37         0.23         0.15         0.36         0.24         0.28         0.42
        0.06         0.17         0.31         0.19         0.09         0.16         0.29         0.25         0.18
        0.06         0.13         0.19         0.09         0.11         0.34         0.34         0.28         0.25
        0.10         0.14         0.20         0.13         0.34         0.54         0.23         0.32         0.44
        0.18         0.14         0.25         0.29         0.45         0.42         0.13         0.16         0.25
        0.18         0.15         0.15         0.23         0.68         0.44         0.08         0.06         0.06
        0.19         0.16         0.17         0.21         0.44         0.18         0.11         0.10         0.11
        0.11         0.13         0.18         0.19         0.09         0.09         0.38         0.35         0.29
        0.18         0.19         0.21         0.22         0.13         0.22         0.27         0.35         0.36
        0.25         0.21         0.25         0.36         0.44         0.33         0.28         0.37         0.51
   1296000      9     13
        0.13         0.27         0.45         0.37         0.17         0.09         0.04         0.08         0.15
        0.14         0.18         0.43         0.20         0.27         0.36         0.28         0.27         0.14
        0.18         0.26         0.37         0.21         0.34         0.66         0.38         0.10         0.37
        0.32         0.49         0.47         0.38         0.39         0.60         0.44         0.19         0.45
        0.31         0.47         0.60         0.55         0.54         0.70         0.55         0.48         0.64
        0.48         0.42         0.65         0.65         0.70         0.76         0.70         0.89         0.80
        0.45         0.54         0.77         0.85         0.77         0.75         0.89         1.07         0.79
        0.26         0.61         0.71         0.83         0.94         0.99         1.10         1.16         0.94
        0.41         0.61         0.61         0.98         1.22         1.28         1.00         1.08         0.98
        0.58         0.71         0.76         1.11         1.16         1.17         1.11         1.11         1.07
        0.58         0.70         0.85         0.89         0.90         0.95         1.08         0.90         1.01
        0.54         0.70         0.88         0.98         0.89         0.78         0.81         0.68         0.69
        0.59         0.77         0.86         1.01         1.08         0.60         0.62         0.79         0.62