         0      9     13
        0.60         0.89         1.12         0.94         1.19         0.88         0.52         0.51         0.59
        0.48         0.74         1.50         1.62         1.94         1.42         0.61         0.68         0.66
        0.68         1.07         1.72         2.07         2.71         2.78         1.24         1.18         0.89
        0.99         1.24         1.86         2.35         3.68         3.94         2.51         1.91         1.00
        0.98         0.70         1.50         1.68         2.99         4.74         4.66         2.14         0.95
        0.61         0.55         1.00         1.90         2.25         2.54         3.32         2.34         1.39
        0.40         0.60         0.97         1.74         3.09         1.97         1.46         1.94         1.63
        0.27         0.49         0.68         0.84         1.97         2.57         1.50         1.57         1.62
        0.27         0.37         0.50         0.78         1.08         1.52         1.26         1.48         1.72
        0.42         0.51         0.58         0.74         0.85         0.97         1.09         1.32         1.74
        0.34         0.41         0.56         0.49         0.45         0.30         0.79         0.99         1.53
        0.18         0.36         0.54         0.58         0.37         0.14         0.20         0.41         1.10
        0.08         0.29         0.42         0.51         0.53         0.23         0.14         0.31         0.68
     86400      9     13
        0.38         0.29         0.49         0.39         0.26         0.18         0.22         0.15         0.15
        0.32         0.23         0.36         0.36         0.24         0.31         0.47         0.30         0.27
        0.41         0.20         0.36         0.31         0.15         0.49         0.38         0.13         0.33
        0.22         0.18         0.31         0.48         0.25         0.30         0.39         0.22         0.32
        0.12         0.09         0.23         0.54         0.45         0.27         0.50         0.50         0.54
        0.21         0.13         0.19         0.36         0.50         0.38         0.64         0.69         0.78
        0.25         0.17         0.20         0.33         0.35         0.41         0.60         0.74         0.81
        0.23         0.26         0.37         0.24         0.14         0.24         0.47         0.59         0.71
        0.23         0.30         0.25         0.20         0.11         0.25         0.42         0.42         0.57
        0.28         0.22         0.28         0.23         0.31         0.27         0.30         0.46         0.63
        0.26         0.22         0.44         0.44         0.34         0.24         0.46         0.52         0.52
        0.23         0.50         0.47         0.30         0.34         0.32         0.44         0.39         0.33
        0.62         0.65         0.33         0.24         0.53         0.32         0.23         0.45         0.36
    172800      9     13
        0.65         0.49         0.73         0.72         0.37         0.22         0.26         0.18         0.13
        0.47         0.23         0.37         0.61         0.31         0.29         0.54         0.38         0.12
        0.54         0.41         0.36         0.26         0.06         0.27         0.51         0.28         0.30
        0.34         0.59         0.66         0.67         0.33         0.21         0.39         0.43         0.43
        0.51         0.38         0.62         0.79         0.49         0.11         0.36         0.50         0.54
        0.55         0.52         0.51         0.55         0.51         0.21         0.44         0.38         0.31
        0.23         0.38         0.57         0.69         0.54         0.29         0.33         0.27         0.33
        0.27         0.33         0.39         0.29         0.14         0.18         0.41         0.46         0.41
        0.57         0.36         0.22         0.07         0.04         0.19         0.64         0.61         0.58
        0.15         0.09         0.09         0.17         0.28         0.25         0.57         0.55         0.45
        0.10         0.10         0.18         0.29         0.34         0.28         0.46         0.59         0.47
        0.15         0.38         0.54         0.49         0.31         0.32         0.46         0.37         0.28
        0.23         0.49         0.57         0.53         0.58         0.38         0.17         0.43         0.25
    259200      9     13
        0.64         0.81         0.77         0.46         0.34         0.18         0.17         0.21         0.33
        0.82         0.83         0.71         0.63         0.32         0.29         0.34         0.35         0.39
        1.04         1.06         0.79         0.49         0.28         0.30         0.40         0.49         0.69
        0.65         0.81         0.66         0.56         0.40         0.11         0.23         0.62         0.69
        0.58         0.48         0.37         0.54         0.54         0.08         0.14         0.51         0.52
        0.45         0.35         0.35         0.41         0.45         0.12         0.26         0.32         0.44
        0.27         0.28         0.31         0.23         0.16         0.06         0.22         0.33         0.31
        0.31         0.42         0.22         0.16         0.09         0.04         0.15         0.31         0.37
        0.17         0.28         0.17         0.09         0.03         0.03         0.17         0.38         0.58
        0.15         0.09         0.06         0.05         0.14         0.15         0.23         0.48         0.68
        0.12         0.04         0.07         0.26         0.26         0.13         0.12         0.47         0.61
        0.05         0.09         0.36         0.60         0.35         0.28         0.16         0.30         0.40
        0.12         0.27         0.49         0.73         0.69         0.56         0.15         0.27         0.43
    345600      9     13
        0.23         0.54         0.69         0.50         0.60         0.31         0.21         0.10         0.14
        0.35         0.72         0.48         0.45         0.46         0.37         0.16         0.17         0.25
        0.34         0.74         0.47         0.33         0.64         0.36         0.14         0.26         0.38
        0.35         0.62         0.66         0.47         0.69         0.30         0.52         0.64         0.46
        0.25         0.47         0.58         0.60         0.75         0.31         0.37         0.55         0.53
        0.26         0.16         0.17         0.36         0.70         0.33         0.14         0.31         0.50
        0.32         0.34         0.14         0.29         0.33         0.22         0.15         0.17         0.25
        0.32         0.37         0.31         0.21         0.09         0.10         0.12         0.25         0.30
        0.41         0.39         0.14         0.10         0.20         0.05         0.11         0.44         0.51
        0.12         0.05         0.02         0.08         0.20         0.06         0.04         0.27         0.33
        0.09         0.01         0.01         0.03         0.06         0.02         0.01         0.02         0.13
        0.03         0.03         0.03         0.01         0.00         0.00         0.01         0.01         0.12
        0.01         0.05         0.04         0.06         0.03         0.06         0.03         0.03         0.19
    432000      9     13
        0.53         0.41         0.70         0.70         0.56         0.40         0.39         0.30         0.17
        0.53         0.58         0.59         0.67         0.38         0.29         0.45         0.30         0.12
        0.59         0.77         0.75         0.71         0.54         0.33         0.30         0.25         0.45
        0.38         0.58         0.90         0.87         0.76         0.37         0.29         0.43         0.48
        0.30         0.41         0.57         0.61         0.51         0.21         0.28         0.47         0.62
        0.18         0.17         0.27         0.41         0.36         0.13         0.35         0.44         0.56
        0.12         0.12         0.14         0.31         0.27         0.12         0.22         0.32         0.29
        0.13         0.13         0.17         0.13         0.17         0.09         0.12         0.18         0.21
        0.37         0.42         0.41         0.21         0.11         0.08         0.12         0.14         0.25
        0.39         0.51         0.47         0.28         0.15         0.24         0.11         0.09         0.09
        0.16         0.22         0.31         0.21         0.19         0.19         0.15         0.16         0.12
        0.05         0.09         0.17         0.13         0.09         0.04         0.12         0.14         0.23
        0.11         0.24         0.33         0.33         0.17         0.13         0.14         0.17         0.30
    518400      9     13
        0.44         0.26         0.58         0.53         0.28         0.15         0.36         0.36         0.25
        0.36         0.08         0.18         0.30         0.21         0.30         0.39         0.22         0.13
        0.16         0.08         0.17         0.24         0.26         0.38         0.34         0.17         0.20
        0.13         0.06         0.19         0.27         0.33         0.32         0.26         0.34         0.60
        0.09         0.06         0.15         0.13         0.22         0.22         0.11         0.15         0.45
        0.05         0.04         0.10         0.05         0.08         0.22         0.24         0.15         0.24
        0.05         0.03         0.05         0.05         0.12         0.19         0.25         0.23         0.22
        0.12         0.17         0.16         0.16         0.22         0.19         0.15         0.14         0.11
        0.15         0.26         0.23         0.22         0.18         0.16         0.11         0.05         0.03
        0.07         0.18         0.26         0.19         0.09         0.11         0.06         0.03         0.02
        0.01         0.10         0.33         0.27         0.07         0.04         0.06         0.06         0.03
        0.06         0.15         0.21         0.23         0.10         0.04         0.07         0.04         0.05
        0.21         0.19         0.20         0.22         0.27         0.13         0.04         0.01         0.05
    604800      9     13
        1.06         0.62         0.67         0.56         0.53         0.42         0.48         0.30         0.11
        0.99         0.39         0.42         0.34         0.41         0.54         0.55         0.37         0.31
        0.89         0.57         0.54         0.20         0.28         0.54         0.49         0.27         0.52
        0.66         0.50         0.42         0.23         0.24         0.32         0.20         0.30         0.58
        0.63         0.32         0.32         0.36         0.14         0.13         0.22         0.53         1.00
        0.37         0.19         0.27         0.34         0.22         0.11         0.30         0.50         0.82
        0.16         0.11         0.18         0.23         0.27         0.44         0.39         0.49         0.51
        0.09         0.19         0.23         0.16         0.16         0.72         0.65         0.60         0.52
        0.12         0.25         0.26         0.17         0.18         0.60         0.66         0.65         0.67
        0.05         0.14         0.16         0.12         0.22         0.53         0.55         0.49         0.53
        0.08         0.32         0.25         0.13         0.20         0.35         0.51         0.37         0.30
        0.21         0.56         0.47         0.20         0.26         0.48         0.42         0.42         0.40
        0.53         0.71         0.61         0.49         0.45         0.58         0.49         0.56         0.42
    691200      9     13
        0.92         0.75         0.85         0.96         0.96         0.87         0.66         0.56         0.63
        0.92         0.73         0.69         0.70         0.60         0.90         0.76         0.75         0.82
        0.82         0.66         0.54         0.41         0.37         0.70         0.68         0.49         0.75
        0.84         0.88         0.76         0.72         0.56         0.53         0.69         0.52         0.51
        0.90         0.80         0.96         0.92         0.88         0.58         0.66         0.65         0.64
        0.83         0.86         1.09         0.89         0.81         0.74         0.54         0.45         0.48
        0.87         1.10         2.01         1.06         0.77         0.82         0.57         0.43         0.52
        0.88         0.87         1.22         0.55         0.49         0.58         0.46         0.47         0.53
        0.95         0.97         0.83         0.72         0.52         0.55         0.40         0.42         0.54
        1.14         0.92         0.84         0.89         0.82         0.74         0.64         0.66         0.84
        1.23         1.16         1.02         0.80         0.89         1.12         1.10         0.81         0.99
        1.13         1.34         1.06         0.92         0.82         0.90         0.69         0.80         0.82
        0.82         0.71         0.70         0.94         1.42         1.00         0.58         1.05         0.76
    777600      9     13
        0.38         0.46         0.55         0.40         0.24         0.18         0.23         0.34         0.28
        0.28         0.27         0.30         0.24         0.16         0.26         0.37         0.76         0.81
        0.23         0.19         0.28         0.30         0.46         0.51         0.49         0.59         0.70
        0.27         0.21         0.38         0.67         0.75         0.41         0.35         0.39         0.71
        0.53         0.34         0.61         1.16         0.73         0.49         0.66         0.63         0.84
        0.70         0.71         1.23         1.54         0.67         0.88         1.21         0.57         0.79
        0.48         0.72         1.44         1.00         0.76         1.47         1.70         0.80         0.68
        0.59         0.77         0.67         0.70         0.81         1.76         1.65         1.12         0.91
        0.91         0.79         0.64         0.79         1.13         1.85         2.21         1.66         1.33
        0.89         0.81         0.74         0.92         0.91         0.91         1.38         1.33         1.22
        0.97         0.86         0.85         1.24         1.14         0.96         0.93         0.79         0.86
        0.87         0.75         0.80         1.00         1.23         1.01         0.59         0.54         1.00
        0.83         0.73         0.53         0.64         1.05         0.89         0.75         0.84         1.11
    864000      9     13
        0.43         0.37         0.63         0.60         0.44         0.42         0.40         0.34         0.30
        0.43         0.35         0.55         0.52         0.44         0.41         0.35         0.37         0.35
        0.58         0.45         0.53         0.40         0.36         0.20         0.16         0.36         0.36
        0.40         0.44         0.45         0.42         0.47         0.36         0.41         0.49         0.51
        0.36         0.36         0.40         0.41         0.47         0.37         0.41         0.40         0.43
        0.31         0.20         0.38         0.46         0.44         0.43         0.45         0.44         0.21
        0.21         0.25         0.36         0.50         0.46         0.52         0.59         0.46         0.22
        0.26         0.39         0.35         0.40         0.37         0.57         0.56         0.45         0.27
        0.30         0.37         0.34         0.40         0.47         0.57         0.48         0.48         0.36
        0.34         0.46         0.47         0.54         0.59         0.50         0.43         0.52         0.54
        0.35         0.49         0.64         0.54         0.54         0.45         0.33         0.46         0.50
        0.28         0.47         0.76         0.78         0.77         0.61         0.44         0.28         0.37
        0.36         0.52         0.88         1.11         1.38         1.37         0.93         0.59         0.41
    950400      9     13
        0.20         0.24         0.62         0.71         0.81         0.88         0.69         1.06         0.84
        0.25         0.25         0.40         0.42         0.40         0.47         0.86         1.71         1.11
        0.20         0.23         0.49         0.39         0.27         0.51         0.94         1.32         1.19
        0.05         0.09         0.30         0.42         0.37         0.49         0.63         1.01         1.29
        0.13         0.17         0.24         0.32         0.37         0.29         0.31         0.88         1.15
        0.21         0.14         0.25         0.28         0.33         0.30         0.21         0.33         0.53
        0.08         0.03         0.07         0.07         0.15         0.18         0.15         0.09         0.14
        0.01         0.01         0.03         0.02         0.05         0.08         0.11         0.10         0.06
        0.02         0.03         0.11         0.07         0.08         0.12         0.17         0.29         0.13
        0.12         0.09         0.07         0.08         0.15         0.15         0.22         0.50         0.16
        0.19         0.14         0.09         0.09         0.15         0.17         0.21         0.39         0.13
        0.19         0.27         0.22         0.18         0.17         0.16         0.18         0.26         0.12
        0.16         0.21         0.33         0.27         0.22         0.18         0.13         0.19         0.26
   1036800      9     13
        1.41         1.03         1.54         0.58         1.00         1.22         1.08         1.02         0.23
        1.66         2.54         3.21         0.86         0.85         0.84         0.46         0.22         0.15
        2.16         1.84         0.97         0.66         0.93         0.81         0.39         0.16         0.11
        1.09         0.59         0.37         0.52         0.56         0.71         0.38         0.19         0.09
        0.49         0.22         0.35         0.36         0.31         0.31         0.21         0.07         0.08
        0.38         0.14         0.28         0.30         0.31         0.24         0.16         0.04         0.03
        0.66         0.34         0.26         0.44         0.50         0.28         0.13         0.02         0.02
        0.59         0.52         0.53         0.55         1.08         0.62         0.14         0.06         0.05
        0.47         0.54         0.58         0.59         0.44         0.44         0.25         0.11         0.03
        0.44         0.56         0.70         0.75         0.62         0.60         0.42         0.16         0.04
        0.30         0.48         0.66         0.78         0.70         0.85         0.63         0.20         0.07
        0.29         0.38         0.47         0.66         0.47         0.39         0.46         0.14         0.03
        0.45         0.27         0.41         0.48         0.50         0.37         0.21         0.18         0.10
   1123200      9     13
        2.75         0.89         0.48         0.38         0.40         0.24         0.18         0.25         0.21
        1.52         0.80         0.37         0.41         0.37         0.25         0.24         0.36         0.42
        0.80         0.40         0.25         0.35         0.31         0.46         0.64         0.55         0.63
        0.45         0.24         0.20         0.41         0.24         0.32         0.47         0.46         0.71
        0.19         0.11         0.15         0.42         0.24         0.18         0.34         0.69         1.06
        0.30         0.20         0.17         0.43         0.27         0.14         0.33         0.67         1.05
        0.20         0.24         0.21         0.37         0.28         0.24         0.30         0.37         0.38
        0.15         0.21         0.44         0.46         0.21         0.16         0.15         0.18         0.12
        0.24         0.37         0.38         0.29         0.10         0.12         0.14         0.07         0.09
        0.23         0.33         0.30         0.15         0.11         0.18         0.14         0.05         0.15
        0.23         0.23         0.25         0.19         0.11         0.07         0.07         0.09         0.19
        0.05         0.11         0.25         0.20         0.12         0.06         0.03         0.03         0.05
        0.10         0.04         0.11         0.14         0.12         0.16         0.10         0.04         0.05
   1209600      9     13
        0.32         0.35         0.34         0.26         0.21         0.13         0.20         0.19         0.09
        0.37         0.40         0.35         0.51         0.32         0.13         0.23         0.23         0.20
        0.34         0.45         0.38         0.38         0.26         0.29         0.39         0.25         0.38
        0.29         0.52         0.57         0.72         0.49         0.25         0.37         0.24         0.46
        0.29         0.37         0.55         0.80         0.58         0.09         0.10         0.22         0.25
        0.32         0.36         0.41         0.61         0.55         0.09         0.08         0.31         0.22
        0.17         0.22         0.17         0.53         0.43         0.13         0.04         0.16         0.19
        0.25         0.34         0.33         0.22         0.08         0.05         0.03         0.08         0.04
        0.37         0.54         0.38         0.23         0.04         0.03         0.14         0.18         0.15
        0.39         0.36         0.24         0.25         0.16         0.20         0.16         0.22         0.15
        0.11         0.11         0.21         0.27         0.22         0.15         0.07         0.22         0.30
        0.01         0.06         0.25         0.31         0.21         0.12         0.08         0.06         0.12
        0.00         0.07         0.29         0.40         0.37         0.30         0.10         0.05         0.02
   1296000      9     13
        0.27         0.24         0.23         0.29         0.17         0.05         0.01         0.00         0.00
        0.30         0.29         0.19         0.36         0.15         0.05         0.04         0.03         0.00
        0.31         0.32         0.22         0.28         0.06         0.03         0.12         0.08         0.15
        0.38         0.43         0.36         0.42         0.23         0.07         0.08         0.08         0.26
        0.27         0.30         0.34         0.41         0.29         0.06         0.00         0.13         0.17
        0.18         0.11         0.16         0.31         0.27         0.05         0.00         0.06         0.05
        0.16         0.24         0.06         0.20         0.13         0.02         0.00         0.00         0.00
        0.13         0.15         0.12         0.08         0.03         0.00         0.00         0.00         0.00
        0.12         0.18         0.17         0.05         0.01         0.00         0.00         0.01         0.00
        0.05         0.05         0.02         0.01         0.00         0.01         0.03         0.01         0.01
        0.01         0.04         0.02         0.01         0.01         0.01         0.01         0.00         0.01
        0.00         0.07         0.08         0.07         0.04         0.01         0.01         0.00         0.00
        0.00         0.05         0.14         0.15         0.18         0.07         0.05         0.01         0.00