         0      9     13
        0.93         0.79         0.79         0.73         0.57         0.51         0.51         0.53         0.53
        0.72         0.73         0.67         0.59         0.68         0.80         0.71         0.60         0.65
        0.53         0.58         0.56         0.50         0.74         0.99         0.93         1.00         1.07
        0.33         0.50         0.55         0.62         0.69         0.81         1.05         1.23         0.94
        0.24         0.46         0.60         0.73         0.86         0.79         0.95         1.04         0.92
        0.37         0.52         0.57         0.75         0.97         0.90         0.92         0.99         0.94
        0.51         0.57         0.60         0.78         0.84         0.89         0.90         0.97         0.85
        0.66         0.70         0.83         0.83         0.72         0.91         0.99         0.96         0.79
        0.87         0.88         0.97         0.95         0.82         0.93         1.00         0.95         0.78
        0.90         0.95         0.81         0.98         0.85         0.73         0.95         0.84         0.64
        1.13         0.84         0.58         0.58         0.66         0.79         0.76         0.66         0.60
        1.12         0.82         0.92         0.85         0.93         0.86         0.58         0.57         0.52
        0.94         0.76         0.75         0.76         1.09         0.81         0.73         0.57         0.34
     86400      9     13
        0.31         0.24         0.28         0.34         0.40         0.37         0.33         0.32         0.40
        0.34         0.29         0.37         0.39         0.35         0.29         0.23         0.28         0.35
        0.42         0.33         0.43         0.37         0.27         0.29         0.22         0.21         0.29
        0.56         0.39         0.34         0.33         0.37         0.21         0.22         0.21         0.29
        0.65         0.42         0.37         0.32         0.39         0.32         0.31         0.27         0.26
        0.44         0.30         0.32         0.31         0.36         0.37         0.40         0.34         0.36
        0.26         0.33         0.38         0.25         0.32         0.39         0.45         0.33         0.34
        0.21         0.33         0.39         0.33         0.25         0.31         0.56         0.44         0.35
        0.25         0.41         0.53         0.66         0.54         0.59         0.72         0.54         0.24
        0.66         0.97         0.68         0.62         0.68         0.49         0.64         0.55         0.37
        0.50         0.48         0.36         0.30         0.23         0.14         0.28         0.28         0.29
        0.52         0.32         0.22         0.15         0.12         0.13         0.09         0.09         0.16
        0.54         0.21         0.08         0.09         0.28         0.15         0.11         0.23         0.24
    172800      9     13
        0.93         0.70         0.89         0.60         0.40         0.31         0.33         0.32         0.28
        0.52         0.41         0.59         0.49         0.41         0.32         0.25         0.32         0.31
        0.62         0.52         0.49         0.33         0.28         0.27         0.27         0.33         0.38
        0.52         0.53         0.48         0.37         0.32         0.27         0.31         0.29         0.34
        0.56         0.33         0.38         0.31         0.27         0.26         0.24         0.14         0.12
        0.27         0.15         0.25         0.33         0.31         0.42         0.40         0.24         0.12
        0.15         0.18         0.25         0.28         0.20         0.21         0.21         0.15         0.17
        0.38         0.32         0.25         0.17         0.18         0.20         0.26         0.24         0.28
        0.29         0.21         0.20         0.25         0.24         0.24         0.29         0.24         0.21
        0.18         0.29         0.42         0.48         0.52         0.51         0.48         0.50         0.55
        0.17         0.32         0.44         0.45         0.47         0.50         0.49         0.49         0.45
        0.23         0.35         0.62         0.68         0.56         0.59         0.46         0.30         0.30
        0.43         0.42         0.77         0.69         0.80         0.70         0.40         0.35         0.35
    259200      9     13
        0.71         0.64         0.52         0.42         0.29         0.17         0.22         0.24         0.20
        0.64         0.70         0.36         0.26         0.22         0.19         0.30         0.21         0.18
        0.58         0.89         0.56         0.27         0.17         0.22         0.22         0.04         0.13
        0.39         0.70         0.44         0.42         0.36         0.12         0.11         0.12         0.18
        0.58         0.57         0.30         0.38         0.41         0.15         0.09         0.04         0.11
        0.41         0.42         0.30         0.29         0.35         0.17         0.13         0.05         0.03
        0.34         0.29         0.21         0.25         0.21         0.12         0.17         0.14         0.14
        0.15         0.13         0.15         0.18         0.08         0.09         0.13         0.09         0.06
        0.05         0.06         0.07         0.04         0.02         0.04         0.08         0.08         0.05
        0.12         0.11         0.05         0.05         0.04         0.03         0.06         0.06         0.04
        0.09         0.11         0.10         0.07         0.03         0.02         0.02         0.02         0.03
        0.04         0.09         0.11         0.11         0.11         0.14         0.11         0.05         0.07
        0.04         0.07         0.10         0.16         0.28         0.31         0.16         0.13         0.15
    345600      9     13
        0.23         0.25         0.20         0.19         0.07         0.05         0.11         0.37         0.15
        0.30         0.21         0.19         0.28         0.13         0.03         0.11         0.26         0.10
        0.37         0.43         0.23         0.50         0.22         0.16         0.09         0.14         0.17
        0.27         0.29         0.18         0.47         0.56         0.25         0.19         0.22         0.24
        0.25         0.15         0.14         0.32         0.34         0.23         0.44         0.22         0.27
        0.15         0.04         0.14         0.05         0.09         0.13         0.38         0.21         0.15
        0.18         0.02         0.11         0.03         0.05         0.02         0.05         0.12         0.23
        0.17         0.05         0.03         0.04         0.03         0.02         0.02         0.07         0.25
        0.22         0.17         0.03         0.02         0.02         0.01         0.03         0.08         0.18
        0.25         0.22         0.07         0.06         0.08         0.01         0.01         0.04         0.16
        0.11         0.14         0.15         0.14         0.07         0.01         0.01         0.08         0.19
        0.07         0.19         0.20         0.12         0.05         0.09         0.02         0.03         0.08
        0.18         0.09         0.06         0.06         0.16         0.08         0.01         0.01         0.02
    432000      9     13
        0.71         0.56         0.70         0.53         0.63         0.63         0.47         0.46         0.40
        0.65         0.56         0.62         0.63         0.49         0.63         0.71         0.56         0.45
        0.23         0.46         0.59         0.55         0.58         0.65         0.95         0.68         0.54
        0.17         0.40         0.61         0.63         0.68         0.74         1.23         1.17         0.85
        0.33         0.41         0.50         0.59         0.68         0.51         1.01         1.25         1.07
        0.34         0.36         0.53         0.46         0.69         0.51         0.71         0.81         1.02
        0.16         0.29         0.60         0.42         0.61         0.53         0.47         0.57         0.89
        0.11         0.19         0.37         0.39         0.35         0.42         0.47         0.55         0.66
        0.17         0.12         0.25         0.36         0.27         0.24         0.35         0.36         0.53
        0.19         0.08         0.13         0.28         0.39         0.37         0.45         0.56         0.61
        0.08         0.09         0.16         0.33         0.31         0.30         0.44         0.57         0.64
        0.05         0.10         0.12         0.22         0.21         0.23         0.28         0.24         0.42
        0.05         0.08         0.08         0.12         0.27         0.32         0.20         0.26         0.27
    518400      9     13
        0.40         0.32         0.38         0.37         0.49         0.29         0.34         0.31         0.27
        0.37         0.18         0.38         0.36         0.58         0.53         0.37         0.22         0.22
        0.42         0.22         0.29         0.17         0.43         0.56         0.26         0.15         0.36
        0.44         0.28         0.22         0.14         0.31         0.44         0.42         0.43         0.66
        0.32         0.20         0.22         0.20         0.27         0.67         0.64         0.52         0.45
        0.45         0.32         0.31         0.33         0.31         0.54         0.67         0.65         0.52
        0.41         0.27         0.35         0.49         0.36         0.46         0.50         0.43         0.33
        0.30         0.33         0.35         0.43         0.48         0.39         0.37         0.40         0.28
        0.70         0.58         0.45         0.28         0.42         0.42         0.45         0.53         0.45
        0.71         0.62         0.50         0.53         1.25         0.52         0.46         0.68         0.83
        0.41         0.56         0.69         2.13         2.85         0.68         0.68         0.76         0.90
        0.53         0.61         1.19         2.63         2.39         1.48         1.76         0.91         0.75
        0.67         1.04         1.26         1.34         2.02         3.89         2.09         0.95         0.75
    604800      9     13
        0.15         0.18         0.27         0.22         0.19         0.19         0.25         0.30         0.31
        0.31         0.47         0.47         0.21         0.15         0.30         0.47         0.43         0.27
        0.42         0.67         0.59         0.32         0.23         0.33         0.41         0.35         0.34
        0.28         0.29         0.48         0.57         0.34         0.29         0.23         0.25         0.33
        0.21         0.30         0.72         0.56         0.27         0.23         0.17         0.20         0.31
        0.23         0.49         0.70         0.33         0.21         0.20         0.17         0.18         0.27
        0.35         0.42         0.76         1.07         0.42         0.21         0.30         0.28         0.29
        0.44         0.48         1.97         2.31         0.40         0.19         0.42         0.38         0.30
        0.29         0.40         1.51         1.10         0.27         0.25         0.26         0.26         0.32
        0.25         0.21         0.53         0.53         0.63         0.38         0.12         0.11         0.15
        0.49         0.31         0.36         0.57         0.55         0.45         0.26         0.14         0.13
        0.58         0.46         0.62         0.84         0.66         0.66         0.54         0.41         0.31
        0.86         1.60         1.91         1.37         1.28         1.04         0.58         0.47         0.49
    691200      9     13
        0.65         0.61         0.46         0.28         0.20         0.17         0.18         0.19         0.16
        0.52         0.46         0.38         0.33         0.24         0.15         0.11         0.13         0.09
        0.33         0.45         0.44         0.34         0.24         0.19         0.15         0.13         0.20
        0.18         0.38         0.41         0.33         0.32         0.21         0.07         0.04         0.18
        0.22         0.32         0.26         0.29         0.39         0.28         0.12         0.04         0.07
        0.12         0.26         0.27         0.25         0.32         0.23         0.22         0.09         0.03
        0.23         0.21         0.16         0.20         0.11         0.07         0.10         0.13         0.04
        0.36         0.48         0.37         0.25         0.14         0.08         0.05         0.05         0.08
        0.41         0.45         0.26         0.16         0.11         0.06         0.05         0.05         0.07
        0.13         0.07         0.05         0.11         0.08         0.02         0.00         0.00         0.00
        0.00         0.00         0.01         0.05         0.03         0.01         0.00         0.00         0.00
        0.03         0.03         0.02         0.05         0.04         0.02         0.04         0.01         0.01
        0.10         0.07         0.07         0.15         0.32         0.19         0.05         0.07         0.10
    777600      9     13
        0.12         0.24         0.35         0.25         0.17         0.22         0.16         0.10         0.16
        0.07         0.18         0.38         0.46         0.31         0.18         0.19         0.20         0.19
        0.09         0.15         0.31         0.35         0.33         0.21         0.28         0.21         0.32
        0.16         0.22         0.35         0.37         0.28         0.20         0.29         0.26         0.35
        0.13         0.14         0.18         0.29         0.27         0.17         0.13         0.15         0.13
        0.07         0.15         0.16         0.29         0.29         0.16         0.10         0.04         0.01
        0.08         0.22         0.15         0.25         0.29         0.20         0.10         0.02         0.02
        0.07         0.20         0.21         0.29         0.27         0.15         0.07         0.02         0.01
        0.18         0.31         0.29         0.17         0.09         0.06         0.14         0.05         0.01
        0.10         0.14         0.21         0.17         0.06         0.04         0.09         0.05         0.01
        0.02         0.06         0.16         0.15         0.01         0.02         0.01         0.01         0.02
        0.00         0.06         0.16         0.09         0.01         0.00         0.00         0.00         0.01
        0.01         0.03         0.13         0.15         0.14         0.04         0.01         0.02         0.01
    864000      9     13
        0.33         0.34         0.48         0.32         0.41         0.36         0.62         0.72         0.68
        0.15         0.26         0.32         0.28         0.26         0.27         0.30         0.44         0.60
        0.23         0.30         0.51         0.40         0.38         0.23         0.25         0.24         0.81
        0.26         0.42         0.60         0.52         0.49         0.21         0.31         0.30         0.63
        0.41         0.37         0.42         0.67         0.86         0.26         0.21         0.31         0.48
        0.48         0.42         0.32         0.59         0.75         0.27         0.21         0.35         0.48
        0.33         0.37         0.24         0.61         0.67         0.26         0.13         0.31         0.47
        0.35         0.35         0.38         0.40         0.36         0.12         0.14         0.22         0.29
        0.30         0.34         0.44         0.35         0.14         0.05         0.24         0.20         0.13
        0.34         0.46         0.47         0.36         0.17         0.12         0.13         0.10         0.05
        0.16         0.39         0.45         0.40         0.17         0.14         0.06         0.04         0.02
        0.01         0.11         0.29         0.36         0.22         0.08         0.11         0.03         0.02
        0.00         0.04         0.23         0.39         0.38         0.11         0.21         0.03         0.00
    950400      9     13
        1.11         1.82         1.89         1.81         2.54         3.38         3.08         3.53         1.92
        0.56         1.00         1.67         2.51         3.36         3.57         2.37         3.49         2.74
        0.44         0.65         1.32         1.82         1.99         2.51         1.92         2.05         2.62
        0.30         0.46         0.83         1.38         0.84         0.95         1.45         1.35         1.99
        0.31         0.33         0.70         1.45         1.04         0.80         1.36         1.53         1.86
        0.20         0.25         0.53         0.95         1.13         1.00         1.32         1.77         2.21
        0.16         0.22         0.44         0.73         0.94         1.07         1.44         1.79         1.96
        0.12         0.16         0.33         0.40         0.73         1.02         1.39         1.29         1.37
        0.11         0.16         0.14         0.21         0.33         0.76         1.16         1.11         0.96
        0.15         0.17         0.15         0.16         0.16         0.29         0.71         0.95         0.80
        0.12         0.20         0.14         0.14         0.27         0.32         0.43         0.65         0.57
        0.12         0.18         0.19         0.24         0.27         0.25         0.13         0.20         0.39
        0.12         0.06         0.12         0.26         0.35         0.15         0.04         0.07         0.36
   1036800      9     13
        1.59         2.07         1.13         0.58         0.61         0.73         0.82         0.28         0.15
        0.67         0.67         0.80         0.51         0.80         1.08         0.85         0.36         0.36
        0.57         0.37         0.57         0.42         0.83         0.51         0.48         0.35         0.75
        0.63         0.49         0.40         0.44         0.74         0.31         0.37         0.29         0.76
        0.58         0.75         0.44         0.45         0.83         0.46         0.23         0.42         0.56
        0.70         0.92         0.70         0.53         0.67         0.51         0.25         0.65         0.94
        0.52         0.87         0.88         0.72         0.57         0.40         0.36         0.65         0.61
        0.43         0.80         0.71         0.86         0.53         0.41         0.49         0.38         0.21
        0.32         0.39         0.61         1.05         1.03         0.56         0.44         0.27         0.21
        0.40         0.46         0.56         0.89         0.95         0.96         0.95         0.59         0.32
        0.29         0.31         0.26         0.35         0.59         0.77         0.93         0.74         0.51
        0.23         0.22         0.27         0.33         0.54         0.35         0.39         0.49         0.50
        0.12         0.14         0.17         0.37         0.54         0.39         0.27         0.52         0.66
   1123200      9     13
        0.31         0.42         0.63         0.56         0.49         0.49         0.51         0.38         0.28
        0.30         0.42         0.60         0.56         0.50         0.72         0.61         0.40         0.38
        0.17         0.41         0.56         0.45         0.47         0.60         0.50         0.35         0.50
        0.10         0.28         0.63         0.59         0.60         0.51         0.57         0.46         0.47
        0.08         0.33         0.57         0.54         0.72         0.64         0.64         0.63         0.65
        0.06         0.27         0.49         0.37         0.70         0.69         0.65         0.75         0.77
        0.05         0.17         0.30         0.23         0.38         0.56         0.64         0.82         0.71
        0.07         0.11         0.19         0.19         0.30         0.41         0.51         0.60         0.67
        0.14         0.15         0.19         0.29         0.40         0.33         0.16         0.29         0.46
        0.18         0.15         0.20         0.36         0.29         0.13         0.05         0.20         0.28
        0.09         0.08         0.10         0.13         0.09         0.03         0.06         0.13         0.10
        0.06         0.07         0.06         0.05         0.09         0.18         0.13         0.04         0.05
        0.10         0.09         0.08         0.08         0.22         0.24         0.16         0.05         0.06
   1209600      9     13
        0.21         0.27         0.41         0.32         0.25         0.29         0.47         0.40         0.28
        0.18         0.29         0.37         0.31         0.25         0.43         0.51         0.40         0.40
        0.08         0.20         0.43         0.34         0.30         0.47         0.48         0.39         0.46
        0.04         0.13         0.42         0.53         0.43         0.40         0.55         0.48         0.54
        0.07         0.15         0.34         0.43         0.55         0.50         0.54         0.62         0.77
        0.14         0.17         0.28         0.37         0.61         0.62         0.57         0.67         0.82
        0.20         0.19         0.18         0.27         0.50         0.36         0.41         0.44         0.60
        0.24         0.12         0.13         0.31         0.38         0.12         0.14         0.29         0.52
        0.17         0.13         0.21         0.40         0.43         0.15         0.10         0.18         0.26
        0.24         0.20         0.25         0.49         0.60         0.27         0.14         0.11         0.06
        0.23         0.22         0.21         0.46         0.53         0.21         0.12         0.10         0.07
        0.19         0.16         0.22         0.37         0.38         0.25         0.15         0.06         0.04
        0.14         0.24         0.33         0.37         0.35         0.19         0.16         0.12         0.07
   1296000      9     13
        0.14         0.15         0.33         0.47         0.39         0.32         0.38         0.37         0.28
        0.22         0.17         0.22         0.33         0.20         0.27         0.37         0.32         0.23
        0.18         0.19         0.29         0.38         0.14         0.14         0.34         0.20         0.31
        0.19         0.18         0.29         0.46         0.33         0.19         0.30         0.33         0.40
        0.21         0.15         0.31         0.36         0.32         0.29         0.33         0.39         0.52
        0.24         0.12         0.23         0.17         0.16         0.28         0.30         0.39         0.54
        0.11         0.09         0.14         0.07         0.07         0.09         0.17         0.22         0.28
        0.12         0.11         0.12         0.08         0.07         0.06         0.08         0.11         0.25
        0.20         0.24         0.20         0.13         0.08         0.05         0.10         0.16         0.22
        0.34         0.34         0.24         0.20         0.18         0.07         0.11         0.14         0.14
        0.38         0.39         0.29         0.17         0.13         0.09         0.06         0.06         0.03
        0.34         0.32         0.29         0.23         0.22         0.24         0.11         0.01         0.00
        0.18         0.17         0.21         0.31         0.52         0.34         0.16         0.03         0.01