         0      9     13
        0.13         0.48         0.81         0.38         0.24         0.22         0.15         0.28         0.30
        0.23         0.26         0.54         0.25         0.19         0.17         0.16         0.21         0.20
        0.10         0.08         0.22         0.22         0.35         0.41         0.35         0.33         0.35
        0.21         0.14         0.23         0.33         0.56         0.54         0.25         0.26         0.57
        0.34         0.40         0.31         0.28         0.30         0.46         0.36         0.34         0.51
        0.50         0.41         0.31         0.15         0.15         0.45         0.55         0.50         0.33
        0.56         0.47         0.36         0.17         0.14         0.32         0.38         0.16         0.04
        0.47         0.69         0.56         0.35         0.13         0.24         0.31         0.13         0.06
        0.42         0.44         0.32         0.27         0.09         0.09         0.19         0.12         0.15
        0.27         0.26         0.21         0.18         0.25         0.07         0.10         0.19         0.14
        0.33         0.63         0.67         0.49         0.39         0.26         0.62         0.40         0.19
        0.10         0.19         0.38         0.36         0.27         0.48         0.93         0.30         0.23
        0.09         0.05         0.04         0.13         0.48         0.28         0.36         0.67         0.28
     86400      9     13
        0.20         0.25         0.13         0.33         0.50         0.37         0.24         0.29         0.24
        0.41         0.40         0.22         0.10         0.14         0.36         0.41         0.11         0.09
        1.22         0.45         0.38         0.23         0.42         0.72         0.57         0.13         0.53
        0.90         0.51         0.65         0.34         1.18         0.84         0.56         0.39         0.80
        0.45         0.58         0.96         0.53         1.14         1.00         0.73         0.50         0.93
        0.67         0.60         1.00         0.41         0.88         1.11         1.02         0.67         0.81
        0.87         0.58         0.83         0.24         0.91         1.54         0.97         0.70         0.64
        0.63         0.82         1.11         0.49         0.83         0.72         0.59         0.63         0.64
        2.66         2.75         1.27         0.77         0.89         0.57         0.27         0.19         0.34
        1.24         1.84         1.75         2.37         1.16         0.68         0.28         0.17         0.35
        0.41         1.22         2.05         2.18         1.35         0.76         0.52         0.19         0.16
        0.33         1.12         1.40         0.91         0.63         0.55         0.54         0.24         0.08
        0.13         0.26         0.67         0.55         0.37         0.32         0.64         0.43         0.22
    172800      9     13
        0.03         0.06         0.09         0.08         0.17         0.09         0.03         0.07         0.06
        0.04         0.04         0.09         0.03         0.07         0.05         0.05         0.06         0.10
        0.45         0.09         0.21         0.06         0.20         0.22         0.17         0.14         0.21
        0.22         0.24         0.37         0.13         0.42         0.41         0.25         0.24         0.40
        0.07         0.14         0.30         0.13         0.20         0.33         0.34         0.42         0.53
        0.11         0.13         0.20         0.08         0.22         0.22         0.20         0.28         0.44
        0.23         0.12         0.09         0.06         0.28         0.18         0.03         0.14         0.20
        0.10         0.07         0.14         0.14         0.08         0.06         0.01         0.07         0.10
        0.10         0.22         0.18         0.23         0.09         0.05         0.00         0.03         0.06
        0.08         0.09         0.15         0.22         0.18         0.03         0.01         0.09         0.09
        0.01         0.08         0.31         0.41         0.29         0.17         0.12         0.03         0.12
        0.02         0.17         0.39         0.45         0.22         0.20         0.15         0.01         0.01
        0.03         0.09         0.18         0.67         0.44         0.25         0.17         0.10         0.05
    259200      9     13
        0.11         0.22         0.44         0.32         0.19         0.11         0.14         0.12         0.09
        0.10         0.38         1.03         0.86         0.32         0.28         0.22         0.15         0.08
        0.04         0.04         0.18         0.15         0.35         0.32         0.26         0.30         0.56
        0.07         0.10         0.13         0.29         0.63         0.41         0.19         0.37         0.88
        0.19         0.57         0.47         0.14         0.56         0.33         0.11         0.37         0.59
        0.50         0.55         0.35         0.08         0.38         0.30         0.12         0.23         0.39
        2.50         1.80         0.44         0.20         0.38         0.11         0.02         0.04         0.14
        0.73         0.68         0.34         0.13         0.13         0.03         0.01         0.04         0.09
        0.10         0.22         0.23         0.11         0.06         0.02         0.01         0.03         0.08
        0.04         0.06         0.14         0.15         0.17         0.07         0.01         0.02         0.02
        0.07         0.07         0.06         0.12         0.24         0.10         0.01         0.03         0.05
        0.14         0.10         0.04         0.02         0.08         0.20         0.23         0.02         0.00
        0.14         0.14         0.06         0.07         0.07         0.08         0.24         0.18         0.00
    345600      9     13
        0.41         0.45         0.49         0.66         1.65         4.27         3.18         1.11         1.04
        1.27         0.72         0.24         0.59         1.55         2.84         2.10         1.72         0.54
        0.16         0.21         0.25         0.87         1.48         1.51         1.21         0.97         0.76
        0.21         0.26         0.42         1.81         1.81         0.79         1.08         1.77         1.32
        0.02         0.15         0.43         0.69         0.96         1.12         1.50         1.77         1.97
        0.02         0.08         0.22         0.58         0.89         1.52         1.65         1.37         1.28
        0.21         0.34         0.26         0.53         0.91         1.57         2.21         1.99         1.80
        0.42         0.42         0.41         0.57         0.68         1.02         1.59         1.46         2.49
        0.28         0.37         0.38         0.51         0.65         0.41         0.40         0.68         1.05
        0.23         0.41         0.64         0.86         1.22         0.96         0.40         0.74         0.96
        0.26         0.43         0.65         1.47         1.53         1.82         0.79         0.64         0.73
        0.21         0.22         0.39         0.95         0.95         1.53         1.36         0.77         0.42
        0.18         0.09         0.33         0.95         1.12         1.03         1.23         0.81         0.54
    432000      9     13
        0.61         0.65         0.58         0.48         0.39         0.46         0.68         0.39         0.08
        0.59         0.79         0.62         0.60         0.41         0.40         0.51         0.18         0.08
        0.62         0.76         0.77         0.44         0.51         0.45         0.45         0.20         0.22
        0.48         0.66         0.70         0.29         0.51         0.73         0.44         0.41         0.43
        0.74         0.71         0.68         0.30         0.46         0.61         0.45         0.46         0.42
        0.77         0.69         0.45         0.37         0.45         0.70         0.57         0.52         0.61
        0.71         0.50         0.50         0.41         0.70         1.06         0.78         0.76         0.69
        0.46         0.58         0.69         0.70         0.99         0.86         0.55         0.49         0.46
        0.53         1.04         0.94         0.61         0.95         0.77         0.44         0.34         0.40
        0.74         0.80         0.96         0.86         1.10         0.65         0.41         0.32         0.40
        0.89         0.99         0.85         1.07         1.26         1.02         0.68         0.21         0.20
        0.67         0.72         0.74         0.92         1.10         0.90         0.72         0.43         0.38
        0.46         0.62         0.99         1.03         1.03         0.65         1.07         0.90         0.66
    518400      9     13
        0.38         1.08         1.01         0.57         0.36         0.29         0.37         0.52         0.54
        0.40         0.78         0.82         0.67         0.85         1.13         0.46         0.68         0.94
        0.59         0.48         0.67         0.60         1.13         1.79         0.53         0.65         0.80
        0.54         0.44         0.42         0.42         0.51         0.71         0.38         0.43         0.54
        0.46         0.31         0.42         0.52         0.50         0.47         0.24         0.26         0.42
        0.65         0.23         0.46         0.65         0.56         0.35         0.26         0.28         0.29
        0.72         0.30         0.61         1.12         0.68         0.28         0.32         0.60         0.42
        0.35         0.42         0.33         0.42         0.24         0.19         0.16         0.46         0.53
        0.44         0.40         0.18         0.15         0.19         0.24         0.18         0.34         0.48
        0.29         0.16         0.23         0.19         0.25         0.27         0.25         0.34         0.51
        0.07         0.15         0.19         0.15         0.20         0.30         0.34         0.44         0.47
        0.10         0.14         0.16         0.19         0.16         0.35         0.32         0.38         0.33
        0.31         0.36         0.45         0.29         0.23         0.26         0.26         0.33         0.35
    604800      9     13
        0.21         0.20         0.25         0.24         0.40         0.37         0.35         0.45         0.35
        0.34         0.20         0.33         0.38         0.30         0.38         0.54         0.37         0.22
        0.57         0.29         0.41         0.26         0.26         0.45         0.33         0.20         0.54
        0.70         0.45         0.47         0.30         0.26         0.39         0.24         0.24         0.35
        0.73         0.44         0.45         0.22         0.21         0.43         0.43         0.52         0.36
        0.74         0.45         0.33         0.24         0.37         0.75         0.55         0.47         0.22
        0.70         0.45         0.34         0.39         0.58         1.02         0.53         0.41         0.25
        0.66         0.54         0.41         0.38         0.46         1.49         1.06         0.67         0.58
        0.62         0.52         0.51         0.48         0.64         1.37         2.06         1.09         0.63
        0.68         0.57         0.58         0.58         0.68         1.59         3.25         1.26         0.50
        0.57         0.58         0.72         0.76         0.79         1.66         3.34         1.82         0.97
        0.17         0.54         0.89         1.04         1.25         1.86         3.14         3.17         3.14
        0.23         0.47         0.89         1.41         1.68         1.94         2.74         4.54         5.81
    691200      9     13
        0.42         0.31         0.35         0.38         0.29         0.28         0.39         0.40         0.26
        0.71         0.48         0.44         0.44         0.26         0.36         0.39         0.23         0.20
        0.73         0.72         0.62         0.47         0.23         0.58         0.35         0.24         0.41
        0.60         0.98         0.82         0.43         0.28         0.48         0.28         0.33         0.35
        0.62         1.15         1.28         0.64         0.35         0.40         0.29         0.37         0.41
        0.77         1.53         1.00         0.71         0.64         0.72         0.42         0.45         0.42
        1.24         1.30         0.91         0.87         0.67         0.80         0.46         0.36         0.43
        1.42         1.42         1.15         0.62         0.84         1.34         0.58         0.40         0.26
        1.62         1.25         0.75         0.51         0.89         1.82         0.90         0.46         0.37
        1.19         0.84         0.69         0.67         1.51         1.17         1.04         0.68         0.60
        0.88         0.80         0.66         0.98         1.80         0.78         0.59         0.44         0.61
        0.74         0.71         0.77         0.93         1.02         0.74         0.56         0.39         1.18
        0.70         0.47         0.63         0.81         1.04         0.79         0.58         0.56         0.82
    777600      9     13
        0.53         0.38         0.38         0.34         0.25         0.26         0.33         0.24         0.21
        0.69         0.52         0.56         0.47         0.30         0.28         0.35         0.38         0.37
        0.77         0.78         0.76         0.57         0.67         0.74         0.63         0.47         0.34
        0.88         0.82         0.70         0.59         0.90         0.69         0.72         0.56         0.72
        0.71         0.73         0.60         0.61         0.84         0.59         0.57         0.51         0.67
        0.59         0.70         0.81         0.70         0.77         0.77         0.55         0.28         0.37
        0.39         0.74         0.88         0.89         0.77         0.62         0.50         0.25         0.32
        0.43         0.73         0.72         0.96         0.80         0.52         0.52         0.83         0.73
        0.52         0.58         0.76         1.01         1.07         0.92         1.17         2.72         1.67
        0.70         0.80         0.85         0.85         0.84         1.16         1.51         1.78         1.27
        0.71         0.69         0.64         0.57         0.68         0.99         1.19         1.13         0.82
        0.50         0.55         0.57         0.63         0.89         0.90         0.80         1.00         1.00
        0.38         0.34         0.33         0.38         0.82         0.85         0.76         0.92         0.99
    864000      9     13
        0.18         0.24         0.36         0.40         0.21         0.15         0.18         0.14         0.08
        0.16         0.11         0.18         0.30         0.25         0.24         0.14         0.16         0.20
        0.11         0.10         0.17         0.20         0.13         0.24         0.20         0.11         0.33
        0.12         0.13         0.17         0.27         0.18         0.17         0.23         0.15         0.24
        0.08         0.09         0.16         0.27         0.28         0.24         0.28         0.24         0.37
        0.16         0.10         0.17         0.28         0.37         0.36         0.34         0.21         0.38
        0.15         0.16         0.16         0.20         0.31         0.37         0.41         0.33         0.44
        0.15         0.16         0.10         0.09         0.13         0.31         0.38         0.51         0.60
        0.10         0.10         0.13         0.17         0.20         0.28         0.40         0.53         0.62
        0.12         0.10         0.16         0.20         0.22         0.25         0.32         0.48         0.56
        0.09         0.21         0.27         0.15         0.11         0.12         0.23         0.31         0.41
        0.14         0.25         0.36         0.24         0.10         0.06         0.11         0.21         0.45
        0.18         0.37         0.49         0.44         0.26         0.19         0.13         0.18         0.52
    950400      9     13
        0.27         0.13         0.19         0.18         0.16         0.08         0.08         0.09         0.13
        0.37         0.18         0.17         0.21         0.19         0.18         0.25         0.13         0.05
        0.27         0.32         0.22         0.22         0.09         0.14         0.27         0.17         0.19
        0.15         0.20         0.29         0.39         0.18         0.12         0.11         0.21         0.36
        0.07         0.03         0.15         0.42         0.30         0.12         0.20         0.28         0.41
        0.09         0.03         0.06         0.50         0.46         0.24         0.40         0.51         0.61
        0.17         0.09         0.08         0.29         0.26         0.25         0.54         0.82         0.79
        0.22         0.20         0.21         0.12         0.06         0.04         0.38         0.55         0.61
        0.25         0.27         0.28         0.24         0.15         0.09         0.15         0.26         0.54
        0.37         0.42         0.48         0.39         0.34         0.13         0.07         0.33         0.49
        0.46         0.56         0.50         0.34         0.28         0.25         0.20         0.26         0.33
        0.34         0.69         0.61         0.41         0.31         0.45         0.33         0.22         0.31
        0.31         0.43         0.48         0.36         0.45         0.38         0.19         0.14         0.21
   1036800      9     13
        0.15         0.08         0.44         0.58         0.27         0.12         0.20         0.38         0.34
        0.12         0.10         0.20         0.39         0.11         0.18         0.40         0.38         0.27
        0.18         0.26         0.34         0.36         0.05         0.25         0.43         0.22         0.35
        0.18         0.33         0.50         0.61         0.34         0.30         0.50         0.29         0.30
        0.23         0.20         0.37         0.61         0.57         0.46         0.54         0.47         0.66
        0.22         0.14         0.21         0.36         0.42         0.48         0.60         0.58         0.62
        0.12         0.08         0.08         0.10         0.15         0.20         0.44         0.54         0.61
        0.05         0.04         0.08         0.02         0.03         0.11         0.35         0.37         0.55
        0.06         0.04         0.08         0.04         0.05         0.21         0.29         0.26         0.48
        0.06         0.04         0.06         0.13         0.11         0.10         0.09         0.34         0.49
        0.01         0.02         0.06         0.06         0.04         0.06         0.21         0.49         0.45
        0.05         0.02         0.04         0.03         0.05         0.19         0.23         0.12         0.15
        0.14         0.02         0.01         0.02         0.17         0.20         0.14         0.10         0.07
   1123200      9     13
        0.34         0.23         0.63         0.50         0.36         0.30         0.39         0.22         0.17
        0.40         0.27         0.27         0.45         0.33         0.51         0.47         0.23         0.16
        0.20         0.39         0.42         0.40         0.22         0.51         0.32         0.08         0.23
        0.26         0.43         0.72         0.85         0.66         0.49         0.34         0.29         0.44
        0.25         0.30         0.86         1.02         0.74         0.55         0.48         0.48         0.63
        0.23         0.27         0.85         0.72         0.55         0.57         0.58         0.44         0.56
        0.19         0.32         0.47         0.40         0.48         0.46         0.49         0.45         0.50
        0.28         0.49         0.42         0.18         0.32         0.48         0.49         0.51         0.68
        0.28         0.26         0.21         0.27         0.36         0.50         0.48         0.59         0.83
        0.54         0.55         0.44         0.40         0.35         0.29         0.37         0.71         0.61
        0.57         0.53         0.39         0.34         0.25         0.24         0.27         0.32         0.14
        0.54         0.63         0.58         0.55         0.50         0.53         0.23         0.04         0.07
        0.71         0.68         0.43         0.46         0.66         0.53         0.21         0.10         0.07
   1209600      9     13
        0.50         0.41         0.67         0.67         0.47         0.43         0.54         0.73         0.68
        0.43         0.38         0.40         0.47         0.28         0.36         0.66         0.64         0.58
        0.42         0.56         0.46         0.46         0.29         0.29         0.57         0.51         0.61
        0.22         0.39         0.57         0.74         0.59         0.34         0.56         0.70         0.69
        0.09         0.17         0.46         0.84         0.85         0.46         0.48         0.74         0.76
        0.17         0.24         0.44         0.53         0.62         0.49         0.50         0.65         0.59
        0.24         0.29         0.49         0.42         0.30         0.20         0.24         0.36         0.39
        0.20         0.27         0.48         0.28         0.13         0.06         0.17         0.25         0.32
        0.15         0.21         0.19         0.15         0.11         0.15         0.20         0.22         0.25
        0.17         0.32         0.23         0.24         0.27         0.23         0.17         0.22         0.22
        0.12         0.32         0.36         0.38         0.35         0.16         0.08         0.13         0.12
        0.13         0.34         0.43         0.39         0.34         0.37         0.19         0.13         0.17
        0.19         0.28         0.19         0.29         0.51         0.48         0.24         0.15         0.14
   1296000      9     13
        0.33         0.27         0.44         0.59         0.51         0.46         0.54         0.62         0.51
        0.38         0.48         0.45         0.53         0.46         0.48         0.58         0.50         0.43
        0.36         0.35         0.32         0.37         0.27         0.45         0.56         0.40         0.46
        0.19         0.20         0.27         0.37         0.28         0.37         0.51         0.64         0.70
        0.15         0.18         0.28         0.37         0.36         0.28         0.38         0.62         0.78
        0.16         0.18         0.26         0.31         0.33         0.33         0.40         0.43         0.49
        0.17         0.15         0.17         0.21         0.25         0.28         0.26         0.27         0.39
        0.10         0.11         0.15         0.11         0.12         0.10         0.12         0.21         0.36
        0.12         0.17         0.14         0.13         0.11         0.10         0.11         0.17         0.33
        0.13         0.18         0.17         0.19         0.25         0.24         0.25         0.37         0.45
        0.18         0.26         0.32         0.40         0.50         0.45         0.34         0.41         0.45
        0.39         0.40         0.43         0.51         0.50         0.49         0.31         0.19         0.22
        0.39         0.34         0.46         0.47         0.60         0.42         0.18         0.12         0.12