         0      9     13
        0.32         0.46         1.08         1.18         1.15         1.16         1.07         0.91         0.83
        0.93         0.87         1.17         1.42         1.42         1.78         1.47         1.27         1.20
        1.00         1.10         1.24         1.43         1.73         2.55         2.30         1.46         1.69
        0.68         1.04         1.58         1.63         1.77         2.16         2.32         1.71         1.37
        0.57         0.80         1.32         1.26         1.71         1.74         1.45         1.27         1.34
        0.53         0.60         1.04         1.05         1.58         1.73         1.45         1.50         1.92
        0.54         0.67         0.98         0.87         0.91         0.94         1.21         1.79         2.43
        0.44         0.48         0.64         0.60         0.75         0.86         1.24         1.95         2.63
        0.35         0.42         0.51         0.68         0.81         0.86         1.09         1.65         2.37
        0.40         0.49         0.51         0.70         1.01         0.88         1.05         1.36         1.84
        0.34         0.43         0.47         0.62         0.90         1.04         1.06         1.12         1.15
        0.53         0.67         0.60         0.58         0.64         0.86         1.04         0.92         0.73
        0.48         0.55         0.55         0.62         0.74         0.56         0.54         0.58         0.57
     86400      9     13
        0.43         0.37         0.39         0.30         0.38         0.38         0.46         0.50         0.35
        0.41         0.34         0.50         0.44         0.29         0.38         0.42         0.26         0.22
        0.37         0.33         0.49         0.44         0.24         0.34         0.33         0.16         0.41
        0.28         0.30         0.39         0.45         0.26         0.24         0.31         0.30         0.36
        0.24         0.25         0.35         0.38         0.25         0.15         0.33         0.45         0.50
        0.31         0.29         0.28         0.24         0.25         0.23         0.38         0.45         0.49
        0.28         0.39         0.45         0.20         0.15         0.23         0.27         0.31         0.34
        0.22         0.22         0.26         0.19         0.16         0.12         0.26         0.33         0.27
        0.26         0.40         0.29         0.19         0.13         0.17         0.26         0.27         0.34
        0.83         1.09         0.58         0.29         0.20         0.13         0.16         0.33         0.47
        0.62         0.75         0.67         0.48         0.34         0.15         0.14         0.26         0.21
        0.72         0.92         0.93         0.66         0.40         0.36         0.17         0.04         0.07
        0.19         0.33         0.62         0.74         0.76         0.79         0.31         0.15         0.15
    172800      9     13
        0.26         0.17         0.36         0.37         0.26         0.25         0.37         0.36         0.41
        0.25         0.19         0.33         0.27         0.10         0.26         0.41         0.30         0.36
        0.15         0.08         0.25         0.27         0.12         0.29         0.53         0.39         0.44
        0.03         0.03         0.16         0.19         0.16         0.18         0.37         0.39         0.43
        0.07         0.07         0.15         0.11         0.15         0.17         0.29         0.33         0.49
        0.14         0.15         0.11         0.10         0.14         0.23         0.37         0.42         0.54
        0.18         0.26         0.17         0.20         0.19         0.22         0.24         0.28         0.36
        0.10         0.11         0.19         0.33         0.27         0.08         0.05         0.08         0.11
        0.13         0.16         0.17         0.14         0.10         0.10         0.08         0.08         0.03
        0.25         0.23         0.18         0.13         0.12         0.08         0.06         0.04         0.05
        0.16         0.12         0.13         0.14         0.15         0.09         0.06         0.03         0.02
        0.07         0.15         0.22         0.29         0.25         0.19         0.10         0.03         0.02
        0.09         0.08         0.12         0.14         0.19         0.18         0.08         0.07         0.07
    259200      9     13
        0.45         0.33         0.48         0.39         0.27         0.27         0.42         0.35         0.40
        0.35         0.27         0.41         0.37         0.33         0.43         0.56         0.34         0.23
        0.24         0.29         0.42         0.41         0.25         0.44         0.47         0.29         0.23
        0.18         0.22         0.40         0.43         0.33         0.29         0.25         0.21         0.33
        0.18         0.18         0.29         0.38         0.33         0.21         0.16         0.24         0.23
        0.18         0.15         0.21         0.26         0.24         0.20         0.22         0.25         0.34
        0.06         0.11         0.19         0.14         0.15         0.18         0.24         0.23         0.27
        0.04         0.03         0.11         0.06         0.05         0.03         0.09         0.14         0.15
        0.06         0.09         0.15         0.21         0.18         0.07         0.08         0.08         0.10
        0.09         0.17         0.26         0.28         0.19         0.13         0.10         0.14         0.24
        0.03         0.16         0.29         0.28         0.20         0.16         0.12         0.23         0.31
        0.10         0.25         0.46         0.54         0.47         0.42         0.29         0.24         0.32
        0.28         0.39         0.55         0.53         0.63         0.66         0.37         0.19         0.28
    345600      9     13
        0.41         0.56         0.59         0.67         0.57         0.63         0.68         0.49         0.41
        0.53         0.64         0.54         0.60         0.40         0.52         0.81         0.59         0.33
        0.70         0.87         0.75         0.67         0.47         0.55         0.99         0.81         0.71
        0.74         0.75         0.71         0.78         0.67         0.40         0.46         0.59         0.76
        0.53         0.55         0.49         0.57         0.55         0.25         0.10         0.26         0.36
        0.49         0.44         0.30         0.39         0.38         0.12         0.05         0.18         0.39
        0.43         0.30         0.19         0.24         0.14         0.06         0.06         0.10         0.21
        0.16         0.07         0.15         0.07         0.05         0.08         0.09         0.14         0.10
        0.02         0.04         0.05         0.05         0.04         0.03         0.10         0.18         0.17
        0.01         0.04         0.06         0.13         0.10         0.04         0.12         0.19         0.18
        0.00         0.01         0.05         0.11         0.05         0.03         0.05         0.09         0.15
        0.02         0.06         0.11         0.11         0.07         0.04         0.07         0.02         0.02
        0.12         0.20         0.28         0.27         0.21         0.14         0.13         0.04         0.01
    432000      9     13
        0.07         0.05         0.05         0.19         0.24         0.26         0.47         0.35         0.24
        0.09         0.12         0.14         0.24         0.22         0.19         0.38         0.45         0.30
        0.16         0.14         0.19         0.25         0.23         0.20         0.37         0.36         0.30
        0.18         0.17         0.19         0.24         0.28         0.22         0.23         0.26         0.28
        0.18         0.15         0.23         0.33         0.32         0.24         0.19         0.20         0.21
        0.15         0.13         0.15         0.21         0.28         0.21         0.19         0.25         0.22
        0.06         0.11         0.11         0.17         0.22         0.10         0.06         0.14         0.19
        0.04         0.06         0.09         0.12         0.11         0.06         0.05         0.07         0.12
        0.08         0.13         0.13         0.11         0.05         0.01         0.02         0.06         0.08
        0.08         0.08         0.10         0.10         0.08         0.01         0.03         0.07         0.09
        0.06         0.05         0.08         0.11         0.06         0.07         0.05         0.02         0.02
        0.02         0.04         0.08         0.10         0.07         0.08         0.10         0.02         0.01
        0.02         0.02         0.03         0.07         0.11         0.04         0.10         0.04         0.01
    518400      9     13
        0.23         0.18         0.15         0.26         0.23         0.21         0.20         0.22         0.15
        0.21         0.16         0.08         0.20         0.11         0.07         0.21         0.30         0.24
        0.30         0.19         0.10         0.19         0.09         0.06         0.23         0.31         0.28
        0.27         0.23         0.13         0.23         0.21         0.10         0.19         0.32         0.40
        0.26         0.16         0.20         0.24         0.19         0.12         0.03         0.17         0.37
        0.33         0.32         0.24         0.19         0.14         0.09         0.03         0.15         0.31
        0.21         0.33         0.35         0.37         0.23         0.08         0.10         0.17         0.13
        0.18         0.24         0.38         0.39         0.38         0.17         0.13         0.15         0.14
        0.20         0.21         0.24         0.21         0.21         0.17         0.09         0.10         0.13
        0.17         0.17         0.12         0.09         0.10         0.11         0.04         0.03         0.05
        0.14         0.11         0.08         0.07         0.05         0.07         0.10         0.04         0.02
        0.15         0.10         0.05         0.06         0.06         0.04         0.12         0.11         0.06
        0.13         0.11         0.07         0.05         0.03         0.04         0.07         0.12         0.09
    604800      9     13
        0.13         0.05         0.09         0.25         0.27         0.25         0.31         0.30         0.33
        0.14         0.13         0.20         0.39         0.20         0.11         0.22         0.30         0.25
        0.28         0.27         0.20         0.29         0.18         0.24         0.36         0.31         0.31
        0.35         0.34         0.22         0.42         0.32         0.15         0.26         0.24         0.43
        0.25         0.18         0.19         0.42         0.50         0.14         0.05         0.12         0.26
        0.07         0.10         0.13         0.28         0.41         0.17         0.03         0.08         0.10
        0.18         0.19         0.10         0.28         0.39         0.11         0.02         0.05         0.02
        0.14         0.16         0.24         0.16         0.14         0.03         0.01         0.01         0.01
        0.09         0.14         0.14         0.12         0.05         0.02         0.02         0.05         0.03
        0.15         0.18         0.15         0.18         0.10         0.03         0.02         0.05         0.05
        0.03         0.09         0.16         0.17         0.10         0.03         0.01         0.01         0.03
        0.02         0.06         0.19         0.21         0.19         0.12         0.07         0.03         0.01
        0.05         0.15         0.25         0.22         0.24         0.20         0.12         0.03         0.02
    691200      9     13
        0.39         0.44         0.62         0.67         0.29         0.23         0.33         0.36         0.39
        0.27         0.23         0.28         0.49         0.25         0.10         0.16         0.26         0.35
        0.55         0.43         0.38         0.47         0.22         0.19         0.29         0.24         0.28
        0.28         0.24         0.24         0.47         0.48         0.25         0.26         0.19         0.28
        0.20         0.17         0.24         0.50         0.59         0.30         0.14         0.15         0.24
        0.16         0.17         0.12         0.25         0.31         0.21         0.12         0.15         0.10
        0.23         0.20         0.12         0.23         0.22         0.07         0.09         0.11         0.04
        0.20         0.14         0.20         0.20         0.19         0.12         0.09         0.04         0.01
        0.13         0.15         0.12         0.08         0.03         0.06         0.09         0.10         0.09
        0.02         0.04         0.05         0.04         0.04         0.03         0.04         0.06         0.08
        0.04         0.08         0.19         0.18         0.07         0.03         0.02         0.01         0.01
        0.09         0.23         0.35         0.36         0.22         0.11         0.09         0.02         0.01
        0.22         0.35         0.42         0.35         0.27         0.14         0.12         0.03         0.03
    777600      9     13
        0.99         1.21         1.55         1.54         1.40         0.97         0.63         0.51         0.44
        0.55         0.76         0.91         0.88         0.66         0.54         0.52         0.61         0.52
        0.35         0.51         0.63         0.81         0.69         0.74         0.74         0.50         0.55
        0.23         0.43         0.55         0.75         0.71         0.58         0.50         0.53         0.68
        0.26         0.39         0.50         0.59         0.57         0.38         0.24         0.57         0.82
        0.41         0.39         0.39         0.45         0.46         0.36         0.28         0.39         0.54
        0.34         0.37         0.39         0.43         0.47         0.44         0.42         0.43         0.52
        0.29         0.34         0.48         0.36         0.37         0.21         0.24         0.31         0.24
        0.21         0.26         0.28         0.27         0.23         0.13         0.14         0.17         0.15
        0.20         0.25         0.26         0.27         0.20         0.09         0.07         0.17         0.22
        0.14         0.22         0.34         0.35         0.28         0.13         0.06         0.15         0.17
        0.15         0.13         0.21         0.25         0.22         0.19         0.13         0.17         0.13
        0.40         0.34         0.36         0.32         0.30         0.27         0.18         0.19         0.20
    864000      9     13
        0.45         0.37         0.55         0.83         0.59         0.42         0.51         0.62         0.62
        0.46         0.40         0.43         0.62         0.67         0.47         0.48         0.63         0.52
        0.37         0.40         0.47         0.68         0.78         0.59         0.54         0.45         0.52
        0.23         0.30         0.41         0.76         0.88         0.56         0.25         0.47         0.80
        0.18         0.29         0.41         0.66         0.83         0.49         0.17         0.67         1.12
        0.24         0.33         0.37         0.60         0.82         0.47         0.20         0.42         0.81
        0.23         0.31         0.36         0.41         0.62         0.41         0.16         0.47         0.49
        0.18         0.25         0.39         0.27         0.23         0.20         0.29         0.65         0.74
        0.16         0.19         0.21         0.32         0.15         0.08         0.28         0.46         0.59
        0.12         0.12         0.10         0.19         0.14         0.09         0.20         0.26         0.30
        0.14         0.09         0.11         0.22         0.14         0.14         0.13         0.16         0.14
        0.12         0.14         0.13         0.15         0.17         0.16         0.18         0.16         0.10
        0.10         0.09         0.11         0.11         0.13         0.15         0.20         0.16         0.13
    950400      9     13
        0.58         0.29         0.40         0.21         0.27         0.31         0.24         0.41         0.62
        0.35         0.13         0.27         0.17         0.12         0.15         0.30         0.48         0.48
        0.66         0.28         0.21         0.31         0.35         0.24         0.36         0.37         0.32
        1.16         0.81         0.42         0.30         0.41         0.29         0.20         0.31         0.33
        0.26         0.22         0.32         0.41         0.34         0.24         0.17         0.18         0.33
        0.16         0.22         0.31         0.39         0.32         0.14         0.13         0.10         0.17
        0.31         0.32         0.30         0.28         0.27         0.13         0.11         0.15         0.18
        0.47         0.43         0.40         0.27         0.22         0.12         0.10         0.15         0.17
        0.44         0.44         0.37         0.24         0.11         0.03         0.08         0.14         0.14
        0.20         0.31         0.28         0.25         0.13         0.05         0.11         0.16         0.08
        0.06         0.21         0.27         0.28         0.16         0.07         0.08         0.08         0.07
        0.12         0.23         0.35         0.42         0.31         0.18         0.15         0.10         0.10
        0.22         0.21         0.26         0.36         0.38         0.16         0.12         0.09         0.15
   1036800      9     13
        0.64         0.51         0.56         0.66         0.69         0.82         1.43         1.48         1.08
        1.06         0.94         0.78         0.97         0.78         0.72         1.18         1.68         1.12
        1.73         0.92         0.71         0.84         0.76         0.82         0.88         0.96         0.92
        0.77         0.78         0.67         0.87         0.92         1.05         0.95         1.23         1.50
        0.44         0.41         0.51         0.82         0.61         0.61         0.74         0.73         1.07
        0.52         0.41         0.35         0.63         0.49         0.47         0.68         0.69         0.88
        0.40         0.51         0.37         0.48         0.40         0.29         0.44         0.31         0.39
        0.40         0.43         0.51         0.42         0.33         0.24         0.26         0.23         0.19
        0.35         0.39         0.28         0.22         0.26         0.30         0.28         0.31         0.27
        0.22         0.13         0.12         0.18         0.14         0.18         0.33         0.41         0.44
        0.08         0.02         0.09         0.15         0.14         0.14         0.34         0.41         0.44
        0.03         0.01         0.03         0.06         0.08         0.09         0.21         0.25         0.26
        0.04         0.04         0.08         0.04         0.17         0.10         0.07         0.12         0.13
   1123200      9     13
        0.48         0.63         0.66         0.77         0.67         0.62         0.58         0.48         0.46
        0.42         0.66         0.85         0.98         0.80         0.58         0.62         0.70         0.54
        0.61         0.64         0.98         0.87         0.65         0.59         0.72         0.75         0.46
        0.48         0.39         0.71         0.63         0.50         0.64         0.73         0.54         0.58
        0.42         0.34         0.45         0.29         0.29         0.51         0.62         0.62         0.71
        0.55         0.33         0.41         0.43         0.39         0.63         0.95         1.01         1.03
        0.66         0.36         0.41         0.65         0.60         0.86         1.10         0.91         1.21
        0.85         0.48         0.54         0.74         0.89         0.95         0.57         0.42         0.51
        1.27         0.84         0.64         0.80         1.16         1.55         0.65         0.27         0.22
        2.41         1.89         1.30         1.12         1.33         1.20         0.91         0.55         0.30
        1.59         2.04         1.96         1.46         1.40         1.01         1.02         0.80         0.51
        0.72         0.87         1.21         1.27         1.12         1.11         1.02         1.02         0.97
        0.40         0.60         0.98         1.43         1.22         1.01         0.74         0.96         1.62
   1209600      9     13
        0.53         0.65         0.80         0.78         0.73         0.75         0.77         0.77         0.74
        0.48         0.54         0.56         0.55         0.63         0.53         0.55         0.61         0.62
        0.59         0.42         0.34         0.35         0.49         0.30         0.30         0.41         0.65
        0.64         0.49         0.37         0.29         0.42         0.30         0.22         0.34         0.32
        0.48         0.72         0.69         0.65         0.52         0.20         0.21         0.25         0.24
        0.38         0.67         1.10         1.13         1.23         0.36         0.31         0.37         0.38
        0.42         0.48         0.73         1.07         1.40         0.92         0.60         0.49         0.45
        0.48         0.54         0.59         0.82         1.40         2.09         1.23         0.62         0.62
        0.59         0.64         0.73         0.95         1.29         1.75         2.13         1.02         0.61
        0.63         0.74         0.75         0.97         1.21         0.58         1.59         2.54         2.00
        0.53         0.68         0.79         1.36         1.47         0.78         1.25         1.94         1.73
        0.59         0.69         0.93         1.38         1.61         2.53         1.18         1.19         1.54
        0.44         0.50         0.72         1.28         3.04         3.86         0.86         1.05         1.07
   1296000      9     13
        0.87         1.05         1.15         0.75         0.58         0.72         0.80         0.66         0.48
        0.62         0.76         1.11         0.87         0.66         0.76         0.85         0.63         0.60
        0.39         0.48         0.78         0.64         0.61         0.81         0.60         0.36         0.47
        0.39         0.37         0.59         0.59         0.61         0.67         0.55         0.45         0.34
        0.39         0.34         0.41         0.46         0.53         0.51         0.40         0.47         0.41
        0.46         0.37         0.24         0.35         0.39         0.39         0.30         0.51         0.65
        0.43         0.36         0.31         0.34         0.32         0.34         0.47         0.58         0.91
        0.61         0.44         0.41         0.34         0.22         0.18         0.32         0.58         0.57
        0.79         0.65         0.37         0.25         0.08         0.08         0.11         0.22         0.37
        1.09         0.65         0.27         0.38         0.39         0.15         0.15         0.18         0.31
        0.96         0.46         0.29         0.47         0.53         0.17         0.14         0.17         0.18
        1.18         0.71         0.42         0.25         0.21         0.17         0.18         0.19         0.13
        1.30         0.93         0.64         0.44         0.37         0.28         0.21         0.16         0.26