         0      9     13
        0.22         0.11         0.22         0.22         0.37         0.13         0.06         0.08         0.03
        0.18         0.07         0.18         0.32         0.19         0.27         0.21         0.10         0.02
        0.08         0.16         0.24         0.28         0.09         0.43         0.43         0.13         0.22
        0.15         0.31         0.49         0.38         0.17         0.29         0.30         0.21         0.39
        0.23         0.27         0.44         0.47         0.27         0.20         0.30         0.38         0.45
        0.37         0.25         0.36         0.35         0.29         0.30         0.30         0.35         0.45
        0.28         0.29         0.27         0.34         0.32         0.34         0.22         0.28         0.36
        0.12         0.33         0.37         0.09         0.17         0.25         0.28         0.30         0.29
        0.09         0.14         0.13         0.02         0.02         0.06         0.18         0.21         0.19
        0.05         0.02         0.06         0.09         0.06         0.16         0.13         0.23         0.22
        0.01         0.04         0.30         0.18         0.12         0.19         0.15         0.32         0.46
        0.01         0.02         0.30         0.33         0.15         0.26         0.27         0.34         0.39
        0.03         0.10         0.60         0.62         0.56         0.47         0.31         0.30         0.31
     86400      9     13
        0.50         0.57         0.61         0.37         0.34         0.32         0.28         0.39         0.49
        0.52         0.54         0.66         0.65         0.49         0.47         0.56         0.57         0.54
        0.66         0.90         0.59         0.69         0.38         0.60         0.81         0.66         0.69
        0.68         1.06         0.95         1.00         0.88         0.46         0.68         0.65         0.76
        1.09         1.25         1.06         1.07         1.21         0.35         0.69         1.12         1.13
        0.69         0.71         1.00         0.81         1.09         0.41         0.72         1.03         1.10
        0.30         0.46         0.56         0.79         0.49         0.16         0.34         0.44         0.49
        0.18         0.29         0.24         0.25         0.11         0.10         0.20         0.45         0.61
        0.26         0.18         0.11         0.08         0.11         0.11         0.22         0.55         0.64
        0.31         0.13         0.06         0.18         0.11         0.20         0.23         0.27         0.38
        0.36         0.07         0.23         0.37         0.17         0.07         0.12         0.34         0.40
        0.22         0.11         0.41         0.58         0.29         0.23         0.06         0.19         0.34
        0.13         0.25         0.56         0.73         0.62         0.42         0.09         0.10         0.13
    172800      9     13
        0.60         0.88         0.72         0.47         0.40         0.38         0.62         0.60         0.44
        0.77         0.81         0.52         0.67         0.70         0.56         0.54         0.37         0.69
        0.83         1.04         0.73         0.77         0.79         0.82         0.71         0.45         0.91
        0.71         0.88         0.91         0.90         0.68         0.54         0.66         0.52         0.87
        0.62         0.64         0.83         1.14         0.98         0.34         0.46         0.49         0.57
        0.70         0.49         0.54         0.89         0.90         0.31         0.41         0.54         0.63
        0.44         0.40         0.30         0.74         0.56         0.32         0.37         0.40         0.64
        0.29         0.42         0.36         0.31         0.14         0.06         0.21         0.28         0.29
        0.19         0.33         0.21         0.11         0.02         0.09         0.09         0.14         0.14
        0.28         0.32         0.13         0.09         0.03         0.03         0.10         0.09         0.11
        0.29         0.22         0.08         0.10         0.02         0.01         0.02         0.09         0.20
        0.07         0.08         0.13         0.16         0.14         0.04         0.01         0.02         0.14
        0.01         0.08         0.17         0.18         0.13         0.06         0.01         0.00         0.08
    259200      9     13
        0.52         0.37         0.22         0.22         0.11         0.12         0.27         0.39         0.33
        0.33         0.26         0.22         0.24         0.11         0.06         0.29         0.55         0.54
        0.50         0.33         0.33         0.25         0.17         0.30         0.55         0.46         0.73
        0.88         0.50         0.39         0.37         0.36         0.32         0.48         0.38         0.69
        0.63         0.36         0.26         0.30         0.37         0.16         0.22         0.39         0.48
        0.33         0.21         0.13         0.19         0.17         0.07         0.25         0.41         0.35
        0.41         0.27         0.13         0.14         0.11         0.19         0.31         0.29         0.21
        0.38         0.25         0.10         0.02         0.02         0.05         0.07         0.04         0.01
        0.22         0.07         0.02         0.01         0.01         0.01         0.00         0.00         0.01
        0.15         0.05         0.01         0.01         0.01         0.01         0.00         0.00         0.02
        0.16         0.13         0.09         0.08         0.04         0.01         0.00         0.00         0.02
        0.02         0.05         0.18         0.32         0.17         0.04         0.04         0.01         0.01
        0.01         0.04         0.13         0.30         0.25         0.13         0.05         0.01         0.00
    345600      9     13
        0.15         0.11         0.30         0.33         0.18         0.10         0.15         0.09         0.21
        0.13         0.12         0.20         0.35         0.20         0.20         0.25         0.25         0.18
        0.33         0.28         0.15         0.12         0.07         0.29         0.38         0.28         0.38
        0.46         0.35         0.12         0.10         0.08         0.26         0.24         0.28         0.63
        0.48         0.34         0.18         0.20         0.07         0.07         0.12         0.18         0.39
        0.54         0.31         0.24         0.18         0.07         0.01         0.07         0.08         0.16
        0.34         0.28         0.24         0.14         0.05         0.06         0.05         0.04         0.05
        0.15         0.14         0.15         0.08         0.03         0.02         0.02         0.01         0.01
        0.30         0.29         0.22         0.10         0.00         0.03         0.06         0.06         0.06
        0.28         0.33         0.35         0.31         0.12         0.28         0.35         0.25         0.28
        0.21         0.37         0.48         0.47         0.24         0.18         0.27         0.37         0.44
        0.22         0.53         0.63         0.46         0.20         0.26         0.23         0.25         0.24
        0.52         0.73         0.66         0.43         0.27         0.36         0.16         0.06         0.12
    432000      9     13
        0.42         0.55         0.71         0.43         0.42         0.57         0.44         0.47         0.55
        0.47         0.29         0.52         0.35         0.49         0.55         0.34         0.35         0.50
        0.31         0.32         0.38         0.23         0.42         0.52         0.22         0.27         0.42
        0.30         0.39         0.39         0.33         0.25         0.50         0.28         0.31         0.43
        0.25         0.29         0.40         0.25         0.44         0.55         0.33         0.41         0.44
        0.26         0.19         0.25         0.15         0.38         0.45         0.38         0.45         0.46
        0.30         0.29         0.20         0.16         0.27         0.32         0.35         0.24         0.44
        0.20         0.31         0.25         0.19         0.15         0.12         0.13         0.25         0.73
        0.18         0.21         0.18         0.16         0.26         0.25         0.16         0.58         0.79
        0.27         0.23         0.24         0.29         0.48         0.47         0.33         0.52         0.60
        0.35         0.32         0.37         0.32         0.53         0.51         0.63         0.70         0.63
        0.34         0.29         0.39         0.38         0.54         0.47         0.44         0.59         0.58
        0.23         0.27         0.38         0.51         0.63         0.43         0.38         0.54         0.48
    518400      9     13
        0.31         0.43         0.59         0.51         0.57         0.56         0.62         0.59         0.52
        0.26         0.41         0.58         0.54         0.52         0.59         0.69         0.78         0.72
        0.22         0.37         0.58         0.56         0.66         0.72         0.74         0.76         0.71
        0.31         0.42         0.52         0.52         0.83         0.70         0.67         0.75         0.77
        0.49         0.57         0.63         0.49         0.79         0.79         0.57         0.61         0.93
        0.52         0.63         0.71         0.49         0.70         0.87         0.72         0.55         0.60
        0.49         0.71         0.79         0.60         0.65         0.77         0.67         0.52         0.59
        0.30         0.63         0.84         0.79         0.60         0.60         0.70         0.68         0.66
        0.25         0.51         0.64         0.85         0.88         0.68         0.74         0.81         0.72
        0.15         0.21         0.52         0.92         1.09         0.99         0.83         0.79         0.65
        0.11         0.32         0.64         0.96         0.80         0.76         0.86         0.74         0.78
        0.24         0.47         0.70         0.76         0.51         0.42         0.60         0.71         0.76
        0.41         0.60         0.65         0.79         0.83         0.51         0.60         0.75         0.64
    604800      9     13
        0.38         0.50         0.62         0.57         0.64         0.54         0.60         0.50         0.38
        0.39         0.69         0.85         0.77         0.72         0.60         0.53         0.42         0.30
        0.21         0.63         1.01         0.82         0.90         0.82         0.57         0.30         0.26
        0.24         0.55         0.93         0.89         1.04         0.80         0.39         0.08         0.15
        0.61         0.71         0.96         0.77         0.76         0.75         0.35         0.07         0.06
        0.86         0.79         0.77         0.69         0.57         0.70         0.43         0.14         0.04
        0.99         0.70         0.55         0.53         0.39         0.49         0.31         0.25         0.29
        0.55         0.25         0.34         0.60         0.49         0.33         0.27         0.36         0.37
        0.32         0.31         0.48         0.63         0.68         0.45         0.35         0.35         0.54
        0.37         0.53         0.50         0.60         0.44         0.47         0.40         0.44         0.59
        0.38         0.43         0.36         0.35         0.27         0.58         0.82         0.96         1.18
        0.25         0.25         0.53         0.97         1.42         2.43         2.89         2.99         3.10
        0.24         1.02         2.67         3.37         4.91         4.08         3.59         3.35         2.97
    691200      9     13
        1.19         1.44         1.58         1.21         0.99         0.82         0.65         0.45         0.39
        1.13         1.09         1.39         1.18         0.96         0.75         0.70         0.51         0.33
        1.12         0.95         1.19         1.04         0.88         0.83         0.67         0.53         0.62
        1.46         1.04         1.20         1.33         1.60         1.38         0.93         0.65         0.76
        1.10         1.31         2.29         2.70         2.72         2.53         1.83         1.19         1.32
        1.75         1.95         2.55         2.53         2.00         2.18         2.24         2.10         2.62
        1.11         1.25         1.73         2.40         2.77         2.33         2.50         2.61         2.04
        0.69         0.94         1.33         1.63         1.82         1.66         1.64         1.13         0.68
        0.81         1.05         1.15         1.29         1.07         0.75         0.48         0.28         0.29
        0.69         0.81         0.76         0.66         0.42         0.21         0.17         0.12         0.14
        0.30         0.37         0.63         0.67         0.43         0.33         0.18         0.17         0.41
        0.18         0.43         1.16         1.18         1.20         0.94         0.64         0.44         0.61
        0.36         0.71         1.24         1.45         3.08         1.50         1.12         0.84         0.67
    777600      9     13
        0.17         0.24         0.45         0.39         0.36         0.39         0.55         0.58         0.56
        0.16         0.21         0.30         0.15         0.17         0.38         0.53         0.85         1.00
        0.23         0.29         0.29         0.13         0.22         0.79         0.90         1.02         2.11
        0.23         0.20         0.23         0.14         0.23         0.65         1.13         1.62         2.27
        0.44         0.22         0.25         0.15         0.17         0.31         0.78         0.88         0.95
        0.43         0.20         0.25         0.13         0.12         0.24         0.38         0.29         0.52
        0.12         0.15         0.25         0.24         0.23         0.11         0.04         0.04         0.16
        0.22         0.29         0.48         0.32         0.28         0.14         0.04         0.07         0.12
        0.36         0.43         0.52         0.26         0.13         0.08         0.06         0.06         0.06
        0.45         0.34         0.30         0.28         0.20         0.08         0.03         0.05         0.06
        0.53         0.40         0.40         0.42         0.43         0.20         0.05         0.06         0.08
        0.53         0.57         0.62         0.51         0.38         0.35         0.16         0.11         0.11
        0.45         0.42         0.50         0.54         0.54         0.38         0.16         0.05         0.11
    864000      9     13
        0.30         0.37         0.61         0.53         0.45         0.49         1.02         1.13         1.04
        0.08         0.18         0.41         0.39         0.38         0.57         0.82         0.64         0.56
        0.04         0.04         0.13         0.23         0.30         0.38         0.37         0.55         0.42
        0.06         0.06         0.11         0.18         0.31         0.33         0.19         0.44         0.56
        0.19         0.19         0.28         0.40         0.38         0.25         0.15         0.11         0.19
        0.24         0.29         0.28         0.32         0.33         0.30         0.22         0.13         0.10
        0.30         0.30         0.24         0.21         0.15         0.19         0.20         0.13         0.10
        0.40         0.33         0.23         0.13         0.09         0.10         0.16         0.18         0.12
        0.07         0.10         0.12         0.09         0.06         0.08         0.10         0.16         0.20
        0.12         0.17         0.12         0.11         0.11         0.08         0.05         0.08         0.17
        0.15         0.16         0.17         0.14         0.11         0.07         0.07         0.11         0.11
        0.09         0.18         0.25         0.21         0.21         0.23         0.18         0.17         0.11
        0.12         0.17         0.14         0.11         0.23         0.25         0.16         0.15         0.15
    950400      9     13
        0.67         0.73         1.03         0.46         0.33         0.37         0.27         0.28         0.35
        0.65         0.72         1.27         0.79         0.39         0.42         0.38         0.34         0.24
        0.78         0.56         1.15         0.90         0.49         0.84         0.92         0.64         0.32
        0.67         0.42         0.50         0.72         0.63         1.14         1.20         0.73         0.35
        0.55         0.42         0.68         0.64         0.42         0.87         0.73         0.54         0.42
        0.53         0.48         0.63         0.60         0.21         0.32         0.39         0.32         0.55
        0.46         0.43         0.41         0.44         0.35         0.17         0.15         0.16         0.15
        0.33         0.30         0.40         0.43         0.37         0.23         0.17         0.16         0.11
        0.22         0.31         0.43         0.56         0.44         0.20         0.21         0.19         0.15
        0.19         0.31         0.34         0.48         0.57         0.31         0.23         0.22         0.13
        0.30         0.32         0.26         0.33         0.34         0.13         0.13         0.21         0.21
        0.16         0.21         0.25         0.27         0.16         0.08         0.10         0.06         0.12
        0.14         0.17         0.18         0.24         0.29         0.24         0.19         0.05         0.05
   1036800      9     13
        0.40         0.25         0.29         0.42         0.54         0.37         0.41         0.88         0.80
        0.31         0.22         0.28         0.26         0.35         0.54         0.89         1.71         1.18
        0.29         0.31         0.45         0.28         0.50         0.85         1.13         1.55         1.07
        0.12         0.18         0.50         0.33         0.63         1.19         1.09         0.86         1.00
        0.09         0.17         0.41         0.36         0.50         0.74         0.79         0.61         0.81
        0.31         0.51         0.51         0.24         0.24         0.35         0.57         0.48         0.85
        0.40         0.55         0.71         0.27         0.22         0.34         0.63         0.58         0.42
        0.46         0.37         0.19         0.13         0.11         0.22         0.46         0.43         0.23
        0.33         0.22         0.17         0.17         0.05         0.04         0.03         0.04         0.03
        0.28         0.23         0.21         0.32         0.10         0.06         0.10         0.09         0.07
        0.10         0.18         0.23         0.34         0.21         0.08         0.11         0.27         0.30
        0.01         0.13         0.27         0.34         0.20         0.13         0.06         0.07         0.25
        0.06         0.11         0.28         0.36         0.29         0.21         0.07         0.03         0.18
   1123200      9     13
        0.87         0.70         0.68         0.60         0.58         0.66         0.82         0.76         0.69
        0.65         0.50         0.37         0.45         0.35         0.77         0.93         0.72         0.62
        0.46         0.42         0.39         0.38         0.37         0.83         0.81         0.65         0.63
        0.29         0.29         0.42         0.61         0.47         0.50         0.82         0.59         0.41
        0.23         0.21         0.38         0.63         0.66         0.52         0.80         0.59         0.60
        0.20         0.20         0.35         0.59         0.66         0.60         0.75         0.71         0.76
        0.17         0.28         0.44         0.43         0.40         0.39         0.50         0.58         0.71
        0.18         0.37         0.33         0.20         0.26         0.25         0.43         0.75         0.73
        0.25         0.21         0.21         0.25         0.23         0.23         0.37         0.64         0.83
        0.24         0.20         0.22         0.27         0.25         0.25         0.30         0.48         0.73
        0.16         0.23         0.27         0.20         0.26         0.22         0.32         0.45         0.73
        0.07         0.27         0.38         0.32         0.31         0.35         0.34         0.26         0.41
        0.10         0.28         0.32         0.30         0.43         0.40         0.26         0.25         0.40
   1209600      9     13
        0.87         0.59         0.78         0.73         0.45         0.34         0.37         0.64         0.58
        0.79         0.40         0.39         0.55         0.33         0.29         0.52         0.48         0.52
        0.39         0.35         0.32         0.38         0.26         0.44         0.69         0.47         0.78
        0.25         0.34         0.42         0.68         0.54         0.29         0.40         0.68         0.87
        0.29         0.29         0.39         0.60         0.64         0.21         0.24         0.71         1.06
        0.33         0.30         0.24         0.37         0.59         0.34         0.31         0.69         0.98
        0.22         0.21         0.21         0.32         0.43         0.40         0.44         0.36         0.48
        0.10         0.12         0.22         0.17         0.15         0.20         0.38         0.42         0.38
        0.03         0.08         0.11         0.15         0.14         0.18         0.32         0.45         0.53
        0.04         0.08         0.11         0.26         0.28         0.19         0.32         0.51         0.68
        0.05         0.08         0.23         0.38         0.39         0.22         0.14         0.62         0.99
        0.10         0.36         0.66         0.67         0.62         0.61         0.26         0.31         0.68
        0.47         0.85         0.93         0.79         0.85         0.90         0.36         0.26         0.66
   1296000      9     13
        0.57         0.71         0.77         0.53         0.32         0.47         0.54         0.58         0.35
        0.28         0.44         0.59         0.42         0.25         0.21         0.37         0.51         0.45
        0.46         0.52         0.72         0.51         0.41         0.35         0.50         0.38         0.66
        0.53         0.46         0.74         0.85         0.67         0.34         0.33         0.51         0.93
        0.28         0.40         0.63         0.83         0.85         0.34         0.20         0.51         0.80
        0.45         0.56         0.53         0.67         0.78         0.43         0.19         0.37         0.53
        0.39         0.46         0.45         0.58         0.57         0.36         0.18         0.25         0.31
        0.29         0.33         0.42         0.26         0.24         0.19         0.21         0.30         0.30
        0.16         0.17         0.11         0.07         0.09         0.08         0.12         0.23         0.28
        0.05         0.10         0.07         0.06         0.05         0.04         0.05         0.06         0.13
        0.10         0.14         0.13         0.15         0.09         0.06         0.07         0.03         0.09
        0.08         0.16         0.20         0.21         0.12         0.10         0.13         0.04         0.05
        0.24         0.34         0.38         0.28         0.23         0.29         0.21         0.05         0.05