         0      9     13
        0.49         0.32         0.35         0.35         0.46         0.33         0.34         0.53         0.51
        0.32         0.36         0.49         0.63         0.40         0.31         0.50         0.70         0.56
        0.58         0.40         0.53         0.68         0.36         0.40         0.82         0.78         1.15
        0.66         0.51         0.64         0.73         0.46         0.40         0.66         0.77         0.81
        0.53         0.62         0.73         1.01         0.98         0.59         0.40         0.64         0.71
        0.49         0.51         0.59         0.85         1.53         1.99         0.76         0.38         0.56
        0.30         0.31         0.24         0.38         0.63         0.93         0.32         0.09         0.14
        0.32         0.30         0.19         0.04         0.06         0.06         0.02         0.02         0.08
        0.40         0.32         0.07         0.07         0.05         0.02         0.03         0.02         0.03
        0.37         0.19         0.17         0.19         0.14         0.05         0.04         0.03         0.03
        0.18         0.04         0.11         0.15         0.19         0.09         0.07         0.04         0.00
        0.03         0.02         0.02         0.05         0.11         0.05         0.03         0.00         0.00
        0.04         0.08         0.05         0.01         0.09         0.05         0.03         0.01         0.00
     86400      9     13
        0.60         0.25         0.18         0.18         0.18         0.29         0.35         0.33         0.34
        0.35         0.08         0.10         0.11         0.22         0.33         0.19         0.37         0.59
        0.21         0.13         0.16         0.13         0.39         0.61         0.74         0.80         1.25
        0.24         0.23         0.23         0.17         0.59         0.70         0.82         1.81         1.64
        0.24         0.19         0.26         0.52         0.64         0.41         0.23         0.43         0.39
        0.33         0.17         0.28         0.54         0.43         0.53         0.39         0.31         0.40
        0.34         0.11         0.26         0.42         0.31         0.33         0.36         0.58         0.63
        0.33         0.20         0.27         0.20         0.22         0.33         0.48         1.09         0.90
        0.38         0.28         0.27         0.26         0.41         0.52         0.63         0.99         1.01
        0.27         0.59         0.59         0.38         0.35         0.59         0.65         0.57         0.96
        0.25         0.51         0.48         0.35         0.23         0.41         0.36         0.37         0.72
        0.19         0.33         0.34         0.16         0.16         0.52         0.16         0.10         0.17
        0.28         0.25         0.38         0.40         0.59         0.54         0.05         0.00         0.02
    172800      9     13
        0.49         0.40         0.36         0.22         0.26         0.29         0.51         0.60         0.53
        0.49         0.32         0.33         0.34         0.24         0.33         0.62         0.66         0.75
        0.41         0.35         0.41         0.50         0.47         0.81         0.96         0.49         0.42
        0.43         0.47         0.51         0.60         0.82         0.90         0.56         0.30         0.27
        0.53         0.51         0.56         0.55         0.53         0.49         0.30         0.25         0.25
        0.64         0.57         0.59         0.54         0.41         0.57         0.34         0.23         0.22
        0.69         0.64         0.49         0.60         0.65         1.08         0.56         0.36         0.36
        0.96         0.85         0.63         0.66         0.86         0.86         0.64         0.56         0.65
        0.93         0.88         0.75         0.70         0.94         1.45         1.20         0.69         0.81
        1.18         1.22         1.32         1.80         2.19         1.97         1.10         0.81         0.87
        0.84         1.35         2.17         2.26         1.66         0.84         0.75         0.78         0.77
        0.85         0.93         1.41         2.19         1.65         0.75         0.53         0.36         0.39
        0.49         0.68         1.11         1.98         1.16         0.74         0.53         0.39         0.23
    259200      9     13
        0.28         0.29         0.44         0.30         0.18         0.19         0.11         0.09         0.08
        0.21         0.17         0.32         0.33         0.22         0.22         0.19         0.27         0.22
        0.27         0.16         0.20         0.20         0.23         0.71         0.44         0.35         0.30
        0.22         0.14         0.16         0.16         0.23         0.57         0.28         0.37         0.35
        0.12         0.28         0.19         0.13         0.14         0.23         0.48         0.51         0.53
        0.11         0.24         0.18         0.15         0.23         0.89         0.93         0.48         0.44
        0.08         0.19         0.26         0.33         0.54         0.64         0.50         0.33         0.21
        0.10         0.10         0.23         0.15         0.12         0.10         0.33         0.30         0.19
        0.09         0.09         0.08         0.05         0.07         0.25         0.42         0.33         0.26
        0.11         0.14         0.10         0.13         0.29         0.64         0.55         0.43         0.37
        0.08         0.08         0.13         0.24         0.39         0.56         0.68         0.56         0.49
        0.07         0.08         0.11         0.25         0.30         0.55         0.59         0.55         0.68
        0.09         0.11         0.21         0.19         0.45         0.67         0.50         0.73         0.72
    345600      9     13
        0.44         0.12         0.17         0.15         0.22         0.46         0.46         0.25         0.19
        0.34         0.08         0.18         0.20         0.31         0.67         0.57         0.37         0.22
        0.14         0.12         0.29         0.26         0.33         0.68         0.51         0.37         0.38
        0.40         0.30         0.43         0.38         0.48         0.58         0.42         0.41         0.37
        0.53         0.32         0.40         0.35         0.56         0.47         0.33         0.50         0.47
        0.52         0.53         0.34         0.50         0.49         0.18         0.21         0.51         0.50
        0.62         0.64         0.39         0.66         0.55         0.20         0.34         0.53         0.43
        0.40         0.35         0.19         0.46         0.59         0.37         0.45         0.40         0.31
        0.44         0.30         0.22         0.41         0.63         0.67         0.64         0.48         0.44
        0.73         0.46         0.37         0.38         0.44         0.64         0.66         0.39         0.37
        0.74         0.47         0.39         0.45         0.24         0.55         0.57         0.27         0.24
        0.73         0.76         0.81         0.57         0.41         0.45         0.45         0.18         0.19
        0.59         0.90         1.04         0.96         0.80         0.41         0.46         0.36         0.39
    432000      9     13
        0.46         0.47         0.62         0.36         0.43         0.21         0.05         0.05         0.07
        0.50         0.35         0.59         0.48         0.38         0.18         0.09         0.14         0.13
        0.47         0.53         0.62         0.13         0.45         0.29         0.01         0.01         0.12
        0.57         0.55         0.66         0.20         0.32         0.31         0.11         0.08         0.11
        0.44         0.60         0.52         0.60         0.71         0.50         0.39         0.32         0.47
        0.59         0.91         0.88         0.90         0.63         0.43         0.38         0.41         0.93
        0.31         0.80         0.90         0.83         0.66         0.61         0.45         0.77         1.43
        0.31         0.60         0.68         0.77         0.79         0.72         0.79         1.18         1.33
        0.34         0.48         0.71         0.87         1.01         0.87         0.81         0.85         0.62
        0.42         0.66         0.74         0.95         1.00         0.90         0.77         0.65         0.55
        0.50         0.56         0.59         0.82         0.95         0.93         0.70         0.40         0.50
        0.29         0.37         0.54         0.62         0.69         0.50         0.58         0.37         0.49
        0.20         0.16         0.36         0.70         0.78         0.46         0.70         0.41         0.44
    518400      9     13
        0.52         0.34         0.45         0.16         0.13         0.58         0.30         0.11         0.08
        0.62         0.22         0.33         0.12         0.29         0.90         0.54         0.25         0.03
        0.58         0.44         0.42         0.24         0.35         0.79         0.45         0.07         0.23
        0.57         0.53         0.52         0.42         0.37         0.69         0.43         0.35         0.36
        0.65         0.46         0.59         0.70         0.88         0.76         0.53         0.77         0.84
        0.84         0.66         0.61         0.93         1.01         0.62         0.57         0.88         1.01
        0.56         0.56         0.59         0.59         1.02         0.77         0.78         0.87         0.87
        0.65         0.68         0.71         0.53         0.98         0.83         0.76         0.84         0.88
        0.64         0.65         0.66         0.67         0.92         0.71         0.79         0.92         0.77
        0.86         0.87         0.99         0.91         0.78         0.89         0.89         0.72         0.73
        0.90         0.90         0.95         0.78         0.83         0.94         0.67         0.51         0.61
        0.80         0.86         0.92         0.73         0.65         0.60         0.69         0.66         0.66
        0.63         0.83         0.81         0.88         1.02         0.59         0.92         0.80         0.64
    604800      9     13
        0.65         0.64         0.82         0.78         0.77         0.75         0.60         0.35         0.25
        0.49         0.42         0.40         0.74         0.51         0.69         0.85         0.65         0.26
        0.49         0.39         0.42         0.42         0.31         0.60         0.88         0.40         0.51
        0.40         0.32         0.43         0.64         0.53         0.48         0.55         0.41         0.48
        0.28         0.17         0.31         0.59         0.78         0.41         0.33         0.50         0.64
        0.04         0.09         0.21         0.15         0.24         0.18         0.19         0.48         0.76
        0.20         0.07         0.04         0.06         0.22         0.24         0.15         0.61         1.19
        0.26         0.14         0.27         0.18         0.21         0.21         0.19         0.51         0.70
        0.30         0.30         0.33         0.31         0.35         0.44         0.41         0.41         0.43
        0.22         0.32         0.40         0.49         0.72         0.61         0.50         0.40         0.41
        0.13         0.25         0.59         0.74         0.63         0.42         0.61         0.36         0.58
        0.10         0.30         0.93         0.99         0.60         0.52         0.64         0.37         0.75
        0.21         0.51         1.48         1.14         0.96         0.76         0.76         0.59         0.55
    691200      9     13
        0.56         0.35         0.31         0.40         0.46         0.21         0.29         0.28         0.10
        0.65         0.48         0.29         0.24         0.09         0.14         0.29         0.10         0.03
        0.32         0.43         0.29         0.16         0.08         0.10         0.14         0.04         0.12
        0.15         0.25         0.27         0.22         0.15         0.10         0.07         0.15         0.27
        0.06         0.05         0.09         0.20         0.22         0.07         0.06         0.25         0.45
        0.30         0.07         0.05         0.13         0.21         0.05         0.09         0.26         0.29
        0.42         0.25         0.20         0.09         0.08         0.08         0.12         0.10         0.06
        0.16         0.12         0.10         0.07         0.08         0.10         0.08         0.08         0.12
        0.15         0.11         0.09         0.15         0.17         0.13         0.07         0.15         0.33
        0.16         0.11         0.11         0.18         0.28         0.16         0.19         0.50         0.56
        0.10         0.09         0.17         0.26         0.36         0.22         0.38         0.48         0.63
        0.06         0.13         0.29         0.34         0.35         0.40         0.43         0.27         0.33
        0.15         0.34         0.43         0.37         0.35         0.44         0.46         0.40         0.28
    777600      9     13
        0.22         0.20         0.22         0.26         0.28         0.14         0.11         0.09         0.13
        0.30         0.52         0.32         0.26         0.21         0.12         0.12         0.14         0.10
        0.35         0.59         0.51         0.31         0.20         0.22         0.20         0.17         0.30
        0.28         0.53         0.55         0.47         0.31         0.20         0.28         0.35         0.58
        0.35         0.41         0.56         0.68         0.50         0.31         0.41         0.42         0.58
        0.53         0.40         0.35         0.50         0.49         0.18         0.32         0.36         0.30
        0.43         0.49         0.23         0.50         0.42         0.12         0.08         0.15         0.17
        0.39         0.47         0.43         0.38         0.29         0.08         0.04         0.10         0.10
        0.41         0.54         0.43         0.22         0.10         0.07         0.09         0.14         0.20
        0.43         0.38         0.28         0.25         0.11         0.17         0.13         0.23         0.31
        0.16         0.16         0.21         0.21         0.11         0.17         0.13         0.39         0.24
        0.06         0.09         0.24         0.36         0.12         0.07         0.07         0.27         0.22
        0.10         0.20         0.40         0.40         0.33         0.40         0.22         0.35         0.28
    864000      9     13
        0.07         0.04         0.09         0.17         0.20         0.12         0.05         0.02         0.01
        0.10         0.12         0.17         0.34         0.23         0.13         0.07         0.01         0.00
        0.19         0.26         0.25         0.38         0.30         0.25         0.29         0.05         0.18
        0.18         0.30         0.28         0.30         0.37         0.23         0.28         0.12         0.43
        0.19         0.18         0.22         0.43         0.27         0.06         0.04         0.07         0.18
        0.14         0.10         0.13         0.39         0.21         0.03         0.00         0.01         0.03
        0.04         0.09         0.03         0.17         0.06         0.01         0.00         0.01         0.00
        0.03         0.05         0.05         0.14         0.07         0.01         0.00         0.00         0.00
        0.07         0.10         0.13         0.05         0.03         0.00         0.00         0.00         0.00
        0.14         0.11         0.09         0.04         0.00         0.02         0.02         0.01         0.00
        0.06         0.04         0.04         0.03         0.01         0.01         0.01         0.00         0.00
        0.00         0.01         0.07         0.10         0.03         0.01         0.01         0.00         0.00
        0.00         0.01         0.07         0.10         0.10         0.00         0.00         0.00         0.00
    950400      9     13
        0.33         0.09         0.05         0.24         0.20         0.14         0.07         0.07         0.02
        0.14         0.12         0.08         0.23         0.18         0.18         0.06         0.04         0.03
        0.12         0.21         0.18         0.25         0.07         0.10         0.15         0.07         0.10
        0.12         0.24         0.28         0.31         0.32         0.12         0.13         0.04         0.12
        0.20         0.19         0.22         0.33         0.27         0.07         0.04         0.03         0.08
        0.20         0.19         0.16         0.39         0.14         0.02         0.01         0.04         0.10
        0.21         0.31         0.12         0.27         0.13         0.01         0.00         0.09         0.09
        0.13         0.14         0.12         0.14         0.06         0.01         0.00         0.01         0.01
        0.23         0.25         0.18         0.12         0.01         0.01         0.01         0.04         0.03
        0.20         0.43         0.37         0.22         0.03         0.07         0.05         0.03         0.02
        0.03         0.16         0.35         0.31         0.05         0.06         0.02         0.03         0.03
        0.00         0.01         0.15         0.26         0.08         0.02         0.02         0.00         0.03
        0.00         0.01         0.04         0.10         0.12         0.02         0.02         0.00         0.00
   1036800      9     13
        0.15         0.04         0.16         0.21         0.14         0.10         0.03         0.05         0.02
        0.24         0.06         0.06         0.12         0.03         0.11         0.15         0.11         0.04
        0.20         0.14         0.11         0.08         0.03         0.21         0.23         0.09         0.26
        0.14         0.17         0.19         0.17         0.10         0.12         0.15         0.09         0.22
        0.20         0.16         0.18         0.29         0.05         0.04         0.07         0.07         0.10
        0.24         0.19         0.14         0.19         0.07         0.13         0.09         0.06         0.08
        0.09         0.13         0.13         0.20         0.05         0.10         0.08         0.05         0.08
        0.07         0.08         0.11         0.13         0.02         0.02         0.05         0.12         0.16
        0.17         0.15         0.11         0.02         0.01         0.03         0.14         0.17         0.13
        0.10         0.07         0.05         0.02         0.02         0.05         0.11         0.07         0.05
        0.00         0.01         0.02         0.04         0.03         0.02         0.04         0.08         0.03
        0.06         0.05         0.08         0.17         0.06         0.07         0.06         0.07         0.04
        0.28         0.19         0.09         0.23         0.25         0.24         0.17         0.12         0.07
   1123200      9     13
        0.35         0.26         0.25         0.14         0.03         0.02         0.05         0.04         0.01
        0.23         0.09         0.24         0.13         0.07         0.05         0.06         0.09         0.01
        0.21         0.14         0.19         0.05         0.04         0.09         0.09         0.01         0.09
        0.20         0.17         0.18         0.16         0.06         0.04         0.03         0.05         0.12
        0.25         0.12         0.21         0.20         0.09         0.02         0.02         0.08         0.08
        0.18         0.14         0.21         0.24         0.13         0.04         0.05         0.11         0.18
        0.12         0.10         0.18         0.21         0.20         0.09         0.14         0.16         0.18
        0.14         0.18         0.22         0.26         0.25         0.15         0.24         0.18         0.20
        0.26         0.19         0.07         0.14         0.19         0.23         0.21         0.19         0.34
        0.14         0.07         0.02         0.06         0.17         0.50         0.33         0.44         0.47
        0.06         0.16         0.06         0.05         0.12         0.29         0.38         0.53         0.49
        0.13         0.42         0.27         0.16         0.16         0.20         0.28         0.38         0.28
        0.42         0.64         0.72         0.40         0.28         0.46         0.34         0.42         0.31
   1209600      9     13
        0.10         0.11         0.44         0.39         0.28         0.19         0.19         0.13         0.25
        0.11         0.14         0.44         0.28         0.16         0.24         0.33         0.37         0.46
        0.16         0.18         0.46         0.25         0.19         0.42         0.51         0.57         0.75
        0.27         0.28         0.36         0.22         0.18         0.27         0.20         0.30         0.62
        0.22         0.14         0.33         0.23         0.17         0.13         0.13         0.40         0.58
        0.17         0.11         0.41         0.18         0.14         0.21         0.18         0.43         0.59
        0.13         0.09         0.47         0.19         0.22         0.22         0.12         0.30         0.41
        0.18         0.16         0.39         0.15         0.20         0.14         0.16         0.37         0.39
        0.35         0.35         0.31         0.23         0.31         0.24         0.30         0.38         0.40
        0.61         0.39         0.35         0.37         0.40         0.44         0.30         0.35         0.38
        0.14         0.11         0.26         0.53         0.32         0.38         0.61         0.31         0.32
        0.03         0.06         0.13         0.47         0.27         0.23         0.52         0.32         0.22
        0.02         0.03         0.09         0.52         0.40         0.54         0.64         0.47         0.29
   1296000      9     13
        0.37         0.39         0.67         0.45         0.78         0.70         0.57         0.46         0.32
        0.33         0.35         0.62         0.55         0.75         0.83         0.91         0.73         0.71
        0.26         0.29         0.68         0.71         0.97         0.99         1.10         0.84         1.04
        0.36         0.34         0.53         0.65         0.62         0.88         0.53         0.46         0.91
        0.55         0.43         0.47         0.39         0.40         0.59         0.55         0.57         0.80
        0.57         0.43         0.54         0.36         0.41         0.61         0.59         0.59         0.48
        0.64         0.44         0.45         0.41         0.59         0.74         0.52         0.52         0.40
        0.62         0.39         0.47         0.48         0.61         0.74         0.54         0.43         0.39
        0.89         0.65         0.67         0.46         0.48         0.40         0.45         0.41         0.38
        1.06         0.80         0.72         0.58         0.45         0.39         0.36         0.34         0.66
        1.01         1.00         0.94         0.77         0.46         0.40         0.67         0.51         0.54
        1.03         1.12         0.91         0.72         0.47         0.47         0.71         0.49         0.36
        0.52         0.47         0.58         0.62         0.75         0.63         0.64         0.58         0.34