         0      9     13
        0.02         0.02         0.04         0.10         0.13         0.07         0.05         0.11         0.15
        0.04         0.10         0.13         0.06         0.13         0.07         0.01         0.06         0.17
        0.02         0.15         0.20         0.07         0.09         0.06         0.01         0.03         0.14
        0.00         0.06         0.12         0.09         0.14         0.08         0.03         0.05         0.21
        0.01         0.01         0.02         0.13         0.19         0.08         0.08         0.06         0.04
        0.04         0.03         0.04         0.06         0.11         0.04         0.06         0.08         0.09
        0.05         0.02         0.04         0.02         0.04         0.01         0.04         0.05         0.06
        0.02         0.00         0.01         0.01         0.02         0.02         0.03         0.04         0.03
        0.01         0.00         0.01         0.01         0.02         0.03         0.01         0.01         0.01
        0.01         0.01         0.02         0.14         0.26         0.10         0.02         0.01         0.02
        0.01         0.04         0.03         0.20         0.27         0.23         0.12         0.01         0.00
        0.01         0.02         0.01         0.02         0.11         0.09         0.17         0.03         0.01
        0.05         0.03         0.01         0.03         0.19         0.06         0.08         0.06         0.01
     86400      9     13
        0.02         0.01         0.02         0.03         0.11         0.09         0.06         0.25         0.42
        0.01         0.01         0.00         0.01         0.08         0.11         0.09         0.32         0.45
        0.00         0.01         0.00         0.01         0.06         0.18         0.43         1.04         0.73
        0.05         0.08         0.07         0.04         0.08         0.18         0.36         0.60         1.21
        0.49         1.12         0.31         0.10         0.09         0.13         0.13         0.34         0.74
        0.60         0.70         0.18         0.08         0.07         0.08         0.08         0.14         0.41
        0.37         0.20         0.14         0.17         0.14         0.07         0.04         0.05         0.22
        0.15         0.17         0.15         0.17         0.09         0.07         0.06         0.06         0.06
        0.13         0.13         0.08         0.13         0.05         0.09         0.19         0.13         0.05
        0.15         0.14         0.12         0.17         0.27         0.70         0.32         0.16         0.11
        0.13         0.19         0.15         0.23         0.68         0.78         0.27         0.23         0.20
        0.07         0.07         0.14         0.32         1.62         0.58         0.17         0.35         0.27
        0.09         0.17         0.14         0.30         0.66         0.16         0.24         1.26         0.86
    172800      9     13
        0.11         0.18         0.22         0.31         0.31         0.19         0.19         0.16         0.15
        0.21         0.21         0.33         0.36         0.38         0.24         0.24         0.19         0.24
        0.10         0.13         0.34         0.49         0.44         0.34         0.32         0.15         0.29
        0.04         0.07         0.27         0.46         0.54         0.52         0.68         0.33         0.40
        0.06         0.08         0.26         0.37         0.46         0.46         0.97         0.61         0.25
        0.16         0.16         0.23         0.27         0.25         0.58         0.60         0.49         0.43
        0.19         0.26         0.19         0.26         0.22         0.63         0.70         0.37         0.22
        0.16         0.22         0.10         0.30         0.33         0.63         0.88         0.26         0.09
        0.10         0.06         0.08         0.26         0.35         0.39         0.37         0.17         0.10
        0.13         0.19         0.16         0.18         0.29         0.20         0.16         0.21         0.24
        0.06         0.17         0.31         0.35         0.31         0.29         0.57         0.19         0.33
        0.04         0.13         0.32         0.36         0.37         0.30         0.63         0.20         0.21
        0.15         0.22         0.17         0.45         0.36         0.10         0.23         0.20         0.14
    259200      9     13
        0.10         0.29         0.23         0.15         0.32         0.15         0.19         0.18         0.22
        0.11         0.30         0.24         0.10         0.29         0.15         0.22         0.21         0.24
        0.10         0.33         0.22         0.12         0.30         0.33         0.30         0.18         0.33
        0.04         0.22         0.39         0.27         0.37         0.51         0.29         0.28         0.50
        0.03         0.15         0.38         0.29         0.43         0.52         0.32         0.31         0.45
        0.10         0.19         0.39         0.25         0.31         0.60         0.45         0.30         0.10
        0.07         0.17         0.33         0.32         0.49         0.63         0.47         0.33         0.05
        0.04         0.15         0.37         0.52         0.55         0.31         0.14         0.06         0.08
        0.08         0.13         0.13         0.40         0.44         0.30         0.03         0.01         0.04
        0.13         0.12         0.17         0.31         0.50         0.19         0.06         0.04         0.06
        0.24         0.23         0.17         0.39         0.40         0.26         0.20         0.08         0.08
        0.24         0.33         0.15         0.18         0.34         0.36         0.36         0.08         0.03
        0.14         0.16         0.14         0.23         0.40         0.24         0.42         0.20         0.02
    345600      9     13
        0.09         0.06         0.27         0.62         0.78         0.36         0.29         0.54         0.70
        0.01         0.04         0.26         0.90         1.68         0.51         0.54         0.51         0.36
        0.01         0.04         0.28         0.63         0.78         0.69         0.59         0.49         0.78
        0.02         0.01         0.27         0.53         0.79         0.98         0.46         0.54         0.86
        0.08         0.10         0.33         0.26         0.67         0.73         0.39         0.48         0.96
        0.37         0.35         0.45         0.16         0.42         0.62         0.34         0.56         0.79
        0.36         0.38         0.57         0.27         0.51         0.58         0.43         0.72         0.78
        0.17         0.29         0.52         0.30         0.41         0.37         0.42         0.39         0.34
        0.18         0.24         0.52         0.36         0.25         0.43         0.47         0.28         0.33
        0.20         0.13         0.40         0.51         0.41         0.39         0.30         0.33         0.39
        0.20         0.14         0.37         0.69         0.54         0.34         0.38         0.39         0.81
        0.23         0.17         0.27         0.47         0.48         0.41         0.53         0.33         0.53
        0.08         0.14         0.20         0.28         0.48         0.14         0.30         0.35         0.34
    432000      9     13
        1.24         1.04         0.60         0.50         0.43         0.56         0.41         0.62         0.42
        0.69         0.69         0.67         0.77         0.87         0.96         0.45         0.21         0.43
        0.48         0.41         0.49         0.71         1.19         1.42         0.73         0.34         0.68
        0.21         0.43         0.43         0.41         1.28         1.42         0.51         0.60         0.91
        0.17         0.45         0.64         0.38         0.70         0.63         0.25         0.57         1.04
        0.29         0.32         0.59         0.11         0.26         0.52         0.68         0.54         0.60
        0.34         0.41         0.60         0.14         0.27         0.49         0.68         0.82         0.90
        0.13         0.34         0.57         0.26         0.46         0.43         0.28         0.55         0.91
        0.13         0.36         0.31         0.22         0.44         0.33         0.13         0.13         0.31
        0.15         0.13         0.20         0.53         0.71         0.22         0.07         0.19         0.53
        0.18         0.07         0.31         0.81         0.69         0.41         0.52         0.24         0.56
        0.17         0.12         0.25         0.43         0.41         0.47         0.72         0.27         0.46
        0.12         0.19         0.35         0.35         0.72         0.20         0.46         0.47         0.66
    518400      9     13
        0.03         0.12         0.22         0.12         0.28         0.10         0.16         0.33         0.16
        0.07         0.37         0.58         0.31         0.35         0.35         0.27         0.17         0.06
        0.18         0.54         1.02         0.97         0.89         0.79         0.33         0.15         0.50
        0.46         0.98         1.38         0.99         1.75         1.01         0.49         0.37         0.71
        0.25         0.39         1.31         0.82         1.84         1.23         0.44         0.38         0.66
        0.10         0.16         0.92         0.80         1.39         1.54         0.56         0.35         0.44
        0.04         0.09         0.52         0.52         1.04         1.35         0.70         0.68         0.62
        0.10         0.13         0.48         0.67         0.83         0.87         0.58         0.73         0.46
        0.10         0.23         0.22         0.49         0.81         0.85         0.35         0.53         0.16
        0.14         0.15         0.26         0.57         0.71         0.83         0.29         0.28         0.38
        0.10         0.27         0.39         0.92         0.69         0.78         0.49         0.14         0.39
        0.14         0.24         0.12         0.33         0.37         0.49         0.49         0.21         0.35
        0.10         0.06         0.05         0.08         0.41         0.25         0.40         0.26         0.34
    604800      9     13
        0.00         0.00         0.00         0.00         0.00         0.02         0.03         0.20         0.13
        0.01         0.00         0.00         0.03         0.02         0.03         0.06         0.12         0.12
        0.01         0.00         0.01         0.03         0.11         0.27         0.22         0.10         0.35
        0.01         0.01         0.08         0.03         0.32         0.35         0.21         0.28         0.43
        0.00         0.01         0.17         0.03         0.20         0.32         0.17         0.16         0.27
        0.00         0.01         0.11         0.01         0.12         0.38         0.26         0.18         0.10
        0.00         0.01         0.05         0.01         0.33         0.53         0.32         0.33         0.21
        0.00         0.05         0.24         0.11         0.17         0.51         0.36         0.37         0.41
        0.00         0.01         0.12         0.26         0.21         0.44         0.33         0.48         0.66
        0.00         0.00         0.06         0.42         0.46         0.33         0.15         0.43         0.46
        0.00         0.00         0.09         0.59         0.68         0.51         0.28         0.28         0.51
        0.00         0.00         0.06         0.29         0.32         0.50         0.47         0.11         0.33
        0.00         0.00         0.06         0.21         0.27         0.14         0.34         0.22         0.26
    691200      9     13
        0.06         0.01         0.02         0.08         0.12         0.10         0.12         0.19         0.20
        0.08         0.07         0.02         0.00         0.04         0.19         0.21         0.20         0.23
        0.02         0.07         0.07         0.00         0.05         0.28         0.35         0.28         0.37
        0.02         0.06         0.12         0.01         0.17         0.41         0.37         0.43         0.75
        0.21         0.13         0.25         0.04         0.16         0.25         0.40         0.59         0.83
        0.38         0.17         0.06         0.03         0.08         0.23         0.27         0.41         0.49
        0.42         0.08         0.07         0.12         0.04         0.09         0.05         0.20         0.46
        0.42         0.11         0.11         0.04         0.07         0.01         0.06         0.19         0.29
        0.22         0.17         0.05         0.00         0.06         0.02         0.06         0.13         0.08
        0.33         0.14         0.02         0.00         0.02         0.05         0.02         0.07         0.13
        0.10         0.08         0.02         0.00         0.01         0.01         0.01         0.01         0.04
        0.07         0.07         0.03         0.01         0.01         0.02         0.06         0.01         0.00
        0.09         0.05         0.08         0.13         0.20         0.07         0.03         0.02         0.00
    777600      9     13
        0.18         0.22         0.66         1.51         0.89         0.73         0.73         0.63         1.25
        0.49         0.29         0.51         0.61         0.49         0.62         0.52         0.44         0.86
        0.29         0.48         0.73         0.88         1.01         0.96         0.58         0.45         0.80
        0.26         0.36         1.15         2.87         1.35         1.20         0.66         0.71         1.28
        0.99         0.34         0.94         2.64         0.88         0.92         1.15         1.14         1.29
        0.81         0.66         1.03         0.94         0.52         1.69         1.57         1.03         0.72
        1.85         1.11         2.14         1.83         0.70         1.43         0.88         1.15         0.69
        0.84         1.05         1.71         2.26         1.27         0.54         0.69         1.24         0.88
        1.47         1.39         1.20         2.58         1.46         0.94         0.93         1.21         1.16
        2.37         2.06         1.56         2.79         2.20         1.61         1.79         1.90         1.49
        2.55         3.22         1.63         2.56         2.41         1.19         1.37         1.94         3.19
        1.48         3.27         1.59         1.44         3.17         1.73         1.05         0.51         1.25
        0.51         0.74         0.92         0.97         1.34         0.85         1.53         0.56         1.32
    864000      9     13
        0.78         1.19         1.58         1.09         1.73         1.32         1.05         0.66         0.51
        0.76         1.44         2.37         1.17         1.04         0.98         1.04         0.78         0.66
        0.47         0.98         1.70         0.95         0.99         0.87         0.80         0.86         0.87
        0.41         0.50         1.13         0.76         0.76         0.73         0.52         0.47         0.73
        0.37         0.20         0.37         0.35         0.46         0.65         0.40         0.42         0.60
        0.47         0.17         0.06         0.18         0.36         0.55         0.45         0.55         0.55
        0.33         0.32         0.08         0.11         0.36         0.43         0.39         0.61         0.55
        0.25         0.17         0.05         0.05         0.10         0.21         0.32         0.51         0.72
        0.20         0.07         0.03         0.07         0.10         0.11         0.20         0.46         0.66
        0.18         0.14         0.16         0.32         0.31         0.12         0.27         0.70         0.59
        0.21         0.59         0.93         0.93         0.65         0.30         0.28         0.43         0.35
        0.06         0.37         1.27         2.07         1.66         1.12         0.42         0.31         0.53
        0.15         0.32         2.15         3.52         1.24         0.55         1.42         1.37         0.85
    950400      9     13
        0.17         1.07         1.83         1.56         1.23         0.51         0.91         0.60         0.31
        0.17         0.58         0.87         0.68         0.40         0.34         0.56         0.35         0.26
        0.17         0.22         0.43         0.32         0.35         0.46         0.51         0.36         0.34
        0.32         0.40         0.34         0.33         0.57         0.34         0.33         0.43         0.41
        0.57         1.03         0.61         0.40         0.64         0.52         0.27         0.47         0.50
        0.70         0.92         0.88         0.63         0.80         0.60         0.55         0.44         0.31
        0.82         0.83         0.92         1.00         0.88         0.71         0.66         0.47         0.33
        0.53         0.55         0.62         0.77         0.76         0.70         0.61         0.49         0.46
        0.43         0.62         0.55         0.86         0.82         0.74         0.67         0.63         0.29
        0.69         0.61         0.69         1.04         1.02         0.87         0.85         0.81         0.41
        0.68         0.65         0.76         0.98         0.90         0.81         0.66         0.72         0.68
        0.53         0.64         0.70         0.85         0.82         0.58         0.54         0.47         0.46
        0.35         0.53         0.74         0.81         0.75         0.49         0.56         0.51         0.51
   1036800      9     13
        0.34         0.52         0.65         0.37         0.27         0.37         0.30         0.38         0.37
        0.25         0.18         0.30         0.28         0.33         0.37         0.39         0.50         0.41
        0.26         0.39         0.51         0.28         0.29         0.56         0.74         0.61         0.54
        0.74         0.88         0.61         0.62         0.47         0.77         1.27         0.96         0.56
        0.77         0.56         0.37         0.73         0.48         0.91         1.00         0.79         0.64
        0.82         0.34         0.45         0.80         0.52         0.64         0.49         0.35         0.86
        0.85         0.72         0.52         0.76         0.81         0.98         0.82         0.38         0.35
        1.39         2.37         1.23         0.74         0.89         0.91         1.37         0.85         0.51
        2.41         2.56         0.98         0.66         0.90         0.94         1.02         0.90         0.83
        1.37         1.03         0.80         0.69         0.79         0.94         0.96         0.89         0.86
        1.01         0.75         0.62         0.53         0.56         0.44         0.64         0.84         0.89
        0.66         0.41         0.39         0.45         0.52         0.19         0.44         0.88         1.19
        0.37         0.26         0.29         0.51         0.56         0.38         0.70         0.89         0.90
   1123200      9     13
        0.43         0.55         0.87         1.04         1.14         0.95         0.76         0.53         0.48
        0.40         0.27         0.68         0.96         1.06         1.20         0.96         0.64         0.57
        0.57         0.45         0.59         0.63         0.76         0.98         0.76         0.40         0.76
        0.53         0.67         1.03         1.32         1.03         0.73         1.03         0.98         0.66
        0.54         0.68         1.03         1.37         1.34         0.85         1.06         1.19         1.10
        0.36         0.35         0.70         0.82         1.06         1.07         1.34         1.37         1.39
        0.28         0.20         0.37         0.70         0.98         1.27         1.23         1.14         1.48
        0.14         0.18         0.60         0.73         0.93         1.00         0.86         0.77         1.31
        0.08         0.40         0.50         0.76         0.84         0.87         0.83         0.85         1.00
        0.21         0.21         0.36         0.66         0.90         0.86         0.91         1.10         0.87
        0.12         0.07         0.25         0.68         0.76         0.77         0.93         1.04         1.00
        0.08         0.19         0.32         0.53         0.56         0.72         0.73         0.82         1.07
        0.16         0.41         0.51         0.71         0.86         0.51         0.52         1.09         1.15
   1209600      9     13
        0.52         0.57         0.75         0.58         0.46         0.31         0.29         0.20         0.08
        0.38         0.40         0.70         0.75         0.53         0.55         0.39         0.21         0.17
        0.33         0.46         0.45         0.38         0.45         0.55         0.26         0.12         0.17
        0.37         0.62         0.66         0.72         0.44         0.32         0.12         0.08         0.16
        0.21         0.35         0.45         0.66         0.46         0.29         0.16         0.15         0.17
        0.26         0.39         0.49         0.48         0.39         0.38         0.21         0.23         0.21
        0.43         0.57         0.53         0.58         0.50         0.43         0.29         0.39         0.26
        0.41         0.57         0.63         0.42         0.41         0.35         0.25         0.56         0.44
        0.32         0.51         0.47         0.31         0.45         0.59         0.23         0.38         0.38
        0.47         0.48         0.40         0.39         0.62         0.69         0.29         0.26         0.15
        0.62         0.52         0.49         0.58         0.68         0.66         0.44         0.18         0.07
        0.57         0.59         0.63         0.70         0.73         0.59         0.32         0.17         0.04
        0.57         0.50         0.51         0.67         0.83         0.54         0.31         0.37         0.24
   1296000      9     13
        0.34         0.17         0.24         0.27         0.18         0.09         0.22         0.30         0.18
        0.32         0.15         0.14         0.24         0.18         0.15         0.27         0.21         0.11
        0.27         0.15         0.16         0.16         0.12         0.12         0.21         0.15         0.17
        0.09         0.11         0.17         0.19         0.24         0.14         0.19         0.30         0.25
        0.07         0.09         0.13         0.20         0.27         0.24         0.24         0.35         0.46
        0.13         0.12         0.16         0.30         0.27         0.25         0.24         0.29         0.47
        0.11         0.15         0.21         0.38         0.35         0.37         0.35         0.32         0.22
        0.08         0.13         0.33         0.30         0.31         0.26         0.27         0.17         0.18
        0.11         0.23         0.26         0.24         0.26         0.22         0.17         0.13         0.12
        0.21         0.20         0.19         0.23         0.25         0.16         0.13         0.15         0.10
        0.35         0.30         0.20         0.13         0.14         0.06         0.04         0.06         0.07
        0.36         0.32         0.23         0.14         0.12         0.10         0.04         0.04         0.04
        0.13         0.12         0.19         0.17         0.19         0.11         0.06         0.06         0.06