         0      9     13
        0.32         0.33         0.78         0.66         0.58         0.45         0.42         0.23         0.17
        0.29         0.34         0.61         0.53         0.37         0.47         0.29         0.10         0.12
        0.13         0.32         0.32         0.25         0.14         0.32         0.18         0.13         0.46
        0.10         0.20         0.32         0.28         0.17         0.28         0.22         0.29         0.47
        0.22         0.17         0.40         0.68         0.42         0.14         0.37         0.50         0.49
        0.27         0.18         0.47         0.73         0.69         0.19         0.41         0.49         0.56
        0.19         0.23         0.30         0.38         0.39         0.34         0.31         0.35         0.45
        0.09         0.24         0.34         0.25         0.25         0.31         0.36         0.39         0.39
        0.22         0.15         0.27         0.29         0.12         0.31         0.54         0.48         0.39
        0.12         0.07         0.28         0.39         0.21         0.39         0.37         0.69         0.60
        0.12         0.08         0.27         0.40         0.18         0.23         0.37         0.69         0.53
        0.05         0.11         0.36         0.26         0.10         0.20         0.42         0.41         0.32
        0.10         0.39         0.96         0.66         0.69         0.54         0.47         0.49         0.35
     86400      9     13
        0.37         0.38         0.56         0.43         0.17         0.12         0.11         0.03         0.02
        0.34         0.36         0.41         0.47         0.07         0.14         0.21         0.06         0.01
        0.52         0.53         0.38         0.28         0.11         0.20         0.49         0.09         0.16
        0.26         0.37         0.36         0.29         0.25         0.15         0.36         0.43         0.61
        0.11         0.11         0.24         0.46         0.44         0.03         0.18         0.55         0.90
        0.10         0.11         0.22         0.51         0.67         0.10         0.12         0.26         0.78
        0.11         0.31         0.42         0.55         0.39         0.18         0.14         0.19         0.44
        0.37         0.42         0.41         0.21         0.14         0.01         0.07         0.29         0.40
        0.58         0.33         0.10         0.08         0.13         0.09         0.36         0.73         0.36
        0.31         0.14         0.03         0.12         0.11         0.29         0.52         0.72         0.45
        0.13         0.07         0.12         0.27         0.27         0.28         0.36         0.83         0.75
        0.06         0.17         0.48         0.63         0.38         0.62         0.34         0.43         0.74
        0.27         0.32         0.68         1.08         0.90         0.81         0.32         0.37         0.33
    172800      9     13
        0.37         0.30         0.52         0.32         0.15         0.22         0.24         0.23         0.27
        0.27         0.33         0.36         0.24         0.17         0.33         0.27         0.34         0.37
        0.38         0.57         0.56         0.25         0.18         0.31         0.48         0.38         0.54
        0.28         0.38         0.51         0.51         0.53         0.19         0.29         0.58         0.78
        0.21         0.21         0.26         0.48         0.66         0.12         0.08         0.44         0.58
        0.20         0.19         0.16         0.43         0.66         0.18         0.09         0.39         0.51
        0.23         0.25         0.12         0.27         0.29         0.12         0.07         0.19         0.19
        0.17         0.25         0.14         0.08         0.05         0.00         0.00         0.00         0.01
        0.12         0.18         0.15         0.05         0.01         0.00         0.00         0.00         0.01
        0.07         0.09         0.05         0.02         0.00         0.05         0.03         0.01         0.03
        0.04         0.02         0.02         0.02         0.04         0.04         0.01         0.02         0.12
        0.00         0.02         0.03         0.04         0.05         0.01         0.00         0.01         0.13
        0.01         0.02         0.06         0.09         0.17         0.12         0.08         0.05         0.09
    259200      9     13
        0.84         0.63         0.65         0.71         0.65         0.53         0.54         0.70         0.87
        0.54         0.41         0.44         0.57         0.45         0.40         0.48         0.71         0.40
        0.47         0.42         0.41         0.38         0.28         0.39         0.58         0.51         0.57
        0.32         0.49         0.54         0.64         0.51         0.13         0.29         0.48         0.88
        0.34         0.35         0.41         0.65         0.61         0.12         0.11         0.17         0.46
        0.17         0.22         0.27         0.42         0.31         0.08         0.12         0.09         0.13
        0.15         0.21         0.13         0.27         0.18         0.07         0.10         0.08         0.06
        0.21         0.24         0.26         0.18         0.08         0.11         0.12         0.14         0.19
        0.46         0.44         0.32         0.24         0.13         0.22         0.25         0.24         0.28
        0.42         0.41         0.25         0.24         0.19         0.30         0.25         0.20         0.16
        0.15         0.13         0.15         0.15         0.21         0.19         0.18         0.15         0.12
        0.06         0.08         0.10         0.11         0.09         0.12         0.10         0.03         0.02
        0.03         0.06         0.15         0.27         0.27         0.19         0.08         0.02         0.05
    345600      9     13
        0.63         0.50         0.85         1.24         1.48         1.59         1.42         1.06         0.63
        0.68         0.42         0.63         0.97         0.90         1.18         1.57         1.12         0.67
        0.65         0.64         0.98         0.80         0.39         0.71         0.92         0.52         0.55
        0.75         0.69         0.68         0.56         0.38         0.49         0.49         0.37         0.38
        0.49         0.35         0.45         0.43         0.32         0.33         0.33         0.24         0.46
        0.19         0.21         0.28         0.18         0.14         0.16         0.10         0.11         0.46
        0.06         0.05         0.06         0.04         0.03         0.06         0.14         0.22         0.34
        0.21         0.04         0.02         0.03         0.05         0.13         0.34         0.34         0.45
        0.16         0.10         0.05         0.08         0.08         0.13         0.30         0.28         0.44
        0.05         0.04         0.07         0.16         0.15         0.12         0.24         0.30         0.37
        0.02         0.05         0.12         0.14         0.14         0.16         0.23         0.29         0.58
        0.02         0.11         0.15         0.18         0.16         0.20         0.24         0.38         0.62
        0.27         0.23         0.31         0.36         0.38         0.42         0.32         0.49         0.48
    432000      9     13
        0.87         0.80         0.86         0.64         0.59         0.79         0.77         0.42         0.30
        0.95         0.97         1.14         0.71         0.53         0.72         0.92         0.65         0.49
        0.81         0.78         1.30         0.93         0.49         0.66         0.66         0.67         0.61
        0.85         0.62         0.62         0.47         0.54         0.62         0.70         0.75         0.83
        0.93         0.74         0.76         0.58         0.43         0.54         0.69         0.83         1.15
        0.84         0.79         1.06         0.70         0.55         0.90         1.01         0.90         1.11
        0.77         0.85         0.81         0.62         0.73         1.62         1.16         0.97         1.04
        0.88         0.90         0.73         0.48         0.74         1.01         1.28         1.26         0.87
        0.66         0.60         0.39         0.48         0.66         0.88         1.21         1.21         0.98
        0.46         0.32         0.33         0.44         0.70         0.99         1.11         1.02         0.84
        0.37         0.40         0.44         0.56         0.92         1.19         1.14         0.83         0.77
        0.48         0.42         0.52         0.59         0.70         0.93         0.74         0.55         0.68
        0.80         0.92         0.85         0.92         0.87         0.61         0.55         0.33         0.37
    518400      9     13
        0.50         0.62         0.68         0.67         1.16         1.31         0.94         0.96         0.54
        0.55         0.63         0.89         1.20         1.41         1.09         1.15         0.95         0.44
        0.62         0.86         1.16         1.61         1.67         1.79         1.50         1.20         0.73
        0.69         1.04         0.90         1.32         1.77         1.93         1.44         1.21         0.68
        1.56         1.47         1.48         2.36         1.93         1.63         1.60         1.70         0.86
        1.75         1.57         1.70         2.08         1.58         1.53         1.90         1.39         0.88
        1.41         1.46         1.45         1.17         0.97         1.43         1.32         1.16         0.77
        0.77         0.66         0.68         0.58         0.56         0.73         0.98         1.13         0.72
        0.42         0.29         0.25         0.38         0.49         0.43         0.63         0.94         0.61
        0.32         0.24         0.26         0.43         0.43         0.26         0.38         0.73         0.64
        0.27         0.21         0.31         0.36         0.26         0.26         0.49         0.76         0.68
        0.29         0.22         0.33         0.38         0.38         0.54         0.65         0.55         0.36
        0.30         0.28         0.40         0.72         0.98         0.73         0.81         0.64         0.47
    604800      9     13
        1.01         1.24         1.57         1.15         0.89         1.28         1.22         1.00         0.76
        1.06         1.22         1.38         1.21         1.14         1.19         1.10         0.84         0.57
        1.40         1.11         1.14         1.72         1.58         1.24         1.23         0.83         0.66
        0.83         0.99         1.24         1.64         1.29         1.20         1.16         0.69         0.71
        0.60         0.92         1.47         1.65         0.99         1.00         0.81         0.55         0.57
        0.98         0.82         1.26         1.06         0.93         0.78         0.63         0.58         0.49
        1.55         1.07         1.06         1.43         0.92         0.60         0.50         0.54         0.43
        1.67         1.61         2.57         1.31         0.65         0.55         0.46         0.50         0.38
        1.35         2.72         2.30         0.67         0.67         0.84         0.54         0.35         0.32
        0.88         0.86         0.80         1.19         1.31         1.11         0.56         0.31         0.29
        0.72         0.63         0.76         1.09         0.67         0.33         0.26         0.25         0.20
        0.74         0.57         0.44         0.44         0.46         0.23         0.17         0.08         0.14
        0.61         0.41         0.20         0.38         0.44         0.23         0.17         0.11         0.11
    691200      9     13
        1.15         0.66         0.56         0.24         0.27         0.20         0.22         0.25         0.20
        0.94         0.76         0.61         0.33         0.48         0.43         0.41         0.35         0.28
        0.95         0.78         0.69         0.52         0.72         0.75         0.38         0.28         0.38
        0.76         0.67         0.94         0.71         0.54         0.62         0.37         0.39         0.32
        0.68         0.76         1.21         0.90         0.92         0.68         0.49         0.40         0.25
        0.94         0.94         1.19         1.21         1.08         0.60         0.51         0.43         0.30
        0.90         0.94         1.87         1.45         0.88         0.70         0.62         0.46         0.28
        0.90         1.23         2.02         1.22         0.94         0.79         0.70         0.43         0.27
        1.03         1.17         1.15         1.34         1.15         0.75         0.71         0.47         0.29
        0.90         0.99         1.06         1.25         1.17         0.54         0.53         0.42         0.28
        0.79         0.82         0.97         0.99         1.06         0.52         0.50         0.23         0.26
        0.55         0.39         0.47         0.66         1.03         1.06         0.38         0.19         0.23
        0.24         0.21         0.34         0.42         0.92         0.75         0.34         0.28         0.21
    777600      9     13
        0.28         0.38         0.31         0.34         0.32         0.40         0.24         0.12         0.05
        0.20         0.26         0.22         0.23         0.30         0.49         0.22         0.04         0.08
        0.19         0.29         0.30         0.15         0.35         0.43         0.07         0.02         0.19
        0.15         0.22         0.35         0.20         0.36         0.34         0.16         0.12         0.19
        0.17         0.20         0.24         0.14         0.39         0.38         0.15         0.16         0.25
        0.25         0.18         0.23         0.14         0.37         0.35         0.20         0.29         0.37
        0.22         0.11         0.15         0.15         0.22         0.29         0.24         0.35         0.45
        0.22         0.14         0.04         0.18         0.31         0.25         0.22         0.31         0.40
        0.21         0.12         0.01         0.14         0.45         0.29         0.25         0.37         0.41
        0.24         0.14         0.04         0.18         0.48         0.34         0.26         0.35         0.53
        0.19         0.16         0.07         0.30         0.42         0.47         0.38         0.29         0.33
        0.09         0.18         0.13         0.28         0.41         0.48         0.47         0.29         0.16
        0.03         0.18         0.18         0.23         0.39         0.35         0.46         0.22         0.12
    864000      9     13
        0.55         0.41         0.32         0.21         0.14         0.07         0.06         0.06         0.02
        0.52         0.38         0.43         0.25         0.19         0.11         0.06         0.02         0.01
        0.24         0.25         0.36         0.20         0.36         0.39         0.08         0.02         0.12
        0.16         0.25         0.39         0.18         0.33         0.47         0.10         0.05         0.16
        0.15         0.24         0.44         0.16         0.38         0.50         0.18         0.16         0.21
        0.19         0.26         0.41         0.24         0.40         0.56         0.26         0.24         0.26
        0.26         0.26         0.39         0.36         0.52         0.55         0.31         0.25         0.21
        0.18         0.26         0.37         0.34         0.60         0.48         0.46         0.31         0.18
        0.20         0.26         0.20         0.31         0.56         0.54         0.47         0.33         0.27
        0.23         0.14         0.14         0.28         0.48         0.54         0.43         0.26         0.33
        0.12         0.14         0.21         0.28         0.46         0.71         0.79         0.36         0.37
        0.12         0.10         0.15         0.20         0.42         0.40         0.52         0.34         0.25
        0.17         0.02         0.06         0.22         0.65         0.37         0.50         0.67         0.26
    950400      9     13
        0.30         0.21         0.16         0.09         0.12         0.04         0.02         0.07         0.15
        0.19         0.18         0.22         0.18         0.08         0.04         0.03         0.09         0.10
        0.13         0.13         0.14         0.18         0.06         0.10         0.08         0.08         0.32
        0.15         0.09         0.06         0.09         0.04         0.14         0.08         0.06         0.54
        0.33         0.25         0.19         0.18         0.08         0.05         0.11         0.20         0.34
        0.22         0.19         0.29         0.27         0.18         0.04         0.07         0.22         0.23
        0.14         0.13         0.12         0.15         0.16         0.07         0.04         0.14         0.14
        0.05         0.03         0.03         0.04         0.07         0.11         0.04         0.05         0.10
        0.11         0.10         0.14         0.10         0.07         0.05         0.03         0.09         0.06
        0.11         0.04         0.11         0.13         0.12         0.19         0.08         0.12         0.11
        0.06         0.01         0.02         0.10         0.25         0.26         0.19         0.10         0.10
        0.07         0.05         0.03         0.26         0.37         0.24         0.20         0.14         0.05
        0.06         0.05         0.01         0.12         0.26         0.19         0.12         0.16         0.06
   1036800      9     13
        0.20         0.54         0.28         0.16         0.21         0.15         0.10         0.14         0.15
        0.20         0.42         0.43         0.26         0.18         0.20         0.26         0.19         0.16
        0.41         0.44         0.44         0.53         0.40         0.34         0.25         0.15         0.37
        0.48         0.47         0.40         0.45         0.35         0.32         0.21         0.24         0.45
        0.65         0.34         0.46         0.59         0.34         0.20         0.20         0.25         0.47
        0.64         0.48         0.44         0.63         0.45         0.20         0.21         0.41         0.59
        0.30         0.38         0.31         0.42         0.31         0.22         0.26         0.37         0.33
        0.15         0.17         0.19         0.26         0.29         0.34         0.36         0.29         0.16
        0.27         0.28         0.30         0.22         0.31         0.40         0.23         0.26         0.26
        0.25         0.28         0.34         0.29         0.39         0.36         0.21         0.26         0.24
        0.07         0.10         0.28         0.34         0.22         0.18         0.22         0.21         0.17
        0.06         0.09         0.38         0.46         0.23         0.22         0.14         0.08         0.05
        0.09         0.22         0.40         0.47         0.30         0.33         0.24         0.13         0.09
   1123200      9     13
        1.14         0.92         1.02         0.94         0.64         0.46         0.60         0.59         0.33
        0.95         0.70         0.79         1.04         0.76         0.68         0.73         0.66         0.28
        1.07         0.58         0.38         0.35         0.38         0.50         0.80         0.40         0.54
        0.55         0.75         0.73         0.55         0.44         0.18         0.26         0.34         0.27
        0.92         1.01         1.17         1.21         0.90         0.32         0.45         0.46         0.37
        1.19         1.08         0.96         0.99         1.17         0.58         0.50         0.41         0.58
        0.69         0.80         0.77         0.49         0.65         0.77         0.47         0.40         0.54
        0.36         0.36         0.39         0.12         0.29         0.98         0.49         0.48         0.50
        0.21         0.42         0.23         0.08         0.17         0.75         0.42         0.38         0.42
        0.09         0.16         0.14         0.32         0.34         0.41         0.44         0.28         0.38
        0.06         0.11         0.30         0.32         0.31         0.35         0.44         0.29         0.30
        0.15         0.31         0.40         0.31         0.42         0.49         0.42         0.21         0.19
        0.34         0.58         0.73         0.63         0.64         0.47         0.37         0.33         0.19
   1209600      9     13
        0.44         0.49         0.52         0.46         0.46         0.57         0.55         0.66         0.67
        0.60         0.60         0.56         0.56         0.56         0.61         0.74         0.80         0.67
        0.76         0.60         0.48         0.59         0.78         0.76         0.98         0.84         0.83
        0.61         0.77         0.75         0.74         1.06         0.77         0.76         0.97         1.13
        0.59         0.80         0.99         0.89         1.13         1.04         1.13         1.47         1.31
        0.66         0.67         0.96         1.07         1.29         1.71         1.79         1.34         0.91
        0.72         0.80         1.01         1.17         1.81         2.14         1.43         0.80         0.64
        0.90         1.09         1.26         1.33         1.42         1.56         0.92         0.71         0.70
        1.08         1.31         1.09         0.97         0.88         1.32         0.94         0.78         0.89
        0.64         0.90         0.99         1.07         1.55         0.95         0.68         0.64         0.86
        0.48         0.71         1.16         1.51         1.97         0.77         0.82         0.76         1.00
        0.72         1.09         1.61         1.30         1.21         1.67         1.11         0.77         0.82
        1.03         1.31         1.70         1.31         2.22         3.35         1.96         1.36         0.88
   1296000      9     13
        0.27         0.21         0.26         0.35         0.26         0.19         0.23         0.27         0.24
        0.28         0.23         0.26         0.35         0.26         0.29         0.43         0.40         0.24
        0.34         0.22         0.22         0.28         0.20         0.43         0.83         0.68         0.39
        0.29         0.19         0.24         0.34         0.37         0.42         0.50         0.44         0.70
        0.24         0.28         0.35         0.42         0.48         0.36         0.33         0.40         0.94
        0.29         0.31         0.37         0.50         0.50         0.39         0.42         0.48         0.63
        0.20         0.29         0.37         0.62         0.60         0.45         0.41         0.37         0.40
        0.26         0.32         0.30         0.39         0.37         0.29         0.33         0.31         0.32
        0.26         0.26         0.23         0.23         0.27         0.36         0.45         0.35         0.29
        0.35         0.26         0.23         0.26         0.33         0.34         0.28         0.29         0.32
        0.52         0.41         0.30         0.22         0.24         0.24         0.23         0.22         0.18
        0.43         0.34         0.29         0.24         0.20         0.22         0.13         0.08         0.11
        0.26         0.22         0.25         0.28         0.28         0.31         0.20         0.17         0.20