         0      9     13
        0.30         0.32         0.28         0.41         0.37         0.26         0.86         1.32         0.63
        0.21         0.22         0.21         0.52         0.66         0.46         0.43         0.75         0.83
        0.13         0.21         0.06         0.24         0.94         0.79         0.44         0.51         0.72
        0.23         0.32         0.15         0.10         0.53         0.73         0.68         0.80         0.79
        0.53         0.89         1.04         0.44         0.41         0.66         0.96         1.99         2.38
        0.64         0.95         1.17         0.68         0.70         0.92         1.01         1.45         2.63
        0.38         0.79         1.37         1.04         0.96         0.87         1.13         1.41         2.23
        0.43         0.53         1.20         1.53         1.25         0.85         0.89         1.01         1.14
        0.28         0.67         1.02         1.44         1.44         1.16         0.84         0.89         0.99
        0.44         0.89         1.14         1.21         1.30         1.46         1.00         0.74         0.87
        0.79         1.21         1.35         1.47         1.18         1.11         0.98         0.46         0.52
        0.31         0.40         0.55         0.79         0.90         0.90         0.97         0.74         0.62
        0.31         0.31         0.40         0.45         0.66         0.64         0.80         1.08         1.82
     86400      9     13
        1.70         3.36         3.90         1.74         1.69         2.21         1.98         2.68         2.47
        2.07         2.63         2.89         1.32         1.18         2.29         2.39         2.98         1.97
        1.55         1.81         1.68         1.22         1.03         1.14         1.12         1.18         1.28
        1.28         0.92         0.94         0.79         0.88         0.68         1.29         1.87         1.80
        0.68         0.39         0.30         0.36         0.49         0.50         0.85         0.91         0.93
        0.77         0.22         0.26         0.33         0.35         0.38         0.47         0.46         0.55
        0.64         0.16         0.18         0.30         0.34         0.34         0.38         0.52         0.53
        0.44         0.23         0.11         0.17         0.34         0.45         0.37         0.33         0.53
        0.72         0.42         0.15         0.15         0.76         0.81         0.54         0.24         0.32
        0.73         0.40         0.36         0.59         2.00         1.31         0.73         0.57         0.41
        0.55         0.88         0.83         1.65         0.70         0.59         0.54         0.56         0.48
        0.24         0.60         0.47         0.49         0.26         0.19         0.28         0.48         0.33
        0.39         0.42         0.16         0.18         0.34         0.24         0.30         0.48         0.35
    172800      9     13
        0.22         0.18         0.08         0.08         0.05         0.07         0.16         0.42         1.14
        0.12         0.07         0.09         0.11         0.08         0.18         0.59         0.55         0.94
        0.12         0.09         0.15         0.22         0.23         0.58         1.27         1.29         2.52
        0.29         0.25         0.23         0.35         0.37         0.49         0.64         1.03         1.81
        0.19         0.22         0.25         0.33         0.46         0.64         0.46         0.48         0.69
        0.16         0.20         0.27         0.28         0.37         0.47         0.51         0.74         0.61
        0.35         0.22         0.24         0.26         0.37         0.34         0.41         0.52         0.49
        0.49         0.27         0.22         0.25         0.39         0.43         0.46         0.50         0.51
        0.59         0.28         0.22         0.36         0.46         0.57         0.69         0.72         0.77
        0.61         0.17         0.22         0.44         0.46         0.53         0.62         0.92         1.04
        0.50         0.16         0.25         0.35         0.49         0.56         0.81         0.70         0.66
        0.58         0.32         0.30         0.37         0.52         1.23         1.93         0.66         0.57
        0.89         0.80         0.84         0.61         1.07         1.80         0.82         0.62         0.62
    259200      9     13
        0.35         0.28         0.30         0.29         0.44         0.37         0.29         0.25         0.21
        0.42         0.46         0.65         0.63         0.52         0.46         0.35         0.35         0.21
        0.49         0.55         0.75         0.56         0.55         0.53         0.37         0.26         0.25
        0.43         0.51         0.58         0.61         0.80         0.60         0.31         0.30         0.40
        0.51         0.56         0.56         0.64         0.97         0.74         0.50         0.57         0.45
        0.59         0.70         0.70         0.77         0.90         0.70         0.63         0.52         0.46
        0.65         0.78         0.71         0.67         0.65         0.48         0.54         0.48         0.71
        0.55         0.86         0.62         0.57         0.55         0.51         0.53         0.47         0.88
        0.43         0.63         0.57         0.59         0.62         0.53         0.35         0.45         0.71
        0.48         0.41         0.54         0.51         0.54         0.47         0.28         0.51         0.63
        0.81         0.50         0.33         0.36         0.32         0.29         0.39         0.68         0.70
        2.66         1.69         1.02         0.55         0.36         0.33         0.44         0.48         0.55
        2.76         1.37         1.35         1.01         0.60         0.27         0.35         0.33         0.45
    345600      9     13
        0.54         0.51         0.55         0.36         0.29         0.21         0.20         0.21         0.18
        0.68         0.47         0.43         0.28         0.28         0.26         0.28         0.24         0.23
        0.82         0.62         0.39         0.33         0.35         0.39         0.43         0.34         0.37
        0.77         0.69         0.41         0.36         0.48         0.55         0.64         0.56         0.46
        0.76         0.58         0.38         0.40         0.53         0.53         0.67         0.62         0.59
        0.72         0.55         0.34         0.46         0.47         0.42         0.60         0.68         0.89
        0.76         0.60         0.41         0.52         0.47         0.54         0.67         0.79         1.09
        0.90         0.59         0.43         0.45         0.57         0.64         0.71         0.87         0.98
        1.06         0.81         0.47         0.41         0.43         0.51         0.70         0.84         0.69
        1.18         0.87         0.67         0.68         0.49         0.46         0.59         0.70         0.66
        1.27         0.75         0.64         0.74         0.52         0.39         0.44         0.67         0.67
        1.23         0.65         0.49         0.65         0.39         0.32         0.44         0.66         0.72
        0.95         0.48         0.35         0.56         0.36         0.37         0.48         0.53         0.69
    432000      9     13
        0.55         0.52         0.47         0.25         0.07         0.08         0.08         0.07         0.06
        0.78         0.68         0.54         0.29         0.09         0.10         0.13         0.09         0.11
        0.92         0.75         0.53         0.38         0.20         0.13         0.21         0.15         0.24
        0.86         0.64         0.43         0.36         0.41         0.30         0.28         0.29         0.31
        0.81         0.62         0.36         0.55         0.47         0.35         0.31         0.36         0.44
        0.72         0.70         0.51         0.72         0.49         0.38         0.36         0.40         0.54
        0.53         0.77         0.69         0.59         0.27         0.35         0.53         0.64         0.83
        0.57         0.64         0.70         0.52         0.28         0.39         0.65         0.85         0.80
        0.63         0.57         0.77         0.78         0.47         0.55         0.76         0.86         0.57
        0.71         0.82         0.87         0.74         0.66         1.01         1.05         0.80         0.48
        1.06         0.82         0.74         0.61         0.72         0.99         0.96         0.79         0.53
        0.90         0.65         0.64         0.67         0.64         0.59         0.84         0.77         0.58
        0.62         0.47         0.60         0.71         0.55         0.50         0.80         0.59         0.53
    518400      9     13
        0.69         0.63         0.78         0.63         0.47         0.42         0.32         0.21         0.18
        0.80         0.70         0.71         0.68         0.59         0.74         0.51         0.45         0.41
        0.60         0.79         0.77         0.67         0.72         0.65         0.42         0.45         0.51
        0.55         0.79         0.94         0.85         0.86         0.63         0.66         0.73         0.44
        0.36         0.61         1.00         1.01         0.95         0.77         0.84         0.92         0.87
        0.43         0.61         0.93         0.94         1.00         0.81         0.82         0.98         1.15
        0.35         0.60         0.88         0.76         0.90         0.84         0.93         1.00         1.15
        0.45         0.72         0.66         0.60         0.77         0.97         1.04         0.88         0.76
        0.62         0.49         0.53         0.69         0.90         1.02         0.97         0.81         0.63
        1.08         0.98         0.82         0.73         0.66         0.87         0.91         0.76         0.62
        1.07         0.97         0.66         0.49         0.44         0.45         0.52         0.55         0.56
        0.74         0.67         0.89         0.77         0.64         0.45         0.37         0.41         0.42
        0.54         0.48         0.61         0.85         0.92         0.54         0.56         0.55         0.35
    604800      9     13
        0.54         0.21         0.18         0.18         0.23         0.04         0.10         0.16         0.07
        0.77         0.32         0.15         0.10         0.17         0.14         0.33         0.27         0.15
        0.66         0.43         0.30         0.21         0.08         0.29         0.40         0.15         0.31
        0.26         0.31         0.39         0.32         0.36         0.35         0.36         0.37         0.47
        0.27         0.23         0.34         0.58         0.85         0.57         0.50         0.68         0.71
        0.33         0.11         0.32         0.56         1.00         0.85         0.60         0.60         0.78
        0.12         0.16         0.26         0.33         0.68         0.79         0.78         0.59         0.67
        0.24         0.54         0.45         0.23         0.22         0.38         0.53         0.40         0.56
        0.56         0.62         0.50         0.34         0.32         0.34         0.33         0.31         0.55
        0.84         0.88         0.60         0.44         0.41         0.25         0.29         0.36         0.30
        1.20         1.04         0.51         0.35         0.31         0.17         0.28         0.27         0.12
        1.27         1.11         0.78         0.45         0.43         0.29         0.12         0.09         0.17
        0.94         0.79         0.31         0.25         0.55         0.28         0.08         0.11         0.11
    691200      9     13
        0.66         0.42         0.65         0.54         0.34         0.12         0.13         0.25         0.11
        0.78         0.40         0.29         0.26         0.22         0.29         0.35         0.37         0.19
        0.53         0.42         0.36         0.29         0.12         0.33         0.36         0.13         0.29
        0.09         0.20         0.47         0.49         0.48         0.35         0.28         0.51         0.46
        0.16         0.27         0.46         0.55         0.77         0.46         0.39         0.51         0.58
        0.36         0.46         0.43         0.53         0.76         0.63         0.48         0.41         0.59
        0.39         0.61         0.59         0.59         0.63         0.52         0.47         0.57         0.68
        0.45         0.70         0.70         0.47         0.47         0.36         0.41         0.79         0.81
        0.49         0.61         0.55         0.62         0.57         0.24         0.26         0.47         0.57
        0.78         0.87         0.88         0.96         0.41         0.17         0.24         0.44         0.40
        1.06         1.07         0.76         0.47         0.26         0.09         0.08         0.16         0.08
        0.96         0.96         0.72         0.65         0.48         0.23         0.04         0.01         0.02
        0.91         0.61         0.43         0.85         1.05         0.46         0.08         0.04         0.02
    777600      9     13
        0.31         0.14         0.22         0.22         0.11         0.12         0.07         0.04         0.14
        0.42         0.14         0.22         0.29         0.16         0.32         0.43         0.22         0.09
        0.39         0.25         0.18         0.20         0.09         0.29         0.62         0.23         0.19
        0.37         0.38         0.50         0.68         0.48         0.34         0.73         0.79         0.63
        0.21         0.27         0.69         1.00         1.05         0.80         1.61         1.46         1.14
        0.43         0.47         0.70         1.06         1.12         1.46         1.72         1.45         1.48
        0.48         0.60         0.56         0.76         1.13         1.36         1.39         1.22         1.17
        0.44         0.70         0.75         0.65         0.69         0.86         1.20         0.88         0.99
        0.52         0.63         0.84         0.93         0.54         0.46         0.52         0.44         0.93
        0.85         1.29         1.34         0.93         0.35         0.29         0.39         0.41         0.41
        1.28         1.56         1.12         0.40         0.15         0.16         0.25         0.26         0.13
        1.53         1.45         1.08         0.71         0.55         0.45         0.12         0.04         0.05
        1.38         1.07         0.56         0.54         0.94         0.57         0.14         0.06         0.02
    864000      9     13
        0.53         0.28         0.40         0.38         0.19         0.10         0.26         0.31         0.09
        0.96         0.42         0.31         0.30         0.07         0.15         0.34         0.36         0.19
        0.58         0.45         0.44         0.35         0.13         0.13         0.36         0.24         0.24
        0.26         0.38         0.56         0.56         0.51         0.19         0.25         0.36         0.53
        0.27         0.27         0.57         0.61         0.60         0.32         0.36         0.57         0.84
        0.35         0.28         0.50         0.56         0.49         0.38         0.55         0.65         0.82
        0.26         0.25         0.22         0.29         0.30         0.35         0.62         0.59         0.77
        0.38         0.36         0.29         0.21         0.23         0.34         0.51         0.41         0.67
        0.64         0.52         0.38         0.42         0.35         0.37         0.30         0.27         0.39
        0.87         0.85         0.60         0.47         0.29         0.18         0.13         0.25         0.20
        0.95         0.78         0.36         0.20         0.12         0.04         0.05         0.07         0.01
        0.84         0.70         0.30         0.18         0.27         0.21         0.06         0.00         0.00
        0.42         0.22         0.13         0.06         0.27         0.16         0.02         0.00         0.00
    950400      9     13
        0.28         0.34         0.63         0.72         0.43         0.31         0.47         0.50         0.44
        0.48         0.42         0.30         0.35         0.11         0.41         0.72         0.62         0.51
        0.73         0.73         0.56         0.59         0.16         0.25         0.59         0.37         0.35
        0.32         0.68         0.83         0.98         0.76         0.19         0.55         0.57         0.57
        0.42         0.53         0.70         1.17         1.32         0.49         0.62         0.93         1.41
        0.56         0.46         0.45         0.79         0.93         0.68         0.87         1.04         1.47
        0.40         0.58         0.44         0.66         0.81         0.64         0.87         0.93         0.96
        0.43         0.36         0.50         0.30         0.46         0.46         0.65         0.76         0.57
        0.37         0.43         0.40         0.30         0.23         0.38         0.34         0.20         0.27
        0.60         0.84         0.69         0.70         0.35         0.20         0.12         0.17         0.22
        0.69         0.94         0.74         0.91         0.52         0.05         0.03         0.11         0.06
        0.79         1.06         1.37         1.44         0.48         0.28         0.10         0.01         0.00
        0.69         0.84         0.85         0.76         0.75         0.36         0.12         0.04         0.04
   1036800      9     13
        0.27         0.20         0.71         1.04         0.75         0.45         0.46         0.33         0.22
        0.49         0.56         0.49         0.85         0.71         0.86         0.99         0.61         0.34
        0.56         0.90         0.73         0.62         0.56         0.61         1.06         0.93         1.03
        0.33         0.64         0.78         0.89         0.93         0.60         0.65         0.96         1.36
        0.48         0.47         0.55         0.85         1.02         0.61         0.69         0.85         0.91
        0.32         0.28         0.29         0.55         0.79         0.65         0.71         0.88         1.12
        0.14         0.14         0.24         0.39         0.41         0.36         0.47         0.71         1.15
        0.18         0.18         0.32         0.27         0.29         0.25         0.52         0.64         0.85
        0.09         0.14         0.16         0.21         0.29         0.35         0.45         0.39         0.61
        0.08         0.22         0.24         0.35         0.43         0.40         0.30         0.36         0.50
        0.08         0.24         0.32         0.33         0.29         0.32         0.26         0.29         0.41
        0.03         0.23         0.45         0.41         0.39         0.48         0.27         0.14         0.15
        0.08         0.29         0.39         0.42         0.74         0.46         0.16         0.22         0.16
   1123200      9     13
        0.34         0.27         0.49         0.48         0.42         0.23         0.24         0.23         0.13
        0.56         0.47         0.30         0.33         0.21         0.33         0.40         0.35         0.14
        0.41         0.55         0.32         0.31         0.19         0.14         0.28         0.19         0.18
        0.22         0.35         0.40         0.50         0.44         0.18         0.14         0.14         0.22
        0.11         0.18         0.28         0.48         0.57         0.21         0.10         0.22         0.25
        0.10         0.08         0.13         0.45         0.37         0.11         0.08         0.20         0.23
        0.11         0.09         0.09         0.22         0.09         0.03         0.05         0.09         0.15
        0.13         0.11         0.11         0.02         0.01         0.01         0.02         0.02         0.05
        0.13         0.04         0.03         0.01         0.00         0.00         0.01         0.01         0.01
        0.06         0.04         0.02         0.01         0.02         0.03         0.02         0.01         0.00
        0.02         0.08         0.07         0.05         0.04         0.02         0.01         0.00         0.00
        0.03         0.15         0.22         0.18         0.04         0.03         0.02         0.00         0.00
        0.24         0.53         0.54         0.28         0.12         0.05         0.02         0.03         0.03
   1209600      9     13
        0.34         0.24         0.42         0.64         0.46         0.27         0.33         0.39         0.29
        0.36         0.34         0.29         0.44         0.24         0.18         0.25         0.31         0.14
        0.46         0.53         0.33         0.35         0.24         0.17         0.41         0.34         0.35
        0.29         0.35         0.34         0.45         0.31         0.25         0.34         0.37         0.52
        0.13         0.15         0.33         0.26         0.31         0.23         0.19         0.29         0.48
        0.11         0.05         0.21         0.09         0.09         0.10         0.08         0.18         0.20
        0.03         0.01         0.02         0.01         0.07         0.06         0.02         0.05         0.03
        0.00         0.01         0.02         0.01         0.03         0.03         0.01         0.00         0.01
        0.01         0.06         0.04         0.01         0.01         0.00         0.00         0.03         0.07
        0.06         0.25         0.11         0.05         0.03         0.00         0.00         0.04         0.05
        0.15         0.29         0.18         0.14         0.04         0.01         0.02         0.01         0.00
        0.08         0.07         0.13         0.17         0.08         0.02         0.02         0.01         0.01
        0.06         0.01         0.01         0.02         0.05         0.02         0.03         0.01         0.01
   1296000      9     13
        1.00         0.83         0.93         1.45         2.03         2.18         2.24         1.97         1.70
        0.63         0.56         0.68         0.91         0.73         0.77         0.99         1.21         1.49
        0.54         0.47         0.61         0.67         0.47         0.58         1.04         1.17         1.26
        0.47         0.46         0.59         0.83         0.99         0.87         0.89         1.11         1.29
        0.50         0.43         0.46         0.75         0.83         0.61         0.35         0.78         1.16
        0.22         0.22         0.23         0.42         0.54         0.44         0.32         0.44         0.59
        0.26         0.34         0.29         0.40         0.38         0.26         0.23         0.28         0.33
        0.33         0.35         0.41         0.33         0.25         0.14         0.20         0.23         0.40
        0.34         0.35         0.29         0.28         0.18         0.06         0.15         0.20         0.24
        0.26         0.25         0.26         0.30         0.24         0.10         0.13         0.18         0.16
        0.14         0.14         0.16         0.24         0.14         0.07         0.04         0.07         0.05
        0.18         0.10         0.09         0.15         0.11         0.06         0.07         0.03         0.02
        0.12         0.11         0.16         0.20         0.18         0.08         0.09         0.02         0.02