         0      9     13
        0.06         0.05         0.13         0.30         0.36         0.40         0.55         0.70         0.66
        0.13         0.08         0.10         0.54         0.77         0.51         0.60         0.65         0.75
        0.34         0.42         0.30         0.46         0.91         0.55         0.83         0.94         1.52
        0.44         0.59         0.41         0.62         0.96         0.87         1.11         1.23         2.05
        0.39         0.28         0.35         0.79         0.82         0.72         0.63         0.85         1.38
        0.37         0.34         0.38         0.63         0.72         0.60         0.46         0.66         0.79
        0.42         0.50         0.30         0.41         0.55         0.64         0.64         0.71         0.79
        0.41         0.46         0.43         0.40         0.42         0.58         0.62         0.63         0.72
        0.37         0.44         0.44         0.38         0.22         0.36         0.47         0.49         0.41
        0.38         0.47         0.46         0.38         0.20         0.20         0.31         0.34         0.30
        0.14         0.31         0.54         0.56         0.28         0.14         0.12         0.17         0.20
        0.16         0.46         0.71         0.70         0.52         0.41         0.20         0.08         0.07
        0.46         0.71         0.75         0.58         0.58         0.54         0.26         0.09         0.07
     86400      9     13
        0.32         0.14         0.11         0.23         0.25         0.36         0.44         0.44         0.42
        0.37         0.22         0.30         0.31         0.34         0.39         0.41         0.40         0.55
        0.42         0.22         0.41         0.37         0.28         0.26         0.39         0.69         1.67
        0.21         0.16         0.32         0.38         0.38         0.40         0.62         1.03         2.67
        0.22         0.23         0.25         0.32         0.35         0.46         0.72         1.25         2.22
        0.33         0.36         0.38         0.31         0.38         0.50         0.76         1.35         1.69
        0.41         0.46         0.45         0.42         0.48         0.61         0.89         1.28         1.15
        0.54         0.58         0.56         0.58         0.75         0.90         1.06         1.19         0.72
        0.62         0.69         0.70         0.79         1.08         0.97         0.75         0.68         0.41
        0.84         1.18         1.22         1.19         0.94         0.51         0.38         0.41         0.39
        0.66         1.33         2.25         2.77         1.49         0.59         0.37         0.68         0.86
        0.36         0.96         1.58         1.96         1.65         1.10         0.77         0.90         0.98
        0.30         0.45         0.81         0.90         0.79         0.69         0.69         0.80         0.64
    172800      9     13
        0.15         0.10         0.10         0.07         0.04         0.05         0.08         0.09         0.08
        0.33         0.19         0.30         0.17         0.07         0.09         0.14         0.15         0.18
        0.38         0.26         0.31         0.19         0.11         0.26         0.33         0.26         0.38
        0.43         0.35         0.38         0.29         0.16         0.20         0.32         0.39         0.53
        0.36         0.28         0.47         0.45         0.28         0.18         0.24         0.26         0.49
        0.49         0.38         0.49         0.56         0.37         0.28         0.34         0.27         0.37
        0.38         0.46         0.47         0.40         0.38         0.25         0.32         0.33         0.39
        0.28         0.29         0.44         0.21         0.23         0.13         0.26         0.38         0.44
        0.21         0.19         0.29         0.29         0.21         0.24         0.41         0.52         0.58
        0.36         0.39         0.30         0.32         0.24         0.15         0.23         0.39         0.46
        0.33         0.36         0.36         0.31         0.24         0.06         0.05         0.16         0.16
        0.15         0.22         0.33         0.47         0.56         0.35         0.08         0.07         0.10
        0.09         0.10         0.14         0.26         0.53         0.49         0.16         0.12         0.30
    259200      9     13
        0.09         0.05         0.31         0.26         0.11         0.08         0.18         0.15         0.05
        0.16         0.09         0.24         0.12         0.04         0.13         0.26         0.17         0.13
        0.30         0.18         0.22         0.06         0.03         0.40         0.52         0.18         0.36
        0.22         0.12         0.22         0.07         0.06         0.25         0.50         0.33         0.42
        0.06         0.03         0.11         0.09         0.08         0.09         0.34         0.44         0.48
        0.09         0.07         0.08         0.11         0.09         0.07         0.18         0.32         0.54
        0.22         0.18         0.14         0.15         0.12         0.10         0.07         0.06         0.20
        0.22         0.27         0.29         0.14         0.09         0.08         0.06         0.06         0.06
        0.17         0.18         0.20         0.19         0.06         0.06         0.15         0.18         0.16
        0.25         0.26         0.23         0.26         0.16         0.12         0.14         0.25         0.28
        0.18         0.28         0.29         0.25         0.15         0.05         0.04         0.15         0.21
        0.14         0.24         0.29         0.26         0.20         0.18         0.08         0.02         0.04
        0.04         0.06         0.14         0.21         0.29         0.18         0.07         0.01         0.07
    345600      9     13
        0.56         0.45         0.40         0.49         0.53         0.36         0.23         0.20         0.37
        0.29         0.25         0.31         0.26         0.23         0.34         0.25         0.29         0.40
        0.80         0.55         0.26         0.32         0.31         0.35         0.40         0.19         0.42
        1.11         0.77         0.48         0.43         0.44         0.36         0.63         0.24         0.71
        0.70         0.49         0.53         0.85         0.83         0.41         0.46         0.53         1.17
        0.18         0.21         0.20         0.41         0.42         0.33         0.38         0.53         1.03
        0.11         0.15         0.14         0.24         0.17         0.13         0.17         0.17         0.23
        0.14         0.18         0.30         0.24         0.16         0.19         0.13         0.13         0.19
        0.25         0.29         0.35         0.29         0.15         0.20         0.18         0.19         0.19
        0.37         0.36         0.32         0.46         0.41         0.31         0.23         0.29         0.32
        0.08         0.17         0.25         0.35         0.37         0.17         0.14         0.15         0.18
        0.09         0.21         0.32         0.21         0.12         0.08         0.08         0.01         0.01
        0.17         0.37         0.57         0.33         0.20         0.14         0.08         0.03         0.05
    432000      9     13
        0.33         0.59         0.60         0.31         0.25         0.30         0.59         0.81         0.56
        0.41         0.49         0.46         0.43         0.39         0.25         0.41         0.74         0.82
        0.20         0.35         0.46         0.46         0.46         0.52         0.47         0.55         1.06
        0.69         0.48         0.36         0.55         0.77         0.81         0.55         0.59         0.80
        1.21         1.20         0.89         0.77         0.93         0.84         0.60         0.69         0.95
        1.11         1.50         1.65         1.44         1.37         1.03         0.68         0.72         0.81
        0.75         1.03         1.31         1.88         1.88         1.33         0.94         0.78         0.66
        0.65         0.72         0.73         0.99         1.37         1.20         1.27         1.15         0.85
        0.54         0.52         0.57         0.62         0.58         0.57         0.80         0.94         0.96
        0.58         0.57         0.54         0.53         0.49         0.29         0.38         0.52         0.66
        0.20         0.41         0.57         0.66         0.61         0.38         0.24         0.25         0.39
        0.10         0.23         0.39         0.48         0.50         0.41         0.33         0.17         0.28
        0.11         0.21         0.23         0.27         0.28         0.30         0.30         0.20         0.29
    518400      9     13
        0.72         0.81         0.88         0.77         0.95         0.90         1.00         1.14         1.03
        0.75         0.87         0.87         0.71         0.75         1.00         1.08         1.21         1.33
        0.86         1.07         1.09         0.79         0.74         1.06         0.93         1.08         1.58
        1.01         1.13         1.24         1.23         1.45         1.58         1.04         0.92         1.44
        0.94         1.11         1.24         1.23         1.62         1.66         1.05         0.90         1.30
        1.02         1.08         1.14         1.29         1.54         1.29         0.86         1.00         1.50
        1.04         1.06         1.09         1.39         1.55         1.14         0.78         0.96         1.50
        0.71         0.95         1.08         1.29         1.51         1.15         0.99         1.18         1.47
        0.51         0.80         0.99         1.04         0.90         0.76         1.03         1.40         1.68
        0.59         0.72         0.83         0.88         0.76         0.57         0.67         1.09         1.44
        0.48         0.54         0.64         0.79         0.73         0.67         0.56         0.65         0.90
        0.38         0.42         0.53         0.68         0.72         0.69         0.57         0.57         0.64
        0.17         0.18         0.27         0.37         0.53         0.56         0.58         0.54         0.53
    604800      9     13
        0.18         0.16         0.25         0.37         0.23         0.09         0.10         0.29         0.41
        0.41         0.30         0.44         0.54         0.32         0.11         0.21         0.62         0.58
        0.55         0.39         0.41         0.49         0.41         0.18         0.28         0.86         0.88
        0.57         0.53         0.36         0.47         0.68         0.63         0.38         0.71         1.02
        0.57         0.62         0.56         0.55         0.72         0.83         0.51         0.58         1.03
        0.71         0.64         0.63         0.74         0.73         0.66         0.41         0.45         0.79
        0.79         0.63         0.56         0.68         0.59         0.41         0.40         0.50         0.75
        0.86         0.54         0.43         0.42         0.45         0.41         0.41         0.49         0.65
        0.74         0.54         0.40         0.21         0.17         0.26         0.30         0.35         0.57
        0.68         0.62         0.38         0.15         0.12         0.14         0.12         0.20         0.34
        0.64         0.56         0.44         0.22         0.13         0.11         0.11         0.16         0.21
        0.70         0.62         0.52         0.38         0.25         0.17         0.28         0.28         0.24
        0.74         0.67         0.46         0.32         0.28         0.27         0.28         0.34         0.24
    691200      9     13
        0.02         0.04         0.15         0.31         0.28         0.16         0.22         0.32         0.25
        0.04         0.09         0.07         0.16         0.07         0.12         0.27         0.28         0.17
        0.17         0.10         0.14         0.19         0.09         0.15         0.26         0.12         0.21
        0.12         0.09         0.13         0.29         0.20         0.12         0.12         0.10         0.25
        0.12         0.07         0.05         0.16         0.24         0.11         0.04         0.06         0.13
        0.26         0.14         0.05         0.09         0.30         0.20         0.16         0.15         0.07
        0.25         0.20         0.11         0.17         0.20         0.19         0.13         0.17         0.12
        0.21         0.15         0.22         0.18         0.12         0.07         0.08         0.05         0.04
        0.24         0.19         0.19         0.22         0.13         0.02         0.04         0.06         0.04
        0.19         0.27         0.31         0.25         0.14         0.03         0.02         0.02         0.02
        0.10         0.24         0.28         0.21         0.09         0.02         0.01         0.00         0.00
        0.08         0.24         0.18         0.24         0.27         0.17         0.09         0.00         0.00
        0.17         0.38         0.32         0.33         0.39         0.26         0.13         0.02         0.00
    777600      9     13
        0.41         0.21         0.15         0.19         0.31         0.22         0.22         0.20         0.05
        0.28         0.17         0.20         0.17         0.13         0.16         0.21         0.23         0.07
        0.19         0.16         0.22         0.21         0.06         0.10         0.26         0.16         0.17
        0.20         0.16         0.13         0.17         0.14         0.13         0.25         0.15         0.25
        0.27         0.19         0.11         0.11         0.07         0.05         0.06         0.14         0.12
        0.26         0.20         0.12         0.13         0.07         0.04         0.01         0.06         0.08
        0.14         0.10         0.05         0.06         0.05         0.03         0.01         0.01         0.01
        0.03         0.05         0.08         0.07         0.04         0.02         0.01         0.00         0.00
        0.05         0.05         0.07         0.05         0.03         0.01         0.01         0.01         0.00
        0.16         0.08         0.07         0.03         0.02         0.06         0.06         0.04         0.02
        0.11         0.17         0.19         0.10         0.04         0.04         0.03         0.03         0.01
        0.03         0.13         0.24         0.18         0.09         0.04         0.04         0.01         0.00
        0.11         0.27         0.31         0.15         0.15         0.18         0.06         0.01         0.03
    864000      9     13
        0.77         1.14         1.12         1.13         1.12         0.79         0.78         0.83         0.59
        0.73         1.05         1.04         1.23         1.30         1.20         1.02         0.83         0.70
        1.04         1.28         1.60         1.59         1.09         1.20         1.23         0.68         0.93
        0.82         1.17         1.30         1.76         1.86         1.38         1.27         0.92         0.91
        0.28         0.66         0.72         1.03         1.71         1.55         1.63         1.66         1.28
        0.14         0.22         0.30         0.85         1.21         0.85         1.02         1.26         1.27
        0.22         0.19         0.13         0.40         0.38         0.29         0.53         0.62         0.67
        0.16         0.22         0.25         0.21         0.06         0.04         0.07         0.15         0.23
        0.17         0.27         0.24         0.08         0.02         0.04         0.10         0.13         0.09
        0.25         0.32         0.21         0.11         0.03         0.10         0.15         0.16         0.17
        0.17         0.22         0.27         0.17         0.04         0.04         0.07         0.11         0.14
        0.02         0.07         0.19         0.23         0.13         0.05         0.07         0.03         0.07
        0.01         0.06         0.14         0.20         0.22         0.15         0.15         0.02         0.04
    950400      9     13
        0.33         0.35         0.29         0.21         0.33         0.45         0.29         0.14         0.12
        0.41         0.35         0.31         0.42         0.50         0.55         0.51         0.30         0.20
        0.55         0.52         0.46         0.54         0.66         0.55         0.57         0.40         0.29
        0.56         0.61         0.62         0.71         0.72         0.93         0.72         0.60         0.45
        0.67         0.75         0.56         0.62         0.64         0.62         0.64         0.60         0.58
        0.74         0.80         0.60         0.60         0.61         0.54         0.48         0.46         0.44
        0.41         0.41         0.44         0.65         0.61         0.54         0.48         0.36         0.28
        0.35         0.35         0.35         0.32         0.27         0.18         0.21         0.20         0.13
        0.19         0.29         0.24         0.21         0.22         0.19         0.21         0.19         0.12
        0.21         0.21         0.15         0.15         0.13         0.11         0.23         0.23         0.14
        0.04         0.09         0.17         0.25         0.17         0.11         0.11         0.17         0.23
        0.03         0.13         0.31         0.37         0.30         0.17         0.17         0.07         0.14
        0.04         0.18         0.32         0.37         0.40         0.32         0.28         0.10         0.13
   1036800      9     13
        0.22         0.19         0.29         0.41         0.28         0.44         0.46         0.44         0.71
        0.34         0.31         0.56         0.64         0.37         0.40         0.51         0.55         0.98
        0.50         0.44         0.64         0.63         0.29         0.43         0.53         0.48         0.82
        0.69         0.77         0.64         0.56         0.40         0.51         0.34         0.46         0.88
        0.51         0.68         0.90         1.25         1.08         0.78         0.38         0.33         1.25
        0.64         0.61         0.69         0.90         1.28         1.11         0.79         0.52         1.02
        0.55         0.54         0.62         0.77         1.11         1.21         0.94         0.90         1.14
        0.18         0.31         0.48         0.54         0.67         0.89         0.87         0.74         0.95
        0.10         0.18         0.26         0.29         0.41         0.51         0.81         0.88         0.71
        0.12         0.13         0.19         0.24         0.29         0.44         0.66         0.73         0.70
        0.14         0.12         0.20         0.28         0.37         0.45         0.51         0.45         0.48
        0.40         0.41         0.37         0.42         0.41         0.46         0.45         0.33         0.24
        0.57         0.60         0.58         0.56         0.64         0.64         0.48         0.32         0.21
   1123200      9     13
        0.46         0.44         0.53         0.58         0.37         0.34         0.31         0.28         0.26
        0.14         0.34         0.44         0.53         0.30         0.31         0.45         0.35         0.34
        0.09         0.25         0.38         0.49         0.26         0.32         0.78         0.61         0.56
        0.09         0.12         0.24         0.49         0.39         0.24         0.49         0.53         0.71
        0.05         0.09         0.22         0.34         0.36         0.17         0.19         0.40         0.54
        0.17         0.14         0.14         0.13         0.24         0.23         0.21         0.31         0.47
        0.28         0.34         0.25         0.16         0.16         0.16         0.10         0.13         0.18
        0.20         0.15         0.21         0.25         0.15         0.06         0.04         0.06         0.14
        0.26         0.20         0.14         0.17         0.23         0.11         0.05         0.05         0.13
        0.44         0.35         0.23         0.15         0.20         0.17         0.10         0.05         0.05
        0.67         0.50         0.33         0.23         0.13         0.14         0.16         0.10         0.07
        0.60         0.65         0.57         0.45         0.33         0.16         0.14         0.17         0.16
        0.53         0.52         0.63         0.64         0.64         0.50         0.37         0.31         0.26
   1209600      9     13
        0.14         0.14         0.22         0.15         0.19         0.22         0.45         0.27         0.16
        0.24         0.31         0.30         0.28         0.27         0.19         0.23         0.15         0.08
        0.36         0.44         0.35         0.32         0.21         0.17         0.25         0.20         0.12
        0.34         0.40         0.40         0.45         0.37         0.17         0.26         0.16         0.17
        0.20         0.21         0.27         0.45         0.37         0.13         0.09         0.11         0.10
        0.07         0.06         0.06         0.16         0.22         0.09         0.03         0.04         0.04
        0.07         0.05         0.03         0.03         0.14         0.04         0.01         0.01         0.01
        0.13         0.05         0.04         0.04         0.07         0.05         0.04         0.02         0.03
        0.08         0.05         0.03         0.04         0.02         0.02         0.02         0.01         0.02
        0.08         0.05         0.03         0.05         0.03         0.01         0.01         0.01         0.01
        0.03         0.03         0.08         0.14         0.04         0.04         0.01         0.02         0.03
        0.01         0.03         0.09         0.15         0.10         0.05         0.06         0.01         0.01
        0.04         0.05         0.06         0.08         0.12         0.06         0.07         0.04         0.00
   1296000      9     13
        0.02         0.01         0.01         0.03         0.05         0.06         0.04         0.06         0.06
        0.02         0.05         0.06         0.06         0.08         0.04         0.04         0.04         0.06
        0.05         0.09         0.12         0.11         0.07         0.04         0.07         0.06         0.07
        0.06         0.12         0.17         0.15         0.11         0.08         0.11         0.07         0.11
        0.13         0.15         0.15         0.20         0.14         0.05         0.05         0.02         0.06
        0.21         0.18         0.11         0.23         0.15         0.03         0.01         0.01         0.06
        0.20         0.19         0.06         0.19         0.12         0.01         0.00         0.00         0.05
        0.13         0.14         0.06         0.15         0.07         0.02         0.02         0.01         0.00
        0.09         0.19         0.17         0.14         0.03         0.01         0.01         0.01         0.00
        0.12         0.24         0.24         0.17         0.03         0.00         0.01         0.03         0.04
        0.03         0.06         0.21         0.28         0.05         0.02         0.01         0.01         0.03
        0.00         0.01         0.13         0.30         0.17         0.04         0.04         0.00         0.00
        0.00         0.00         0.04         0.21         0.27         0.04         0.05         0.00         0.00