         0      9     13
        0.24         0.16         0.19         0.16         0.15         0.18         0.21         0.15         0.17
        0.51         0.24         0.21         0.20         0.16         0.18         0.17         0.08         0.09
        0.95         0.55         0.36         0.29         0.09         0.25         0.14         0.04         0.13
        2.27         1.70         0.91         0.70         0.66         0.51         0.24         0.21         0.46
        1.19         2.12         1.79         1.34         1.56         1.41         0.99         0.89         0.88
        1.08         1.30         1.34         1.83         2.01         2.43         3.24         3.26         2.25
        1.12         1.46         1.20         1.69         2.82         3.14         2.92         2.07         1.72
        1.52         1.79         1.73         1.57         1.67         2.66         3.26         1.72         1.34
        3.30         1.88         1.66         2.92         2.16         2.16         2.66         2.80         2.37
        2.73         1.88         1.63         3.10         3.50         1.65         1.84         2.16         2.85
        0.89         1.32         1.90         2.62         2.93         1.98         1.86         1.69         1.61
        0.86         1.29         1.85         1.80         2.40         2.36         1.47         1.27         1.58
        1.50         1.41         1.32         1.55         3.82         3.76         1.48         1.37         1.61
     86400      9     13
        0.52         0.49         0.43         0.21         0.13         0.13         0.17         0.22         0.24
        0.60         0.51         0.55         0.32         0.15         0.13         0.15         0.24         0.32
        0.60         0.53         0.61         0.52         0.55         0.34         0.24         0.25         0.37
        1.80         0.82         0.79         0.52         0.74         0.52         0.37         0.45         0.46
        3.91         2.40         2.13         2.46         2.16         1.50         0.85         0.74         0.59
        3.00         2.42         2.45         3.96         2.65         1.92         1.47         1.23         1.37
        2.91         1.68         1.35         1.76         2.41         4.22         2.23         1.59         1.92
        2.97         2.09         1.25         1.14         1.46         3.42         2.35         2.28         2.99
        1.80         1.42         1.06         0.97         0.99         1.50         1.53         2.38         2.92
        1.80         1.49         0.74         0.80         0.90         0.73         1.04         2.06         3.18
        1.42         1.48         1.30         1.31         0.97         0.68         1.06         2.01         3.27
        1.05         1.14         1.28         1.57         1.11         0.99         1.19         1.44         2.15
        0.79         0.92         0.93         1.11         1.36         1.44         0.97         0.88         1.07
    172800      9     13
        0.17         0.04         0.04         0.01         0.01         0.00         0.00         0.00         0.00
        0.10         0.03         0.03         0.02         0.02         0.00         0.00         0.00         0.00
        0.35         0.48         0.24         0.21         0.13         0.04         0.01         0.01         0.01
        0.50         0.68         0.50         0.31         0.29         0.14         0.04         0.10         0.15
        0.53         0.49         0.34         0.26         0.36         0.16         0.11         0.25         0.22
        0.96         0.49         0.60         0.30         0.50         0.41         0.29         0.33         0.33
        1.05         0.37         0.24         0.17         0.48         0.60         0.40         0.43         0.30
        1.23         0.96         0.64         0.49         0.34         0.21         0.22         0.57         0.48
        0.59         0.91         0.94         0.46         0.41         0.26         0.27         0.48         0.79
        0.75         0.97         1.20         0.63         1.20         0.50         0.27         0.42         0.49
        0.55         0.78         1.24         1.22         1.64         0.89         0.42         0.20         0.24
        0.16         0.38         0.85         1.06         1.03         1.11         0.84         0.26         0.23
        0.18         0.20         0.29         0.66         0.92         0.55         0.46         0.39         0.29
    259200      9     13
        0.23         0.37         0.38         0.31         0.27         0.20         0.11         0.04         0.01
        0.31         0.46         0.53         0.34         0.25         0.31         0.27         0.12         0.06
        0.28         0.34         0.46         0.32         0.37         0.36         0.27         0.25         0.32
        0.17         0.09         0.29         0.25         0.29         0.26         0.17         0.18         0.31
        0.16         0.07         0.29         0.12         0.22         0.28         0.13         0.18         0.17
        0.10         0.09         0.25         0.14         0.23         0.27         0.11         0.23         0.27
        0.06         0.10         0.17         0.25         0.32         0.18         0.15         0.10         0.04
        0.08         0.05         0.09         0.14         0.14         0.12         0.21         0.08         0.02
        0.06         0.04         0.04         0.05         0.17         0.10         0.06         0.02         0.02
        0.16         0.07         0.12         0.13         0.10         0.12         0.16         0.15         0.10
        0.27         0.23         0.36         0.48         0.10         0.05         0.25         0.39         0.20
        0.14         0.20         0.18         0.30         0.18         0.13         0.16         0.39         0.20
        0.10         0.11         0.10         0.13         0.65         0.33         0.07         0.20         0.17
    345600      9     13
        0.07         0.20         0.13         0.20         0.43         0.21         0.29         0.30         0.20
        0.12         0.25         0.28         0.31         0.56         0.26         0.16         0.11         0.08
        0.20         0.21         0.36         0.46         0.72         0.41         0.17         0.09         0.17
        0.33         0.35         0.47         0.50         0.58         0.43         0.16         0.13         0.20
        0.25         0.40         0.55         0.38         0.50         0.47         0.31         0.18         0.11
        0.21         0.38         0.53         0.28         0.39         0.41         0.27         0.15         0.04
        0.47         0.67         0.66         0.46         0.46         0.30         0.20         0.06         0.01
        0.50         0.52         0.56         0.54         0.38         0.32         0.29         0.13         0.02
        0.20         0.39         0.32         0.62         0.54         0.32         0.25         0.13         0.07
        0.09         0.28         0.26         0.43         0.51         0.17         0.43         0.32         0.20
        0.04         0.17         0.25         0.53         0.60         0.11         0.37         0.43         0.15
        0.10         0.05         0.11         0.43         0.71         0.53         0.39         0.44         0.29
        0.13         0.05         0.08         0.30         0.59         0.40         0.89         0.80         0.46
    432000      9     13
        0.28         0.30         0.43         0.50         0.55         0.40         0.16         0.19         0.15
        0.36         0.26         0.48         0.48         0.42         0.33         0.18         0.09         0.07
        0.36         0.26         0.50         0.37         0.31         0.44         0.21         0.05         0.29
        0.46         0.47         0.48         0.26         0.32         0.42         0.20         0.16         0.25
        0.52         0.50         0.50         0.27         0.31         0.42         0.29         0.25         0.40
        0.49         0.42         0.45         0.26         0.33         0.37         0.32         0.33         0.47
        0.36         0.30         0.33         0.25         0.39         0.34         0.46         0.38         0.32
        0.28         0.27         0.25         0.29         0.44         0.41         0.32         0.27         0.20
        0.43         0.31         0.34         0.33         0.52         0.41         0.19         0.15         0.15
        0.49         0.30         0.33         0.33         0.41         0.23         0.14         0.22         0.14
        0.15         0.27         0.33         0.28         0.26         0.19         0.33         0.25         0.10
        0.14         0.33         0.36         0.26         0.24         0.20         0.27         0.16         0.11
        0.27         0.27         0.26         0.23         0.22         0.10         0.15         0.15         0.09
    518400      9     13
        0.18         0.09         0.38         0.31         0.18         0.09         0.08         0.08         0.02
        0.14         0.08         0.30         0.22         0.07         0.10         0.11         0.04         0.00
        0.12         0.14         0.32         0.16         0.08         0.21         0.14         0.03         0.08
        0.23         0.25         0.34         0.14         0.10         0.19         0.07         0.03         0.20
        0.35         0.28         0.29         0.10         0.04         0.14         0.10         0.17         0.37
        0.41         0.25         0.25         0.11         0.08         0.25         0.16         0.26         0.56
        0.43         0.19         0.14         0.09         0.21         0.29         0.17         0.36         0.51
        0.21         0.19         0.18         0.02         0.06         0.08         0.15         0.43         0.38
        0.29         0.28         0.12         0.03         0.11         0.18         0.12         0.36         0.30
        0.35         0.19         0.08         0.03         0.16         0.29         0.18         0.25         0.30
        0.24         0.06         0.02         0.02         0.03         0.10         0.23         0.30         0.29
        0.08         0.01         0.00         0.00         0.02         0.09         0.15         0.25         0.25
        0.01         0.00         0.00         0.01         0.19         0.18         0.14         0.26         0.34
    604800      9     13
        0.33         0.21         0.25         0.36         0.24         0.06         0.09         0.10         0.03
        0.35         0.23         0.31         0.32         0.04         0.21         0.34         0.09         0.01
        0.34         0.39         0.46         0.39         0.21         0.47         0.34         0.04         0.08
        0.50         0.49         0.65         0.46         0.45         0.36         0.17         0.07         0.18
        0.70         0.42         0.47         0.41         0.35         0.40         0.19         0.09         0.27
        0.46         0.38         0.36         0.26         0.24         0.41         0.22         0.34         0.49
        0.65         0.40         0.44         0.25         0.13         0.18         0.13         0.27         0.35
        0.38         0.34         0.32         0.12         0.05         0.11         0.19         0.14         0.13
        0.26         0.29         0.06         0.04         0.11         0.16         0.10         0.06         0.12
        0.24         0.16         0.04         0.14         0.19         0.11         0.07         0.08         0.21
        0.18         0.10         0.02         0.11         0.10         0.13         0.24         0.10         0.07
        0.10         0.03         0.02         0.07         0.08         0.11         0.30         0.16         0.06
        0.09         0.07         0.03         0.07         0.25         0.18         0.37         0.15         0.04
    691200      9     13
        0.29         0.23         0.49         0.52         0.33         0.33         0.36         0.25         0.18
        0.55         0.28         0.47         0.36         0.32         0.37         0.38         0.26         0.09
        0.70         0.40         0.46         0.39         0.50         0.61         0.46         0.18         0.17
        0.63         0.64         0.65         0.41         0.48         0.49         0.46         0.23         0.17
        0.67         0.54         0.54         0.42         0.28         0.41         0.33         0.17         0.16
        0.74         0.52         0.48         0.22         0.17         0.48         0.34         0.35         0.28
        0.49         0.43         0.39         0.18         0.27         0.31         0.17         0.31         0.38
        0.33         0.29         0.29         0.20         0.23         0.20         0.26         0.36         0.53
        0.25         0.22         0.13         0.24         0.26         0.24         0.31         0.38         0.40
        0.12         0.15         0.17         0.48         0.46         0.29         0.16         0.24         0.33
        0.12         0.11         0.28         0.36         0.38         0.35         0.37         0.24         0.23
        0.10         0.13         0.20         0.27         0.32         0.29         0.37         0.29         0.16
        0.12         0.31         0.32         0.28         0.53         0.26         0.38         0.38         0.16
    777600      9     13
        0.33         0.70         0.99         0.79         0.83         0.56         0.64         0.76         0.88
        0.34         0.53         0.70         0.55         0.74         0.80         0.79         0.74         0.72
        0.34         0.42         0.49         0.49         0.71         0.91         0.67         0.59         0.62
        0.25         0.51         0.48         0.56         0.90         0.81         0.55         0.49         0.65
        0.27         0.58         0.56         0.64         0.72         0.77         0.62         0.64         0.73
        0.26         0.45         0.49         0.49         0.52         0.75         0.73         0.72         0.85
        0.19         0.49         0.40         0.30         0.54         0.45         0.38         0.62         0.74
        0.10         0.34         0.29         0.26         0.61         0.47         0.34         0.54         0.70
        0.15         0.17         0.22         0.31         0.51         0.48         0.37         0.59         0.67
        0.20         0.24         0.34         0.42         0.38         0.36         0.47         0.57         0.54
        0.13         0.23         0.36         0.34         0.31         0.37         0.53         0.44         0.40
        0.09         0.08         0.26         0.31         0.32         0.27         0.43         0.41         0.40
        0.10         0.13         0.22         0.37         0.49         0.46         0.49         0.36         0.34
    864000      9     13
        0.30         0.27         0.12         0.15         0.17         0.17         0.23         0.34         0.38
        0.36         0.23         0.09         0.11         0.12         0.08         0.15         0.31         0.31
        0.46         0.35         0.16         0.14         0.13         0.09         0.22         0.19         0.18
        0.43         0.42         0.28         0.26         0.18         0.18         0.27         0.18         0.16
        0.47         0.52         0.42         0.32         0.31         0.18         0.14         0.23         0.21
        0.48         0.71         0.55         0.32         0.31         0.26         0.24         0.36         0.38
        0.30         0.44         0.54         0.36         0.36         0.53         0.52         0.56         0.56
        0.33         0.38         0.40         0.43         0.43         0.55         0.56         0.65         0.65
        0.60         0.45         0.36         0.41         0.40         0.58         0.64         0.70         0.65
        0.91         0.71         0.57         0.63         0.44         0.60         0.66         0.85         0.68
        1.04         1.09         1.13         0.84         0.85         0.84         0.75         1.12         0.85
        1.04         1.45         1.43         1.05         0.86         0.98         0.69         1.03         1.15
        0.90         1.12         1.44         1.16         0.74         0.81         0.60         0.71         1.19
    950400      9     13
        0.00         0.01         0.08         0.13         0.15         0.07         0.06         0.06         0.01
        0.01         0.10         0.32         0.35         0.22         0.19         0.12         0.03         0.04
        0.06         0.23         0.61         0.47         0.29         0.35         0.21         0.08         0.26
        0.24         0.50         0.89         0.45         0.29         0.43         0.41         0.30         0.38
        1.10         1.28         1.62         0.50         0.37         0.64         0.45         0.39         0.18
        1.02         1.22         1.32         0.70         0.62         0.56         0.46         0.45         0.33
        0.54         0.89         1.56         0.96         0.60         0.46         0.31         0.38         0.42
        0.54         0.69         1.36         0.93         0.60         0.41         0.22         0.27         0.36
        0.42         0.52         0.58         0.59         0.62         0.47         0.33         0.38         0.31
        0.39         0.50         0.60         0.62         0.56         0.65         0.63         0.69         0.42
        0.25         0.35         0.59         0.54         0.41         0.64         0.60         0.90         0.74
        0.26         0.30         0.44         0.55         0.42         0.40         0.36         0.38         0.68
        0.13         0.21         0.38         0.66         0.52         0.27         0.16         0.08         0.33
   1036800      9     13
        0.08         0.17         0.13         0.16         0.35         0.27         0.17         0.11         0.08
        0.11         0.23         0.35         0.41         0.45         0.38         0.16         0.16         0.10
        0.24         0.31         0.40         0.56         0.73         0.56         0.17         0.27         0.34
        0.34         0.31         0.42         0.60         0.81         0.32         0.14         0.33         0.42
        0.40         0.39         0.54         0.66         0.55         0.26         0.16         0.28         0.33
        0.30         0.35         0.49         0.53         0.47         0.32         0.35         0.27         0.37
        0.33         0.43         0.46         0.37         0.38         0.13         0.24         0.28         0.37
        0.50         0.51         0.39         0.37         0.20         0.06         0.07         0.17         0.19
        0.26         0.51         0.44         0.35         0.20         0.05         0.04         0.07         0.08
        0.40         0.55         0.63         0.55         0.35         0.11         0.06         0.08         0.04
        0.38         0.43         0.56         0.47         0.29         0.33         0.16         0.14         0.11
        0.10         0.27         0.35         0.36         0.22         0.32         0.22         0.17         0.28
        0.13         0.26         0.27         0.39         0.26         0.23         0.20         0.13         0.29
   1123200      9     13
        0.10         0.10         0.31         0.31         0.42         0.44         0.38         0.40         0.28
        0.13         0.13         0.30         0.29         0.46         0.31         0.30         0.34         0.29
        0.15         0.18         0.27         0.28         0.43         0.29         0.21         0.24         0.30
        0.20         0.17         0.26         0.08         0.31         0.21         0.11         0.24         0.16
        0.14         0.14         0.25         0.06         0.17         0.16         0.02         0.07         0.18
        0.19         0.31         0.26         0.06         0.13         0.06         0.01         0.02         0.05
        0.24         0.32         0.33         0.15         0.12         0.02         0.02         0.02         0.02
        0.35         0.43         0.36         0.10         0.04         0.02         0.05         0.06         0.02
        0.36         0.47         0.27         0.12         0.06         0.04         0.03         0.06         0.05
        0.46         0.58         0.40         0.25         0.14         0.03         0.01         0.03         0.03
        0.36         0.52         0.50         0.26         0.15         0.16         0.06         0.01         0.01
        0.27         0.45         0.51         0.32         0.18         0.29         0.18         0.01         0.01
        0.26         0.31         0.52         0.64         0.28         0.21         0.18         0.02         0.01
   1209600      9     13
        0.04         0.02         0.18         0.16         0.39         0.37         0.36         0.27         0.10
        0.03         0.06         0.33         0.24         0.37         0.53         0.53         0.28         0.08
        0.05         0.10         0.36         0.30         0.25         0.45         0.45         0.19         0.31
        0.07         0.09         0.22         0.14         0.25         0.17         0.15         0.33         0.53
        0.49         0.37         0.30         0.02         0.11         0.11         0.10         0.21         0.34
        0.21         0.27         0.32         0.04         0.10         0.08         0.02         0.02         0.15
        0.15         0.17         0.32         0.09         0.16         0.03         0.01         0.01         0.10
        0.07         0.20         0.33         0.24         0.09         0.02         0.02         0.04         0.13
        0.16         0.30         0.18         0.17         0.08         0.05         0.01         0.06         0.22
        0.07         0.17         0.27         0.33         0.24         0.11         0.03         0.04         0.12
        0.05         0.09         0.22         0.36         0.23         0.15         0.15         0.06         0.04
        0.05         0.12         0.20         0.27         0.20         0.19         0.28         0.14         0.05
        0.07         0.13         0.20         0.32         0.36         0.15         0.27         0.14         0.07
   1296000      9     13
        0.18         0.23         0.21         0.16         0.10         0.23         0.39         0.26         0.20
        0.22         0.14         0.28         0.21         0.07         0.37         0.63         0.23         0.08
        0.33         0.16         0.14         0.22         0.19         0.80         0.67         0.33         0.29
        0.29         0.20         0.12         0.07         0.32         0.83         0.61         0.39         0.61
        0.35         0.24         0.26         0.27         0.48         0.83         0.62         0.55         0.80
        0.35         0.27         0.31         0.66         0.63         0.54         0.35         0.50         0.73
        0.40         0.30         0.24         0.31         0.62         0.33         0.24         0.32         0.60
        0.34         0.41         0.29         0.24         0.68         0.56         0.23         0.32         0.35
        0.38         0.35         0.37         0.47         0.67         0.65         0.12         0.18         0.20
        0.59         0.49         0.87         0.67         0.71         0.61         0.45         0.24         0.21
        0.42         0.32         0.88         0.49         0.37         0.42         0.61         0.28         0.15
        0.38         0.28         0.44         0.47         0.40         0.38         0.46         0.28         0.09
        0.39         0.30         0.19         0.43         0.60         0.32         0.35         0.21         0.13