         0      9     13
        0.23         0.30         0.26         0.42         0.54         0.58         0.68         0.52         0.44
        0.43         0.31         0.27         0.31         0.27         0.51         0.49         0.28         0.19
        0.99         0.52         0.31         0.26         0.14         0.38         0.41         0.20         0.11
        0.90         0.48         0.26         0.21         0.11         0.24         0.39         0.24         0.11
        0.66         0.51         0.37         0.27         0.09         0.28         0.48         0.39         0.24
        0.65         0.50         0.45         0.53         0.29         0.44         0.43         0.36         0.41
        0.50         0.50         0.49         0.69         0.36         0.34         0.35         0.28         0.24
        0.40         0.45         0.53         0.45         0.29         0.21         0.22         0.22         0.12
        0.66         0.57         0.27         0.16         0.09         0.16         0.13         0.15         0.06
        0.32         0.14         0.07         0.05         0.03         0.07         0.02         0.06         0.13
        0.16         0.04         0.04         0.02         0.01         0.00         0.01         0.06         0.17
        0.07         0.08         0.03         0.07         0.04         0.02         0.02         0.14         0.25
        0.08         0.20         0.19         0.21         0.16         0.25         0.13         0.16         0.36
     86400      9     13
        1.53         0.99         0.70         0.80         0.95         0.86         0.98         1.33         1.21
        1.34         1.10         0.85         0.78         0.75         0.86         1.27         1.31         1.20
        1.42         1.42         1.23         0.90         0.85         1.31         1.20         1.03         1.10
        1.27         1.47         1.15         0.97         0.86         0.95         1.06         0.88         0.93
        0.97         1.04         1.12         0.75         0.65         0.66         0.75         0.76         0.66
        1.12         0.78         0.78         0.83         0.57         0.43         0.51         0.88         0.88
        0.87         0.69         0.41         0.69         0.68         0.51         0.37         0.68         0.75
        0.50         0.53         0.50         0.39         0.35         0.30         0.52         0.57         0.74
        0.68         0.76         0.60         0.51         0.26         0.45         0.82         0.62         0.73
        0.54         0.55         0.53         0.50         0.23         0.40         0.61         0.64         0.47
        0.25         0.17         0.20         0.40         0.31         0.16         0.39         0.74         0.68
        0.16         0.21         0.27         0.43         0.27         0.22         0.36         0.40         0.49
        0.26         0.49         0.65         0.44         0.33         0.43         0.26         0.18         0.16
    172800      9     13
        1.02         1.18         0.57         0.44         0.39         0.28         0.29         0.69         0.52
        0.57         0.58         0.38         0.53         0.66         0.58         0.34         0.32         0.27
        1.16         1.51         0.95         0.82         0.89         1.36         0.73         0.26         0.42
        1.65         1.03         1.00         0.90         0.79         1.26         0.64         0.43         0.42
        1.82         1.00         1.22         0.89         0.69         0.51         0.31         0.36         0.36
        1.57         2.20         2.27         0.93         0.67         0.50         0.43         0.50         0.36
        1.83         2.26         2.15         0.84         0.43         0.42         0.60         0.63         0.34
        1.78         1.61         1.28         0.82         0.46         0.58         0.70         0.65         0.45
        1.38         1.08         0.73         0.70         0.62         0.77         0.74         0.64         0.50
        1.10         0.59         0.56         0.67         0.56         0.66         0.63         0.43         0.34
        0.61         0.37         0.49         0.47         0.35         0.51         0.53         0.38         0.34
        0.48         0.60         0.49         0.34         0.34         0.45         0.55         0.46         0.44
        0.60         0.66         0.48         0.54         0.64         0.31         0.46         0.64         0.56
    259200      9     13
        0.19         0.51         0.42         0.35         0.31         0.11         0.26         0.26         0.27
        0.89         2.29         1.16         0.46         0.57         0.24         0.38         0.32         0.31
        1.13         2.13         1.22         0.41         0.31         0.49         0.52         0.38         0.37
        1.27         1.14         1.42         0.39         0.26         0.27         0.39         0.40         0.39
        1.82         0.63         0.68         0.26         0.44         0.29         0.44         0.41         0.39
        0.70         0.24         0.18         0.10         0.31         0.36         0.41         0.38         0.37
        0.36         0.19         0.12         0.12         0.18         0.22         0.35         0.36         0.33
        0.31         0.35         0.28         0.13         0.09         0.17         0.37         0.31         0.24
        0.29         0.32         0.25         0.14         0.21         0.41         0.40         0.27         0.30
        0.19         0.18         0.14         0.14         0.19         0.33         0.41         0.39         0.46
        0.21         0.22         0.23         0.28         0.29         0.28         0.29         0.43         0.39
        0.24         0.55         0.61         0.47         0.35         0.21         0.21         0.38         0.43
        0.27         0.68         0.95         0.69         0.43         0.14         0.18         0.31         0.45
    345600      9     13
        1.41         1.08         0.65         0.35         0.33         0.37         0.32         0.33         0.19
        1.27         0.89         0.72         0.52         0.32         0.46         0.50         0.32         0.18
        0.83         0.47         0.54         0.39         0.31         0.57         0.55         0.17         0.36
        0.43         0.48         0.58         0.48         0.39         0.34         0.38         0.37         0.55
        0.39         0.46         0.58         0.69         0.35         0.28         0.37         0.45         0.49
        0.44         0.48         0.49         0.66         0.39         0.29         0.34         0.35         0.44
        0.55         0.57         0.34         0.45         0.34         0.28         0.29         0.16         0.14
        0.40         0.31         0.39         0.32         0.19         0.13         0.12         0.06         0.07
        0.23         0.38         0.37         0.19         0.13         0.08         0.06         0.08         0.08
        0.19         0.17         0.09         0.15         0.08         0.03         0.05         0.14         0.25
        0.02         0.15         0.25         0.35         0.13         0.09         0.24         0.43         0.45
        0.16         0.54         0.58         0.34         0.10         0.20         0.51         0.53         0.37
        0.57         0.91         0.49         0.25         0.38         0.53         0.63         0.53         0.45
    432000      9     13
        0.99         1.30         1.47         1.55         1.61         1.52         1.40         1.20         1.05
        1.29         1.28         1.49         1.66         1.52         1.36         1.61         1.58         1.69
        0.92         1.14         1.22         1.15         1.04         1.12         1.30         1.12         1.55
        1.29         1.59         1.42         1.29         1.11         0.89         0.97         0.93         1.11
        1.02         1.29         1.19         1.36         1.13         0.49         0.67         1.14         1.36
        0.76         0.73         0.95         1.29         1.20         0.61         0.80         1.07         1.21
        0.70         0.45         0.59         1.03         1.08         0.65         0.86         0.73         0.83
        0.35         0.35         0.40         0.55         0.37         0.28         0.82         0.76         0.59
        0.26         0.10         0.19         0.43         0.27         0.26         0.90         0.98         0.80
        0.12         0.08         0.21         0.53         0.39         0.25         0.52         0.75         1.03
        0.05         0.07         0.21         0.29         0.21         0.09         0.39         0.71         0.74
        0.02         0.13         0.18         0.20         0.23         0.34         0.34         0.50         0.68
        0.13         0.43         0.44         0.54         0.53         0.45         0.27         0.40         0.85
    518400      9     13
        1.71         1.29         1.74         1.38         0.93         0.54         0.31         0.62         0.47
        0.95         0.81         0.89         1.32         1.15         1.14         0.62         0.38         0.42
        0.72         0.67         0.80         0.88         1.06         1.47         1.01         0.66         0.68
        0.63         0.63         0.81         0.78         0.78         1.10         0.93         0.76         0.78
        0.61         0.79         1.83         0.91         0.59         0.77         0.82         0.55         0.67
        0.83         1.19         3.36         1.52         0.62         0.48         0.59         0.61         1.28
        1.09         1.00         1.67         1.09         1.09         1.05         0.43         0.57         1.11
        1.53         0.86         1.13         0.86         1.84         1.66         0.82         0.80         0.90
        1.16         0.77         0.80         0.85         1.19         1.09         1.00         0.96         0.96
        0.82         0.77         0.76         0.75         0.87         0.97         1.13         1.03         1.02
        0.91         1.16         1.09         0.99         1.07         0.90         0.90         1.09         1.20
        0.81         1.15         1.19         1.29         1.36         1.29         1.08         1.11         1.11
        0.79         1.07         1.07         1.35         1.31         1.58         1.44         1.30         1.32
    604800      9     13
        0.10         0.14         0.24         0.35         0.42         0.35         0.37         0.27         0.16
        0.10         0.18         0.32         0.26         0.23         0.16         0.20         0.35         0.37
        0.22         0.16         0.26         0.18         0.29         0.36         0.17         0.19         0.37
        0.28         0.23         0.30         0.27         0.40         0.51         0.45         0.38         0.31
        0.29         0.70         0.90         0.41         0.27         0.49         0.51         0.33         0.34
        0.33         0.86         2.04         1.33         0.42         0.34         0.32         0.38         1.72
        0.19         0.25         0.46         0.91         0.69         0.47         0.34         0.40         0.78
        0.21         0.35         0.44         0.58         0.51         0.38         0.24         0.36         0.43
        0.50         0.74         0.52         0.35         0.19         0.12         0.19         0.21         0.27
        0.89         1.50         0.78         0.30         0.37         0.18         0.09         0.09         0.27
        0.95         1.54         1.25         0.61         0.38         0.14         0.17         0.46         0.69
        0.44         0.64         0.98         0.66         0.27         0.28         0.64         0.85         0.65
        0.52         0.44         0.48         0.45         0.40         0.34         0.56         0.62         0.56
    691200      9     13
        0.09         0.11         0.12         0.09         0.08         0.17         0.27         0.20         0.10
        0.13         0.16         0.19         0.13         0.18         0.36         0.34         0.21         0.18
        0.14         0.13         0.23         0.10         0.19         0.43         0.25         0.19         0.24
        0.11         0.06         0.18         0.12         0.32         0.51         0.32         0.31         0.24
        0.13         0.06         0.15         0.06         0.27         0.42         0.32         0.43         0.30
        0.25         0.05         0.17         0.06         0.24         0.40         0.34         0.52         0.58
        0.13         0.07         0.17         0.04         0.14         0.33         0.41         0.38         0.35
        0.10         0.05         0.10         0.03         0.02         0.12         0.37         0.29         0.09
        0.04         0.03         0.04         0.08         0.07         0.05         0.17         0.13         0.14
        0.08         0.04         0.03         0.05         0.08         0.04         0.14         0.10         0.06
        0.08         0.03         0.06         0.07         0.06         0.05         0.12         0.08         0.04
        0.12         0.26         0.36         0.17         0.09         0.11         0.16         0.04         0.03
        0.14         0.42         0.82         0.58         0.33         0.22         0.06         0.07         0.12
    777600      9     13
        0.21         0.10         0.39         0.33         0.23         0.26         0.28         0.31         0.26
        0.30         0.18         0.27         0.15         0.28         0.48         0.43         0.33         0.18
        0.32         0.32         0.28         0.19         0.33         0.64         0.47         0.30         0.67
        0.18         0.18         0.32         0.38         0.42         0.68         0.68         0.64         1.05
        0.58         0.29         0.39         0.47         0.50         0.65         0.87         0.74         0.94
        0.84         0.80         0.55         0.30         0.34         0.73         0.86         0.96         1.07
        0.59         0.78         0.72         0.38         0.40         0.70         0.75         0.84         0.98
        0.19         0.41         0.70         0.31         0.47         0.73         0.57         0.67         0.91
        0.34         0.26         0.21         0.17         0.37         0.79         0.48         0.53         1.15
        0.29         0.24         0.20         0.25         0.53         0.67         0.38         0.52         0.91
        0.15         0.28         0.22         0.28         0.43         0.25         0.29         0.48         0.70
        0.21         0.37         0.23         0.11         0.10         0.07         0.21         0.30         0.18
        0.44         0.37         0.12         0.05         0.18         0.08         0.11         0.29         0.07
    864000      9     13
        0.86         0.71         0.84         1.02         0.75         0.49         0.67         0.62         0.44
        0.52         0.55         0.58         0.73         0.53         0.50         0.64         0.62         0.23
        0.55         0.61         0.56         0.34         0.25         0.40         0.56         0.51         0.33
        0.72         0.64         0.56         0.44         0.22         0.15         0.40         0.40         0.41
        0.79         0.55         0.47         0.50         0.32         0.17         0.29         0.27         0.25
        0.53         0.42         0.30         0.16         0.20         0.32         0.29         0.36         0.35
        0.18         0.17         0.20         0.23         0.43         0.32         0.08         0.17         0.29
        0.07         0.16         0.30         0.25         0.31         0.25         0.08         0.10         0.17
        0.11         0.27         0.27         0.26         0.35         0.32         0.21         0.23         0.30
        0.22         0.26         0.34         0.43         0.49         0.35         0.26         0.24         0.27
        0.28         0.33         0.28         0.33         0.25         0.27         0.31         0.23         0.25
        0.19         0.27         0.16         0.14         0.25         0.19         0.21         0.30         0.25
        0.27         0.24         0.13         0.14         0.32         0.16         0.14         0.38         0.26
    950400      9     13
        0.63         0.47         0.44         0.51         0.30         0.08         0.04         0.03         0.03
        0.42         0.28         0.16         0.16         0.09         0.08         0.04         0.01         0.01
        0.46         0.14         0.06         0.09         0.05         0.02         0.02         0.04         0.16
        0.24         0.03         0.03         0.03         0.01         0.05         0.01         0.02         0.14
        0.11         0.06         0.08         0.08         0.05         0.05         0.05         0.01         0.04
        0.23         0.18         0.20         0.17         0.10         0.03         0.13         0.06         0.05
        0.28         0.19         0.13         0.13         0.09         0.02         0.10         0.09         0.09
        0.11         0.09         0.15         0.13         0.14         0.15         0.15         0.19         0.12
        0.13         0.23         0.37         0.26         0.23         0.28         0.23         0.16         0.12
        0.18         0.20         0.26         0.22         0.32         0.15         0.11         0.08         0.06
        0.34         0.26         0.15         0.24         0.24         0.13         0.18         0.16         0.06
        0.44         0.25         0.10         0.18         0.17         0.21         0.35         0.26         0.06
        0.21         0.18         0.09         0.10         0.39         0.42         0.37         0.35         0.24
   1036800      9     13
        0.29         0.44         0.35         0.17         0.40         0.15         0.28         0.37         0.25
        0.36         0.35         0.27         0.27         0.22         0.18         0.27         0.30         0.21
        0.29         0.32         0.32         0.41         0.20         0.19         0.46         0.55         0.57
        0.32         0.23         0.30         0.39         0.30         0.13         0.21         0.69         0.79
        0.40         0.24         0.33         0.49         0.38         0.10         0.31         0.66         1.03
        0.44         0.37         0.37         0.39         0.22         0.13         0.37         0.40         0.45
        0.47         0.48         0.36         0.34         0.33         0.26         0.21         0.20         0.22
        0.23         0.40         0.61         0.37         0.42         0.36         0.15         0.07         0.17
        0.25         0.40         0.39         0.38         0.45         0.29         0.17         0.09         0.17
        0.61         0.40         0.30         0.49         0.55         0.29         0.15         0.15         0.11
        0.37         0.36         0.44         0.53         0.50         0.33         0.31         0.17         0.15
        0.29         0.23         0.49         0.52         0.47         0.44         0.44         0.30         0.35
        0.48         0.34         0.57         0.73         0.67         0.43         0.46         0.39         0.32
   1123200      9     13
        0.07         0.10         0.19         0.26         0.29         0.16         0.10         0.20         0.11
        0.12         0.10         0.25         0.28         0.19         0.10         0.21         0.17         0.10
        0.13         0.11         0.36         0.27         0.27         0.42         0.37         0.24         0.39
        0.09         0.10         0.28         0.17         0.26         0.42         0.28         0.26         0.53
        0.09         0.11         0.22         0.13         0.16         0.33         0.33         0.27         0.37
        0.03         0.09         0.24         0.17         0.19         0.37         0.38         0.38         0.34
        0.01         0.06         0.21         0.15         0.29         0.28         0.25         0.31         0.40
        0.02         0.08         0.15         0.05         0.23         0.27         0.28         0.33         0.37
        0.05         0.05         0.04         0.07         0.35         0.36         0.25         0.45         0.40
        0.10         0.14         0.13         0.12         0.34         0.42         0.26         0.48         0.48
        0.32         0.28         0.27         0.22         0.32         0.49         0.42         0.34         0.36
        0.29         0.22         0.28         0.30         0.37         0.45         0.42         0.35         0.34
        0.16         0.21         0.31         0.40         0.51         0.27         0.36         0.42         0.46
   1209600      9     13
        0.05         0.06         0.09         0.10         0.14         0.11         0.14         0.12         0.09
        0.13         0.06         0.13         0.09         0.06         0.10         0.09         0.11         0.14
        0.08         0.10         0.14         0.09         0.20         0.29         0.18         0.25         0.20
        0.03         0.08         0.20         0.06         0.20         0.26         0.12         0.16         0.30
        0.06         0.08         0.16         0.02         0.10         0.20         0.06         0.12         0.25
        0.16         0.21         0.14         0.04         0.10         0.11         0.06         0.16         0.17
        0.12         0.21         0.17         0.07         0.16         0.05         0.10         0.20         0.18
        0.15         0.30         0.20         0.11         0.12         0.16         0.25         0.26         0.25
        0.19         0.29         0.26         0.29         0.27         0.29         0.43         0.32         0.25
        0.31         0.25         0.41         0.45         0.35         0.23         0.32         0.38         0.33
        0.61         0.56         0.66         0.59         0.43         0.41         0.37         0.35         0.53
        0.84         1.08         0.99         0.82         0.70         0.71         0.60         0.37         0.46
        0.44         0.60         0.97         1.00         0.94         0.55         0.74         0.69         0.65
   1296000      9     13
        0.15         0.28         0.24         0.16         0.21         0.31         0.43         0.44         0.31
        0.06         0.16         0.20         0.10         0.07         0.10         0.14         0.19         0.32
        0.06         0.16         0.20         0.08         0.33         0.15         0.12         0.23         0.23
        0.10         0.15         0.20         0.17         0.35         0.21         0.11         0.13         0.17
        0.18         0.18         0.29         0.33         0.38         0.27         0.22         0.27         0.33
        0.24         0.34         0.42         0.43         0.51         0.53         0.46         0.48         0.51
        0.38         0.50         0.66         0.45         0.46         0.64         0.58         0.48         0.81
        0.36         0.47         0.70         0.70         0.66         0.47         0.55         0.54         0.95
        0.61         0.87         0.76         0.65         0.58         0.43         0.32         0.88         0.88
        0.94         1.00         0.87         0.76         0.69         0.51         0.43         0.76         0.78
        0.94         0.85         0.86         0.94         0.96         0.78         0.58         0.48         0.71
        0.62         0.72         0.79         0.91         0.94         0.87         0.75         0.41         0.48
        0.80         0.55         0.74         1.17         1.29         0.59         0.56         0.50         0.50