         0      9     13
        0.97         0.75         0.83         0.79         0.43         0.36         0.34         0.25         0.13
        1.03         0.45         0.64         0.59         0.37         0.64         0.43         0.33         0.23
        0.84         0.61         0.50         0.36         0.24         0.50         0.29         0.17         0.47
        0.80         0.79         0.54         0.53         0.38         0.44         0.41         0.20         0.22
        0.76         0.52         0.46         0.53         0.72         0.55         0.51         0.30         0.38
        0.45         0.26         0.35         0.26         0.39         0.58         0.46         0.42         0.63
        0.23         0.09         0.38         0.23         0.51         0.58         0.54         0.68         0.66
        0.15         0.12         0.26         0.25         0.38         0.62         0.60         0.64         0.71
        0.13         0.08         0.17         0.38         0.42         0.48         0.46         0.60         0.70
        0.10         0.10         0.35         0.71         0.75         0.60         0.44         0.48         0.51
        0.22         0.12         0.38         0.69         0.83         0.77         0.68         0.51         0.42
        0.32         0.22         0.58         0.70         0.80         0.70         0.54         0.48         0.30
        0.28         0.17         0.52         0.99         1.13         0.51         0.51         0.58         0.40
     86400      9     13
        0.51         0.61         0.62         0.47         0.50         0.38         0.29         0.21         0.12
        0.64         0.47         0.55         0.66         0.53         0.57         0.42         0.30         0.10
        0.69         0.60         0.58         0.54         0.47         0.58         0.31         0.14         0.25
        0.84         0.99         0.71         0.66         0.57         0.63         0.39         0.23         0.29
        0.71         0.87         0.80         0.78         0.81         0.69         0.60         0.42         0.28
        0.82         0.86         0.81         0.72         0.86         0.79         0.70         0.59         0.64
        0.46         0.77         0.94         0.82         0.80         0.79         0.99         0.94         0.87
        0.43         0.65         1.06         0.77         0.86         0.82         0.92         0.89         0.69
        0.71         1.11         1.01         0.84         1.01         1.22         0.87         0.89         0.76
        0.86         0.87         0.99         1.24         1.14         1.13         1.12         0.97         0.75
        0.71         0.67         1.01         1.20         1.00         0.85         1.34         0.89         0.78
        0.55         0.58         0.97         0.97         0.82         0.82         0.90         0.62         0.57
        0.51         0.41         0.77         1.00         1.07         0.69         0.48         0.48         0.34
    172800      9     13
        0.02         0.01         0.08         0.18         0.21         0.30         0.39         0.21         0.10
        0.05         0.02         0.13         0.27         0.14         0.51         0.65         0.41         0.13
        0.12         0.06         0.11         0.20         0.16         0.61         0.41         0.15         0.32
        0.13         0.11         0.08         0.27         0.43         0.59         0.39         0.27         0.35
        0.12         0.09         0.07         0.41         0.67         0.58         0.49         0.34         0.45
        0.18         0.10         0.08         0.34         0.63         0.59         0.52         0.52         0.52
        0.11         0.10         0.18         0.52         0.68         0.55         0.58         0.84         0.84
        0.10         0.17         0.36         0.26         0.47         0.53         0.45         0.61         0.88
        0.06         0.13         0.14         0.08         0.33         0.75         0.59         0.61         0.81
        0.05         0.17         0.22         0.25         0.48         0.64         0.51         0.56         0.80
        0.08         0.32         0.49         0.44         0.42         0.50         0.74         0.64         0.67
        0.16         0.44         0.60         0.45         0.43         0.43         0.40         0.54         0.43
        0.35         0.35         0.39         0.32         0.54         0.37         0.21         0.58         0.39
    259200      9     13
        0.42         0.15         0.26         0.17         0.06         0.12         0.41         0.28         0.05
        0.37         0.06         0.27         0.16         0.04         0.30         0.39         0.08         0.02
        0.13         0.07         0.26         0.17         0.04         0.33         0.29         0.03         0.09
        0.08         0.11         0.34         0.16         0.07         0.20         0.11         0.03         0.09
        0.19         0.11         0.37         0.23         0.16         0.27         0.07         0.04         0.08
        0.30         0.14         0.34         0.29         0.21         0.29         0.09         0.06         0.21
        0.31         0.16         0.20         0.12         0.19         0.22         0.09         0.09         0.24
        0.18         0.05         0.08         0.04         0.26         0.17         0.11         0.12         0.24
        0.12         0.06         0.02         0.07         0.36         0.36         0.15         0.19         0.29
        0.08         0.03         0.01         0.20         0.51         0.47         0.28         0.31         0.28
        0.02         0.00         0.03         0.29         0.46         0.41         0.60         0.32         0.22
        0.01         0.02         0.06         0.33         0.41         0.40         0.56         0.38         0.15
        0.06         0.09         0.21         0.39         0.57         0.34         0.64         0.54         0.09
    345600      9     13
        0.45         0.85         0.93         0.59         0.52         0.46         0.60         0.42         0.17
        0.76         0.92         0.81         0.75         0.57         0.73         0.85         0.59         0.40
        0.76         1.16         1.14         0.83         1.14         1.11         1.08         0.34         0.45
        0.35         0.70         1.19         1.17         1.04         0.70         0.56         0.26         0.59
        0.56         0.63         0.86         1.28         0.99         0.82         0.54         0.56         1.08
        0.35         0.41         0.46         0.69         0.87         0.97         0.71         0.63         0.95
        0.35         0.34         0.29         0.55         0.65         0.63         0.43         0.48         0.52
        0.42         0.28         0.29         0.41         0.34         0.42         0.19         0.53         0.48
        0.36         0.45         0.44         0.32         0.30         0.59         0.22         0.57         0.61
        0.58         0.40         0.46         0.43         0.45         0.60         0.35         0.63         0.48
        0.17         0.09         0.28         0.49         0.57         0.55         0.39         0.45         0.36
        0.03         0.09         0.30         0.33         0.62         0.69         0.44         0.27         0.27
        0.29         0.21         0.35         0.30         0.53         0.67         0.44         0.34         0.14
    432000      9     13
        0.68         1.03         0.93         0.64         0.77         0.98         1.23         1.06         0.80
        0.71         1.03         0.86         0.72         0.66         0.76         1.35         1.44         1.06
        0.88         1.07         1.06         0.87         0.91         0.90         1.08         0.94         1.18
        0.91         1.00         1.20         1.16         1.21         0.93         1.35         1.15         1.43
        0.82         0.80         0.76         0.87         0.92         0.53         0.76         1.03         0.90
        0.72         0.63         0.52         0.37         0.58         0.38         0.31         0.44         0.58
        0.75         0.49         0.55         0.45         0.36         0.22         0.09         0.31         0.34
        0.97         0.72         0.65         0.42         0.23         0.18         0.27         0.44         0.63
        0.73         0.75         0.44         0.33         0.29         0.34         0.52         0.52         0.71
        0.91         0.63         0.44         0.39         0.25         0.31         0.37         0.38         0.49
        0.61         0.57         0.60         0.60         0.31         0.42         0.46         0.30         0.33
        0.77         0.70         0.79         0.69         0.65         0.75         0.65         0.36         0.37
        0.50         0.47         0.73         0.61         0.60         0.46         0.56         0.59         0.39
    518400      9     13
        0.12         0.14         0.18         0.13         0.12         0.13         0.11         0.11         0.18
        0.15         0.22         0.19         0.13         0.19         0.15         0.14         0.18         0.28
        0.25         0.47         0.22         0.19         0.28         0.33         0.42         0.36         0.40
        0.16         0.29         0.20         0.23         0.47         0.41         0.40         0.33         0.43
        0.17         0.22         0.14         0.20         0.52         0.36         0.22         0.32         0.62
        0.14         0.19         0.13         0.17         0.41         0.29         0.20         0.37         0.46
        0.08         0.10         0.10         0.21         0.35         0.24         0.23         0.32         0.30
        0.15         0.27         0.23         0.21         0.16         0.14         0.19         0.30         0.27
        0.15         0.27         0.32         0.35         0.17         0.12         0.17         0.19         0.26
        0.34         0.44         0.49         0.34         0.29         0.30         0.31         0.17         0.18
        0.28         0.43         0.66         0.47         0.43         0.43         0.39         0.24         0.11
        0.20         0.45         0.59         0.52         0.51         0.51         0.34         0.13         0.17
        0.23         0.50         0.72         0.65         0.66         0.49         0.30         0.21         0.17
    604800      9     13
        0.69         0.61         0.51         0.61         0.52         0.33         0.26         0.23         0.26
        0.62         0.59         0.47         0.56         0.45         0.30         0.28         0.36         0.34
        0.56         0.66         0.55         0.64         0.41         0.37         0.55         0.41         0.42
        0.64         0.73         0.62         0.82         0.62         0.32         0.52         0.53         0.53
        0.71         0.69         0.52         0.77         0.72         0.31         0.19         0.58         0.73
        0.43         0.47         0.27         0.40         0.49         0.18         0.08         0.29         0.70
        0.27         0.38         0.20         0.32         0.33         0.14         0.05         0.09         0.21
        0.19         0.29         0.31         0.25         0.13         0.05         0.01         0.02         0.05
        0.14         0.21         0.15         0.13         0.08         0.09         0.09         0.09         0.12
        0.02         0.02         0.02         0.09         0.15         0.15         0.14         0.14         0.10
        0.00         0.01         0.02         0.05         0.08         0.07         0.06         0.07         0.02
        0.00         0.05         0.10         0.10         0.07         0.08         0.05         0.01         0.00
        0.01         0.06         0.15         0.24         0.26         0.24         0.08         0.01         0.02
    691200      9     13
        0.45         0.37         0.38         0.42         0.35         0.28         0.28         0.18         0.13
        0.51         0.37         0.24         0.41         0.16         0.19         0.38         0.42         0.30
        0.27         0.34         0.24         0.32         0.11         0.17         0.53         0.30         0.40
        0.23         0.29         0.29         0.39         0.30         0.14         0.26         0.13         0.30
        0.27         0.31         0.28         0.43         0.29         0.07         0.04         0.12         0.20
        0.32         0.32         0.24         0.42         0.29         0.06         0.03         0.12         0.17
        0.18         0.26         0.17         0.35         0.22         0.03         0.07         0.14         0.15
        0.21         0.20         0.17         0.23         0.10         0.01         0.00         0.01         0.01
        0.34         0.33         0.28         0.20         0.09         0.02         0.02         0.04         0.04
        0.26         0.42         0.31         0.24         0.08         0.09         0.08         0.09         0.07
        0.13         0.28         0.27         0.24         0.09         0.10         0.02         0.06         0.08
        0.02         0.10         0.19         0.26         0.19         0.06         0.03         0.01         0.05
        0.02         0.06         0.17         0.23         0.26         0.11         0.05         0.00         0.01
    777600      9     13
        0.49         0.51         0.64         0.94         0.77         0.47         0.48         0.54         0.38
        0.54         0.45         0.47         0.60         0.27         0.50         0.60         0.69         0.56
        0.61         0.51         0.37         0.43         0.38         0.59         0.72         0.50         0.72
        0.24         0.30         0.23         0.35         0.39         0.37         0.53         0.45         0.63
        0.25         0.27         0.29         0.58         0.35         0.14         0.30         0.49         0.70
        0.30         0.26         0.25         0.34         0.29         0.15         0.30         0.30         0.46
        0.15         0.13         0.10         0.19         0.20         0.19         0.22         0.21         0.24
        0.15         0.11         0.12         0.05         0.10         0.16         0.26         0.38         0.29
        0.16         0.25         0.24         0.09         0.10         0.27         0.46         0.32         0.32
        0.14         0.14         0.18         0.12         0.12         0.28         0.34         0.19         0.29
        0.05         0.10         0.23         0.20         0.08         0.14         0.12         0.20         0.21
        0.05         0.23         0.36         0.39         0.13         0.14         0.08         0.11         0.10
        0.34         0.43         0.39         0.45         0.37         0.46         0.18         0.15         0.13
    864000      9     13
        0.41         0.50         0.51         0.20         0.30         0.26         0.17         0.12         0.05
        0.48         0.30         0.37         0.07         0.24         0.54         0.38         0.17         0.07
        0.34         0.21         0.18         0.12         0.25         0.56         0.15         0.03         0.14
        0.24         0.16         0.12         0.14         0.19         0.16         0.06         0.09         0.21
        0.21         0.11         0.13         0.17         0.24         0.18         0.08         0.05         0.06
        0.29         0.19         0.19         0.13         0.16         0.13         0.08         0.10         0.28
        0.30         0.26         0.20         0.17         0.11         0.20         0.13         0.24         0.39
        0.37         0.39         0.25         0.19         0.08         0.31         0.62         0.76         0.84
        0.40         0.29         0.24         0.23         0.19         0.44         0.84         0.94         0.74
        0.24         0.19         0.24         0.19         0.25         0.60         0.66         0.63         0.56
        0.29         0.18         0.22         0.30         0.35         0.58         0.67         0.54         0.46
        0.33         0.17         0.19         0.41         0.43         0.39         0.54         0.50         0.18
        0.35         0.13         0.16         0.37         0.63         0.42         0.45         0.44         0.13
    950400      9     13
        0.31         0.47         0.59         0.56         0.62         0.43         0.24         0.44         0.37
        0.48         0.58         0.63         0.59         0.71         0.29         0.22         0.35         0.20
        0.48         0.45         0.58         0.68         0.65         0.24         0.14         0.15         0.21
        0.36         0.36         0.35         0.34         0.37         0.18         0.09         0.14         0.18
        0.33         0.26         0.19         0.36         0.33         0.29         0.29         0.26         0.37
        0.36         0.31         0.26         0.49         0.34         0.24         0.31         0.44         0.44
        0.47         0.50         0.35         0.30         0.62         0.40         0.31         0.39         0.70
        0.47         0.41         0.34         0.24         0.53         0.41         0.48         0.85         0.88
        0.39         0.35         0.46         0.35         0.32         0.37         0.69         0.84         0.79
        0.33         0.35         0.50         0.40         0.31         0.44         0.57         0.76         0.91
        0.22         0.30         0.50         0.40         0.35         0.66         0.41         0.59         0.66
        0.35         0.38         0.59         0.50         0.35         0.56         0.60         0.44         0.52
        0.36         0.33         0.54         0.54         0.38         0.55         0.66         0.31         0.36
   1036800      9     13
        0.46         0.57         0.60         0.53         0.49         0.52         0.47         0.62         1.00
        0.45         0.55         0.56         0.50         0.35         0.38         0.57         0.62         0.77
        0.67         0.48         0.51         0.57         0.34         0.39         0.61         0.65         0.72
        0.70         0.64         0.45         0.44         0.42         0.33         0.32         0.35         0.67
        0.68         0.54         0.36         0.42         0.35         0.35         0.21         0.29         0.41
        0.64         0.49         0.43         0.53         0.41         0.17         0.20         0.30         0.41
        0.62         0.55         0.40         0.51         0.30         0.11         0.15         0.29         0.37
        0.54         0.43         0.36         0.39         0.27         0.09         0.16         0.31         0.38
        0.67         0.50         0.43         0.33         0.26         0.24         0.38         0.41         0.39
        0.55         0.38         0.39         0.30         0.23         0.39         0.61         0.64         0.45
        0.64         0.51         0.52         0.25         0.33         0.42         0.38         0.58         0.57
        0.98         0.69         0.54         0.23         0.22         0.41         0.33         0.49         0.58
        0.83         0.84         0.69         0.50         0.33         0.44         0.45         0.45         0.49
   1123200      9     13
        0.02         0.09         0.26         0.33         0.44         0.43         0.57         0.40         0.19
        0.11         0.38         0.39         0.23         0.20         0.28         0.40         0.27         0.15
        0.16         0.45         0.48         0.16         0.33         0.44         0.34         0.26         0.35
        0.17         0.26         0.34         0.24         0.27         0.48         0.43         0.40         0.70
        0.41         0.30         0.27         0.27         0.28         0.41         0.46         0.59         0.55
        0.40         0.45         0.32         0.16         0.26         0.45         0.39         0.38         0.43
        0.43         0.63         0.50         0.26         0.29         0.24         0.13         0.26         0.31
        0.22         0.43         0.66         0.46         0.25         0.08         0.13         0.39         0.35
        0.29         0.40         0.65         0.77         0.40         0.27         0.27         0.40         0.24
        0.27         0.36         0.58         1.05         0.83         0.49         0.49         0.29         0.15
        0.29         0.40         0.60         0.88         0.94         0.98         0.66         0.51         0.40
        0.27         0.39         0.51         0.67         0.92         1.00         0.86         0.57         0.57
        0.24         0.32         0.51         0.59         0.91         0.78         0.89         0.67         0.73
   1209600      9     13
        0.00         0.04         0.32         0.38         0.37         0.33         0.32         0.26         0.26
        0.01         0.14         0.56         0.37         0.33         0.39         0.50         0.44         0.35
        0.02         0.19         0.80         0.60         0.47         0.63         0.81         0.33         0.77
        0.07         0.11         0.55         0.67         0.78         0.82         0.56         0.27         0.79
        0.19         0.09         0.35         0.38         0.71         0.76         0.31         0.40         0.62
        0.21         0.15         0.24         0.18         0.37         0.58         0.37         0.52         0.62
        0.13         0.06         0.12         0.13         0.10         0.17         0.30         0.53         0.65
        0.07         0.03         0.12         0.13         0.12         0.08         0.12         0.27         0.46
        0.19         0.22         0.17         0.02         0.06         0.08         0.04         0.12         0.11
        0.27         0.22         0.06         0.09         0.24         0.18         0.11         0.21         0.23
        0.15         0.05         0.10         0.26         0.49         0.25         0.27         0.28         0.42
        0.22         0.13         0.19         0.30         0.32         0.41         0.47         0.24         0.34
        0.15         0.18         0.16         0.19         0.31         0.39         0.44         0.38         0.24
   1296000      9     13
        0.10         0.22         0.27         0.29         0.29         0.16         0.13         0.20         0.13
        0.09         0.29         0.44         0.18         0.10         0.14         0.24         0.24         0.32
        0.06         0.16         0.41         0.22         0.27         0.40         0.32         0.29         0.45
        0.09         0.11         0.32         0.29         0.48         0.51         0.25         0.36         0.55
        0.24         0.18         0.36         0.27         0.28         0.52         0.25         0.35         0.47
        0.42         0.14         0.37         0.24         0.21         0.42         0.32         0.37         0.28
        0.47         0.19         0.45         0.30         0.20         0.43         0.18         0.33         0.27
        0.11         0.12         0.36         0.34         0.21         0.18         0.06         0.13         0.09
        0.09         0.21         0.31         0.24         0.21         0.20         0.11         0.08         0.10
        0.14         0.32         0.30         0.17         0.31         0.30         0.18         0.14         0.18
        0.09         0.16         0.34         0.44         0.45         0.41         0.35         0.20         0.25
        0.29         0.23         0.31         0.49         0.52         0.48         0.45         0.29         0.21
        0.59         0.52         0.56         0.50         0.42         0.44         0.45         0.49         0.37