         0      9     13
        1.14         1.12         1.13         1.39         1.57         1.38         1.66         1.40         0.78
        0.74         0.82         0.92         1.12         1.10         1.10         1.11         0.93         0.65
        0.67         0.91         0.96         1.35         0.82         0.96         1.17         0.84         1.08
        0.31         0.54         0.75         1.17         0.74         0.82         0.87         0.97         1.11
        0.11         0.29         0.52         0.93         0.80         0.51         0.44         0.86         1.12
        0.32         0.35         0.43         0.94         0.96         0.59         0.38         0.65         0.86
        0.44         0.40         0.42         0.96         1.13         0.51         0.27         0.38         0.50
        0.21         0.31         0.49         0.32         0.37         0.18         0.17         0.31         0.30
        0.14         0.19         0.16         0.13         0.09         0.12         0.21         0.39         0.36
        0.16         0.12         0.07         0.18         0.25         0.17         0.18         0.32         0.40
        0.09         0.12         0.13         0.19         0.28         0.14         0.05         0.13         0.26
        0.14         0.18         0.23         0.21         0.17         0.14         0.12         0.03         0.05
        0.19         0.36         0.38         0.26         0.31         0.63         0.28         0.10         0.07
     86400      9     13
        1.45         1.31         0.90         0.94         0.88         0.80         0.65         0.29         0.15
        1.24         1.11         0.96         1.02         0.90         0.74         0.55         0.25         0.14
        1.52         1.10         0.99         0.93         0.74         0.79         0.52         0.33         0.32
        1.34         1.08         1.22         1.20         0.79         0.92         0.42         0.33         0.39
        1.39         1.09         1.12         1.13         0.94         0.70         0.23         0.18         0.28
        0.88         0.79         0.82         0.96         0.91         0.53         0.14         0.16         0.19
        0.86         0.68         0.66         1.08         0.81         0.32         0.06         0.12         0.15
        0.66         0.41         0.31         0.31         0.24         0.10         0.02         0.02         0.05
        0.35         0.30         0.22         0.12         0.09         0.05         0.01         0.02         0.03
        0.38         0.35         0.28         0.14         0.08         0.05         0.02         0.02         0.02
        0.22         0.24         0.24         0.17         0.09         0.06         0.06         0.06         0.03
        0.29         0.29         0.31         0.25         0.13         0.04         0.13         0.09         0.02
        0.22         0.23         0.32         0.35         0.27         0.13         0.10         0.13         0.03
    172800      9     13
        0.20         0.12         0.15         0.13         0.11         0.20         0.21         0.24         0.35
        0.07         0.08         0.16         0.18         0.17         0.20         0.06         0.08         0.23
        0.07         0.08         0.14         0.13         0.10         0.07         0.05         0.20         0.34
        0.06         0.06         0.11         0.25         0.17         0.05         0.03         0.17         0.36
        0.12         0.08         0.14         0.26         0.24         0.11         0.03         0.09         0.20
        0.26         0.24         0.16         0.23         0.25         0.11         0.04         0.05         0.04
        0.30         0.34         0.18         0.19         0.20         0.06         0.01         0.01         0.01
        0.18         0.16         0.14         0.14         0.16         0.06         0.01         0.00         0.00
        0.08         0.10         0.15         0.18         0.08         0.03         0.02         0.01         0.01
        0.06         0.08         0.19         0.28         0.14         0.04         0.04         0.02         0.02
        0.03         0.13         0.35         0.33         0.10         0.08         0.07         0.04         0.03
        0.02         0.14         0.34         0.33         0.21         0.11         0.10         0.02         0.01
        0.10         0.10         0.24         0.37         0.31         0.19         0.11         0.01         0.00
    259200      9     13
        0.25         0.15         0.14         0.08         0.13         0.06         0.04         0.06         0.10
        0.30         0.26         0.17         0.20         0.19         0.07         0.07         0.17         0.21
        0.33         0.37         0.31         0.35         0.25         0.13         0.20         0.28         0.29
        0.28         0.41         0.39         0.51         0.45         0.21         0.15         0.19         0.28
        0.25         0.32         0.32         0.48         0.49         0.28         0.06         0.13         0.20
        0.19         0.29         0.25         0.33         0.37         0.24         0.03         0.07         0.16
        0.22         0.34         0.32         0.45         0.37         0.12         0.03         0.04         0.05
        0.12         0.11         0.24         0.30         0.29         0.14         0.09         0.07         0.06
        0.05         0.08         0.11         0.09         0.08         0.08         0.08         0.11         0.10
        0.04         0.03         0.03         0.05         0.05         0.03         0.08         0.14         0.12
        0.03         0.03         0.09         0.14         0.05         0.02         0.04         0.08         0.06
        0.02         0.03         0.08         0.14         0.10         0.05         0.06         0.05         0.04
        0.07         0.03         0.05         0.11         0.16         0.08         0.11         0.05         0.06
    345600      9     13
        0.55         0.49         0.54         0.66         0.44         0.27         0.32         0.52         0.68
        0.66         0.58         0.51         0.64         0.21         0.10         0.32         0.48         0.48
        0.64         0.63         0.47         0.47         0.15         0.12         0.42         0.38         0.40
        0.41         0.42         0.34         0.51         0.33         0.13         0.10         0.17         0.50
        0.28         0.22         0.26         0.38         0.30         0.15         0.02         0.11         0.48
        0.27         0.20         0.16         0.24         0.27         0.15         0.03         0.05         0.20
        0.32         0.27         0.19         0.17         0.18         0.11         0.08         0.04         0.05
        0.27         0.16         0.27         0.18         0.22         0.15         0.10         0.08         0.08
        0.21         0.13         0.10         0.10         0.13         0.12         0.12         0.09         0.07
        0.22         0.18         0.10         0.08         0.09         0.02         0.04         0.06         0.06
        0.19         0.20         0.16         0.10         0.06         0.02         0.01         0.01         0.02
        0.10         0.17         0.17         0.14         0.12         0.12         0.07         0.03         0.03
        0.08         0.09         0.08         0.08         0.12         0.16         0.09         0.03         0.02
    432000      9     13
        0.81         0.65         0.65         0.78         0.51         0.51         0.60         0.47         0.47
        0.81         0.63         0.54         0.70         0.30         0.36         0.81         0.61         0.46
        0.71         0.47         0.40         0.43         0.22         0.26         0.62         0.49         0.43
        0.47         0.39         0.40         0.57         0.44         0.24         0.27         0.30         0.49
        0.31         0.27         0.36         0.57         0.51         0.19         0.08         0.13         0.32
        0.33         0.31         0.30         0.44         0.49         0.24         0.09         0.11         0.18
        0.35         0.41         0.38         0.35         0.30         0.13         0.12         0.06         0.04
        0.33         0.27         0.36         0.13         0.12         0.06         0.09         0.16         0.21
        0.28         0.25         0.25         0.20         0.12         0.04         0.12         0.23         0.21
        0.19         0.29         0.25         0.22         0.14         0.02         0.02         0.06         0.09
        0.12         0.24         0.30         0.23         0.11         0.04         0.01         0.02         0.04
        0.17         0.28         0.35         0.31         0.20         0.14         0.08         0.02         0.01
        0.09         0.20         0.26         0.27         0.33         0.31         0.16         0.03         0.01
    518400      9     13
        0.52         0.25         0.43         0.65         0.58         0.47         0.54         0.59         0.59
        0.48         0.39         0.48         0.50         0.41         0.24         0.41         0.69         0.54
        0.47         0.48         0.57         0.48         0.26         0.25         0.42         0.35         0.46
        0.31         0.48         0.51         0.59         0.36         0.16         0.22         0.37         0.59
        0.23         0.30         0.49         0.66         0.59         0.17         0.12         0.40         0.52
        0.25         0.35         0.36         0.62         0.60         0.22         0.17         0.33         0.34
        0.37         0.52         0.39         0.51         0.39         0.10         0.13         0.16         0.18
        0.44         0.50         0.53         0.34         0.18         0.02         0.04         0.07         0.09
        0.40         0.39         0.38         0.30         0.13         0.01         0.10         0.15         0.06
        0.38         0.35         0.30         0.30         0.17         0.03         0.09         0.10         0.10
        0.17         0.28         0.35         0.34         0.15         0.03         0.01         0.04         0.10
        0.11         0.33         0.48         0.45         0.28         0.20         0.12         0.01         0.07
        0.21         0.34         0.41         0.42         0.43         0.36         0.23         0.04         0.07
    604800      9     13
        0.99         0.71         0.47         0.27         0.33         0.21         0.43         0.50         0.49
        0.71         0.61         0.46         0.31         0.25         0.22         0.34         0.45         0.42
        0.77         0.69         0.53         0.51         0.33         0.41         0.64         0.63         0.68
        0.64         0.65         0.65         0.77         0.62         0.53         0.78         0.62         0.78
        0.51         0.48         0.49         0.57         0.54         0.39         0.36         0.41         0.74
        0.42         0.51         0.44         0.46         0.46         0.29         0.24         0.27         0.41
        0.44         0.49         0.49         0.50         0.44         0.28         0.27         0.29         0.35
        0.25         0.32         0.41         0.32         0.35         0.21         0.26         0.24         0.31
        0.11         0.12         0.11         0.11         0.17         0.19         0.27         0.25         0.23
        0.08         0.08         0.06         0.06         0.07         0.06         0.09         0.14         0.15
        0.10         0.10         0.12         0.10         0.06         0.02         0.02         0.04         0.02
        0.10         0.07         0.12         0.12         0.05         0.05         0.05         0.08         0.01
        0.12         0.07         0.12         0.12         0.12         0.08         0.04         0.01         0.01
    691200      9     13
        0.75         0.55         0.60         0.83         0.73         0.57         0.62         0.74         0.56
        0.96         0.65         0.46         0.63         0.64         0.58         0.91         1.08         0.63
        0.74         0.46         0.39         0.39         0.26         0.24         0.71         0.63         0.28
        0.54         0.24         0.28         0.28         0.16         0.15         0.29         0.25         0.21
        0.21         0.18         0.30         0.22         0.12         0.08         0.13         0.15         0.17
        0.17         0.30         0.38         0.28         0.28         0.15         0.12         0.19         0.23
        0.18         0.22         0.21         0.33         0.35         0.15         0.12         0.19         0.16
        0.21         0.21         0.28         0.33         0.33         0.10         0.17         0.19         0.08
        0.11         0.12         0.23         0.24         0.17         0.07         0.14         0.18         0.07
        0.13         0.18         0.24         0.24         0.16         0.08         0.18         0.24         0.18
        0.14         0.22         0.32         0.30         0.23         0.13         0.09         0.20         0.17
        0.06         0.14         0.23         0.27         0.19         0.15         0.12         0.04         0.01
        0.06         0.08         0.06         0.10         0.14         0.19         0.10         0.01         0.00
    777600      9     13
        0.21         0.14         0.10         0.21         0.31         0.24         0.26         0.25         0.34
        0.37         0.28         0.27         0.20         0.12         0.07         0.08         0.09         0.17
        0.21         0.16         0.23         0.32         0.29         0.24         0.32         0.37         0.36
        0.30         0.36         0.29         0.29         0.30         0.36         0.56         0.40         0.49
        0.68         0.75         0.62         0.61         0.43         0.25         0.52         0.46         0.48
        0.46         0.50         0.56         0.77         0.62         0.41         0.44         0.52         0.47
        0.27         0.35         0.28         0.44         0.43         0.25         0.25         0.28         0.25
        0.38         0.48         0.49         0.41         0.23         0.07         0.11         0.11         0.05
        0.38         0.41         0.41         0.32         0.10         0.02         0.09         0.12         0.04
        0.39         0.36         0.27         0.23         0.15         0.04         0.08         0.13         0.12
        0.15         0.20         0.26         0.27         0.12         0.03         0.02         0.05         0.04
        0.01         0.06         0.17         0.25         0.17         0.04         0.03         0.00         0.02
        0.00         0.02         0.09         0.22         0.22         0.07         0.06         0.00         0.01
    864000      9     13
        0.73         0.71         0.48         0.55         0.59         0.51         0.60         0.72         0.49
        1.33         1.18         0.67         0.52         0.48         0.52         0.55         0.59         0.46
        0.70         0.83         0.83         0.55         0.40         0.45         0.49         0.42         0.61
        0.67         0.95         0.92         0.61         0.50         0.59         0.54         0.43         0.66
        0.89         0.81         0.79         0.58         0.46         0.53         0.51         0.65         0.79
        0.82         0.83         0.65         0.56         0.47         0.37         0.55         0.78         0.74
        0.72         0.62         0.56         0.79         0.79         0.52         0.65         0.72         0.62
        0.57         0.59         0.90         1.06         0.95         0.71         0.70         0.73         0.69
        0.55         0.66         0.84         0.94         0.82         0.59         0.69         0.77         0.68
        0.62         0.55         0.50         0.52         0.45         0.30         0.33         0.41         0.34
        0.44         0.52         0.55         0.52         0.38         0.17         0.12         0.27         0.26
        0.19         0.44         0.61         0.59         0.37         0.23         0.10         0.09         0.21
        0.31         0.49         0.67         0.67         0.50         0.47         0.23         0.10         0.22
    950400      9     13
        0.54         0.18         0.35         0.45         0.29         0.16         0.29         0.45         0.42
        0.90         0.32         0.43         0.49         0.34         0.30         0.42         0.27         0.27
        0.29         0.15         0.25         0.31         0.27         0.45         0.40         0.22         0.34
        0.06         0.08         0.18         0.30         0.60         0.84         0.25         0.24         0.43
        0.12         0.13         0.18         0.19         0.33         0.27         0.25         0.45         1.20
        0.13         0.14         0.25         0.17         0.13         0.11         0.22         0.32         0.43
        0.11         0.14         0.22         0.09         0.08         0.09         0.20         0.27         0.26
        0.34         0.25         0.31         0.13         0.10         0.08         0.19         0.36         0.45
        0.61         0.51         0.41         0.19         0.16         0.17         0.21         0.25         0.39
        0.65         0.44         0.27         0.18         0.16         0.10         0.09         0.08         0.07
        0.54         0.32         0.30         0.26         0.23         0.12         0.08         0.07         0.03
        0.53         0.32         0.25         0.22         0.17         0.17         0.13         0.10         0.05
        0.61         0.50         0.43         0.29         0.25         0.22         0.11         0.05         0.11
   1036800      9     13
        0.61         0.30         0.50         0.35         0.15         0.13         0.11         0.19         0.15
        0.55         0.37         0.42         0.35         0.11         0.10         0.18         0.20         0.14
        0.53         0.41         0.35         0.22         0.10         0.12         0.27         0.22         0.25
        0.46         0.31         0.39         0.45         0.34         0.13         0.10         0.28         0.50
        0.30         0.27         0.27         0.45         0.55         0.21         0.15         0.29         0.49
        0.40         0.35         0.24         0.24         0.46         0.40         0.30         0.29         0.35
        0.44         0.42         0.29         0.24         0.32         0.31         0.23         0.15         0.20
        0.32         0.37         0.42         0.26         0.28         0.10         0.03         0.07         0.10
        0.28         0.22         0.24         0.28         0.30         0.20         0.14         0.20         0.17
        0.32         0.25         0.19         0.18         0.15         0.10         0.08         0.14         0.14
        0.38         0.44         0.45         0.46         0.22         0.05         0.07         0.07         0.03
        0.17         0.26         0.36         0.54         0.48         0.23         0.14         0.06         0.03
        0.23         0.31         0.31         0.26         0.30         0.27         0.16         0.09         0.04
   1123200      9     13
        1.21         0.61         0.57         0.59         0.46         0.36         0.48         0.48         0.43
        1.64         1.01         0.59         0.67         0.42         0.41         0.42         0.44         0.31
        0.43         0.64         0.49         0.52         0.34         0.55         0.73         0.42         0.43
        0.11         0.27         0.41         0.61         0.41         0.40         0.69         0.72         1.45
        0.15         0.21         0.35         0.58         0.40         0.21         0.23         0.56         1.06
        0.42         0.26         0.19         0.28         0.31         0.18         0.05         0.17         0.27
        0.18         0.10         0.07         0.12         0.22         0.08         0.01         0.03         0.08
        0.07         0.14         0.20         0.16         0.20         0.05         0.00         0.01         0.01
        0.06         0.13         0.15         0.13         0.08         0.02         0.01         0.01         0.02
        0.05         0.08         0.05         0.08         0.10         0.02         0.01         0.01         0.02
        0.08         0.05         0.07         0.08         0.07         0.02         0.01         0.01         0.03
        0.03         0.08         0.13         0.12         0.08         0.06         0.06         0.02         0.02
        0.06         0.04         0.08         0.12         0.09         0.09         0.07         0.02         0.00
   1209600      9     13
        0.52         0.09         0.12         0.19         0.26         0.25         0.27         0.29         0.22
        0.55         0.19         0.13         0.15         0.26         0.32         0.18         0.26         0.39
        0.41         0.26         0.20         0.19         0.41         0.53         0.19         0.26         0.74
        0.29         0.26         0.22         0.35         0.39         0.52         0.28         0.38         2.03
        0.16         0.19         0.18         0.40         0.24         0.21         0.30         0.38         0.67
        0.14         0.22         0.15         0.15         0.13         0.15         0.35         0.40         0.45
        0.17         0.33         0.20         0.13         0.10         0.09         0.17         0.27         0.42
        0.13         0.18         0.12         0.11         0.12         0.09         0.15         0.22         0.38
        0.18         0.16         0.14         0.16         0.19         0.17         0.25         0.33         0.44
        0.44         0.28         0.21         0.30         0.32         0.25         0.22         0.31         0.34
        0.61         0.57         0.72         0.70         0.56         0.35         0.18         0.23         0.24
        0.34         0.39         0.64         0.74         0.74         0.58         0.28         0.28         0.27
        0.26         0.24         0.21         0.23         0.41         0.31         0.14         0.13         0.18
   1296000      9     13
        0.34         0.26         0.50         0.66         0.33         0.17         0.15         0.23         0.17
        0.35         0.15         0.14         0.19         0.12         0.11         0.19         0.19         0.18
        0.33         0.19         0.13         0.12         0.09         0.15         0.25         0.16         0.19
        0.34         0.26         0.22         0.23         0.17         0.13         0.19         0.19         0.19
        0.34         0.27         0.29         0.30         0.22         0.13         0.07         0.09         0.10
        0.47         0.47         0.49         0.41         0.28         0.20         0.18         0.15         0.11
        0.23         0.26         0.41         0.26         0.19         0.18         0.17         0.17         0.14
        0.08         0.11         0.24         0.07         0.06         0.04         0.05         0.10         0.14
        0.04         0.04         0.06         0.06         0.04         0.03         0.02         0.04         0.06
        0.10         0.09         0.08         0.06         0.05         0.03         0.02         0.02         0.04
        0.16         0.15         0.14         0.10         0.07         0.05         0.06         0.05         0.07
        0.15         0.23         0.29         0.22         0.13         0.12         0.11         0.08         0.07
        0.18         0.27         0.31         0.25         0.20         0.19         0.13         0.07         0.05