         0      9     13
        0.45         0.30         0.48         0.53         0.38         0.24         0.15         0.06         0.02
        0.77         0.50         0.34         0.32         0.14         0.32         0.24         0.04         0.01
        0.83         0.59         0.33         0.25         0.13         0.18         0.16         0.04         0.04
        0.35         0.39         0.25         0.27         0.19         0.08         0.08         0.03         0.06
        0.10         0.11         0.13         0.30         0.33         0.08         0.08         0.15         0.34
        0.11         0.13         0.06         0.18         0.09         0.11         0.19         0.23         0.33
        0.13         0.12         0.09         0.20         0.04         0.10         0.21         0.24         0.18
        0.09         0.08         0.13         0.04         0.02         0.01         0.01         0.03         0.03
        0.08         0.11         0.09         0.06         0.03         0.04         0.00         0.01         0.01
        0.21         0.27         0.20         0.16         0.11         0.10         0.05         0.06         0.05
        0.12         0.29         0.38         0.24         0.24         0.24         0.12         0.09         0.04
        0.08         0.26         0.79         0.48         0.30         0.41         0.25         0.09         0.05
        0.11         0.22         0.52         0.51         0.44         0.53         0.38         0.18         0.06
     86400      9     13
        1.85         1.50         1.46         1.45         1.34         1.21         1.25         1.12         1.26
        0.79         0.94         0.96         1.13         1.17         0.93         1.07         1.20         1.49
        0.77         0.96         1.00         1.09         1.12         1.05         1.24         1.20         1.66
        0.96         1.35         1.38         1.27         0.98         0.55         0.95         1.05         1.40
        1.06         1.23         1.06         1.12         0.71         0.12         0.19         0.50         0.95
        0.48         0.49         0.47         0.89         0.44         0.13         0.08         0.14         0.23
        0.15         0.22         0.32         0.60         0.33         0.14         0.10         0.20         0.34
        0.19         0.24         0.50         0.41         0.17         0.20         0.29         0.31         0.39
        0.21         0.30         0.32         0.13         0.04         0.19         0.24         0.12         0.09
        0.38         0.31         0.10         0.04         0.10         0.19         0.09         0.01         0.01
        0.23         0.10         0.02         0.04         0.08         0.07         0.03         0.01         0.01
        0.04         0.01         0.02         0.04         0.03         0.04         0.05         0.01         0.01
        0.00         0.00         0.01         0.04         0.11         0.16         0.08         0.00         0.01
    172800      9     13
        0.91         0.87         0.53         0.30         0.18         0.17         0.38         0.41         0.35
        0.44         0.57         0.40         0.38         0.33         0.23         0.34         0.47         0.40
        0.65         0.67         0.46         0.42         0.48         0.35         0.33         0.39         0.44
        0.73         0.71         0.53         0.40         0.53         0.33         0.29         0.25         0.36
        0.41         0.50         0.56         0.36         0.34         0.24         0.23         0.19         0.28
        0.37         0.42         0.49         0.38         0.44         0.12         0.14         0.26         0.43
        0.31         0.52         0.49         0.56         0.66         0.25         0.26         0.30         0.28
        0.46         0.77         0.65         0.56         0.44         0.20         0.28         0.38         0.39
        0.76         0.83         0.84         0.61         0.16         0.08         0.17         0.38         0.28
        0.98         0.56         0.50         0.34         0.08         0.09         0.13         0.31         0.19
        0.22         0.19         0.12         0.12         0.03         0.06         0.02         0.05         0.06
        0.01         0.02         0.02         0.01         0.01         0.00         0.00         0.00         0.00
        0.04         0.07         0.06         0.06         0.06         0.02         0.01         0.00         0.00
    259200      9     13
        0.31         0.14         0.17         0.12         0.13         0.14         0.12         0.08         0.16
        0.10         0.07         0.18         0.05         0.04         0.06         0.14         0.24         0.23
        0.06         0.07         0.12         0.11         0.11         0.22         0.24         0.10         0.15
        0.08         0.20         0.20         0.18         0.26         0.15         0.16         0.19         0.20
        0.07         0.23         0.38         0.49         0.47         0.19         0.19         0.27         0.30
        0.17         0.31         0.39         0.63         0.68         0.31         0.27         0.33         0.40
        0.20         0.36         0.33         0.71         0.72         0.41         0.17         0.24         0.22
        0.36         0.67         0.51         0.66         0.53         0.23         0.10         0.23         0.43
        0.64         1.13         0.74         0.62         0.22         0.07         0.06         0.13         0.32
        0.80         1.01         0.91         0.64         0.27         0.18         0.08         0.08         0.12
        0.11         0.24         0.47         0.43         0.19         0.18         0.11         0.04         0.05
        0.01         0.04         0.18         0.23         0.20         0.33         0.24         0.03         0.05
        0.24         0.29         0.34         0.39         0.47         0.45         0.18         0.03         0.07
    345600      9     13
        0.34         0.60         0.39         0.09         0.06         0.08         0.09         0.10         0.09
        0.18         0.15         0.16         0.22         0.12         0.13         0.20         0.17         0.06
        0.42         0.38         0.39         0.45         0.24         0.25         0.45         0.27         0.30
        0.49         0.49         0.52         0.70         0.49         0.20         0.41         0.50         0.50
        0.36         0.32         0.37         0.51         0.50         0.18         0.12         0.50         0.56
        0.19         0.18         0.21         0.29         0.34         0.22         0.14         0.30         0.35
        0.16         0.21         0.16         0.23         0.20         0.12         0.07         0.06         0.10
        0.09         0.16         0.17         0.14         0.08         0.05         0.02         0.06         0.08
        0.10         0.14         0.08         0.07         0.02         0.03         0.02         0.11         0.13
        0.01         0.02         0.02         0.01         0.01         0.10         0.08         0.10         0.06
        0.00         0.04         0.11         0.05         0.01         0.03         0.01         0.04         0.03
        0.00         0.11         0.26         0.23         0.11         0.06         0.02         0.00         0.04
        0.02         0.14         0.39         0.47         0.36         0.24         0.08         0.01         0.06
    432000      9     13
        0.34         0.31         0.43         0.41         0.32         0.20         0.18         0.10         0.12
        0.26         0.21         0.21         0.22         0.17         0.18         0.16         0.15         0.18
        0.31         0.31         0.31         0.24         0.13         0.21         0.18         0.22         0.43
        0.17         0.25         0.29         0.25         0.17         0.16         0.21         0.43         0.62
        0.18         0.14         0.22         0.35         0.28         0.13         0.19         0.43         0.68
        0.16         0.06         0.07         0.23         0.20         0.09         0.16         0.26         0.23
        0.11         0.12         0.06         0.16         0.10         0.04         0.05         0.03         0.02
        0.08         0.09         0.15         0.06         0.02         0.01         0.00         0.00         0.02
        0.03         0.09         0.08         0.03         0.01         0.01         0.00         0.00         0.06
        0.02         0.01         0.01         0.01         0.01         0.02         0.02         0.00         0.01
        0.00         0.00         0.01         0.02         0.01         0.01         0.01         0.00         0.01
        0.00         0.00         0.03         0.02         0.02         0.01         0.01         0.00         0.00
        0.02         0.01         0.04         0.03         0.03         0.04         0.03         0.00         0.00
    518400      9     13
        0.29         0.16         0.37         0.37         0.22         0.15         0.15         0.10         0.16
        0.19         0.14         0.17         0.22         0.16         0.18         0.26         0.18         0.25
        0.32         0.29         0.21         0.15         0.11         0.23         0.33         0.15         0.33
        0.20         0.22         0.25         0.30         0.17         0.12         0.15         0.11         0.31
        0.12         0.06         0.09         0.27         0.15         0.03         0.07         0.20         0.21
        0.05         0.06         0.06         0.12         0.08         0.02         0.12         0.19         0.14
        0.03         0.05         0.07         0.06         0.03         0.01         0.04         0.06         0.05
        0.12         0.03         0.04         0.01         0.00         0.00         0.00         0.05         0.10
        0.06         0.02         0.01         0.00         0.00         0.01         0.00         0.02         0.07
        0.01         0.00         0.00         0.00         0.03         0.05         0.01         0.00         0.01
        0.00         0.00         0.01         0.02         0.02         0.01         0.01         0.01         0.03
        0.04         0.07         0.08         0.09         0.02         0.04         0.03         0.01         0.03
        0.38         0.36         0.24         0.09         0.09         0.18         0.09         0.05         0.02
    604800      9     13
        0.38         0.19         0.31         0.19         0.20         0.23         0.17         0.07         0.05
        0.17         0.06         0.12         0.18         0.12         0.20         0.22         0.09         0.06
        0.21         0.09         0.08         0.20         0.09         0.30         0.30         0.09         0.15
        0.10         0.13         0.15         0.25         0.23         0.18         0.15         0.05         0.17
        0.14         0.08         0.09         0.23         0.16         0.06         0.08         0.04         0.10
        0.11         0.04         0.08         0.15         0.08         0.08         0.09         0.05         0.04
        0.06         0.02         0.02         0.05         0.03         0.05         0.02         0.00         0.00
        0.03         0.03         0.03         0.01         0.00         0.00         0.00         0.00         0.00
        0.02         0.02         0.01         0.00         0.00         0.00         0.00         0.00         0.00
        0.01         0.00         0.00         0.00         0.00         0.00         0.00         0.01         0.04
        0.00         0.00         0.01         0.01         0.00         0.00         0.03         0.09         0.23
        0.01         0.05         0.13         0.11         0.04         0.11         0.08         0.05         0.04
        0.28         0.38         0.44         0.30         0.24         0.23         0.07         0.08         0.02
    691200      9     13
        0.14         0.10         0.36         0.34         0.10         0.03         0.05         0.05         0.01
        0.17         0.04         0.13         0.10         0.02         0.11         0.23         0.16         0.01
        0.17         0.06         0.06         0.07         0.03         0.12         0.15         0.04         0.04
        0.08         0.04         0.06         0.12         0.08         0.06         0.05         0.04         0.05
        0.04         0.01         0.08         0.13         0.11         0.04         0.03         0.12         0.22
        0.03         0.02         0.06         0.08         0.12         0.09         0.05         0.17         0.33
        0.07         0.04         0.11         0.10         0.20         0.24         0.12         0.20         0.33
        0.05         0.12         0.24         0.06         0.19         0.17         0.15         0.27         0.29
        0.05         0.09         0.08         0.03         0.23         0.29         0.19         0.35         0.39
        0.04         0.04         0.02         0.07         0.33         0.63         0.31         0.37         0.38
        0.03         0.08         0.16         0.23         0.47         0.69         0.63         0.50         0.30
        0.12         0.30         0.40         0.42         0.40         0.69         0.59         0.51         0.30
        0.32         0.61         0.62         0.67         0.67         0.68         0.57         0.62         0.25
    777600      9     13
        0.15         0.06         0.32         0.41         0.09         0.05         0.09         0.06         0.01
        0.19         0.04         0.13         0.14         0.04         0.18         0.13         0.04         0.01
        0.15         0.09         0.08         0.09         0.04         0.19         0.13         0.02         0.13
        0.13         0.20         0.21         0.19         0.09         0.14         0.12         0.18         0.19
        0.12         0.20         0.33         0.33         0.14         0.15         0.16         0.42         0.56
        0.21         0.30         0.20         0.22         0.20         0.30         0.26         0.55         0.71
        0.41         0.31         0.19         0.15         0.28         0.42         0.20         0.38         0.59
        0.40         0.41         0.31         0.11         0.24         0.45         0.22         0.32         0.39
        0.41         0.43         0.18         0.08         0.51         0.89         0.35         0.39         0.56
        0.34         0.28         0.20         0.20         0.49         0.77         0.61         0.43         0.40
        0.14         0.21         0.30         0.37         0.53         0.58         0.91         0.41         0.33
        0.07         0.26         0.39         0.50         0.56         0.70         0.57         0.29         0.14
        0.07         0.09         0.23         0.44         0.79         0.58         0.28         0.33         0.03
    864000      9     13
        0.03         0.02         0.05         0.05         0.02         0.01         0.00         0.00         0.00
        0.05         0.02         0.08         0.09         0.01         0.04         0.07         0.01         0.00
        0.07         0.05         0.07         0.08         0.00         0.11         0.19         0.03         0.01
        0.06         0.07         0.11         0.11         0.05         0.06         0.15         0.11         0.03
        0.09         0.06         0.25         0.22         0.10         0.05         0.19         0.23         0.06
        0.11         0.15         0.32         0.28         0.11         0.13         0.13         0.12         0.11
        0.20         0.17         0.31         0.21         0.05         0.05         0.05         0.11         0.10
        0.25         0.27         0.38         0.10         0.02         0.03         0.07         0.15         0.12
        0.18         0.15         0.13         0.03         0.02         0.23         0.26         0.23         0.23
        0.08         0.04         0.03         0.03         0.14         0.34         0.42         0.26         0.22
        0.04         0.09         0.08         0.07         0.18         0.19         0.38         0.33         0.18
        0.09         0.17         0.15         0.14         0.24         0.31         0.25         0.25         0.12
        0.27         0.40         0.22         0.15         0.28         0.36         0.12         0.15         0.07
    950400      9     13
        0.19         0.21         0.12         0.19         0.23         0.04         0.01         0.08         0.05
        0.13         0.41         0.25         0.23         0.11         0.07         0.16         0.26         0.09
        0.11         0.31         0.26         0.27         0.28         0.20         0.30         0.20         0.20
        0.10         0.27         0.21         0.19         0.19         0.18         0.25         0.20         0.38
        0.08         0.19         0.34         0.34         0.18         0.10         0.09         0.20         0.32
        0.17         0.20         0.38         0.36         0.24         0.10         0.06         0.13         0.24
        0.31         0.46         0.23         0.18         0.24         0.19         0.04         0.07         0.16
        0.17         0.49         0.40         0.21         0.06         0.04         0.03         0.07         0.13
        0.16         0.49         0.28         0.11         0.05         0.10         0.29         0.22         0.14
        0.04         0.05         0.22         0.12         0.09         0.19         0.16         0.33         0.22
        0.02         0.08         0.27         0.18         0.15         0.13         0.15         0.20         0.11
        0.02         0.13         0.22         0.15         0.16         0.36         0.44         0.11         0.07
        0.11         0.19         0.22         0.25         0.63         0.75         0.52         0.10         0.01
   1036800      9     13
        0.30         0.78         0.88         0.48         0.62         0.54         0.85         0.70         0.44
        0.48         0.72         0.88         0.97         0.78         0.59         0.75         0.50         0.42
        0.45         0.64         0.63         0.73         1.53         1.27         0.81         0.43         0.72
        0.33         0.53         0.56         0.42         1.04         1.01         0.78         0.47         0.85
        0.21         0.44         0.68         0.53         0.72         0.60         0.46         0.75         0.84
        0.13         0.37         0.71         0.48         0.62         0.70         0.53         0.97         0.78
        0.06         0.30         0.61         0.39         0.75         0.57         0.17         0.44         0.52
        0.14         0.29         0.54         0.41         0.42         0.42         0.09         0.18         0.30
        0.15         0.40         0.28         0.28         0.18         0.20         0.04         0.15         0.18
        0.15         0.08         0.10         0.28         0.21         0.25         0.05         0.10         0.17
        0.03         0.02         0.13         0.36         0.26         0.26         0.12         0.13         0.19
        0.01         0.07         0.18         0.37         0.39         0.46         0.38         0.03         0.04
        0.01         0.03         0.15         0.32         0.48         0.40         0.46         0.19         0.07
   1123200      9     13
        0.71         0.89         1.05         1.00         1.12         1.08         0.78         0.83         0.72
        0.92         0.87         0.96         1.02         0.91         0.82         0.76         0.54         0.46
        0.92         0.93         0.89         0.72         0.65         0.65         0.79         0.36         0.41
        1.18         1.12         1.00         0.77         0.64         0.42         0.43         0.44         0.61
        0.82         0.93         1.14         1.05         0.91         0.47         0.34         0.71         0.80
        0.90         0.93         0.73         0.69         0.98         0.71         0.47         0.64         0.65
        0.64         0.62         0.45         0.63         0.81         0.75         0.52         0.66         0.87
        0.53         0.44         0.60         0.73         0.94         0.71         0.66         1.84         2.55
        0.60         0.71         0.53         0.49         0.70         0.60         0.57         1.47         1.50
        0.53         0.39         0.25         0.26         0.28         0.34         0.41         0.65         0.50
        0.11         0.20         0.32         0.47         0.32         0.46         0.39         0.45         0.46
        0.06         0.20         0.35         0.37         0.30         0.40         0.47         0.18         0.26
        0.16         0.30         0.39         0.37         0.53         0.41         0.42         0.20         0.14
   1209600      9     13
        0.18         0.12         0.07         0.08         0.03         0.03         0.09         0.19         0.11
        0.13         0.12         0.07         0.04         0.03         0.06         0.10         0.12         0.07
        0.10         0.13         0.12         0.03         0.02         0.05         0.08         0.05         0.05
        0.03         0.05         0.15         0.05         0.07         0.07         0.10         0.05         0.04
        0.05         0.04         0.08         0.06         0.06         0.05         0.06         0.04         0.04
        0.13         0.11         0.10         0.04         0.07         0.06         0.06         0.07         0.02
        0.15         0.12         0.09         0.03         0.11         0.06         0.05         0.07         0.02
        0.21         0.13         0.14         0.07         0.08         0.06         0.03         0.04         0.01
        0.21         0.22         0.14         0.15         0.13         0.12         0.03         0.02         0.01
        0.35         0.13         0.10         0.16         0.14         0.12         0.08         0.12         0.10
        0.20         0.09         0.14         0.21         0.19         0.14         0.25         0.23         0.22
        0.13         0.06         0.18         0.18         0.15         0.16         0.28         0.23         0.14
        0.03         0.04         0.13         0.25         0.35         0.24         0.37         0.38         0.26
   1296000      9     13
        0.16         0.39         0.39         0.21         0.47         0.48         0.47         0.43         0.23
        0.19         0.51         0.45         0.48         0.56         0.57         0.35         0.14         0.05
        0.23         0.51         0.44         0.49         0.49         0.51         0.32         0.10         0.13
        0.43         0.73         0.42         0.32         0.61         0.42         0.25         0.11         0.16
        0.33         0.44         0.38         0.29         0.42         0.29         0.15         0.02         0.02
        0.24         0.42         0.28         0.23         0.23         0.22         0.20         0.04         0.04
        0.39         0.31         0.29         0.24         0.20         0.12         0.05         0.01         0.00
        0.25         0.17         0.31         0.17         0.04         0.07         0.02         0.01         0.01
        0.16         0.06         0.13         0.03         0.02         0.02         0.01         0.00         0.00
        0.17         0.11         0.05         0.01         0.03         0.01         0.01         0.00         0.01
        0.24         0.29         0.18         0.06         0.09         0.01         0.00         0.00         0.01
        0.07         0.18         0.20         0.12         0.03         0.01         0.01         0.00         0.01
        0.01         0.08         0.06         0.03         0.03         0.00         0.01         0.01         0.03