         0      9     13
        0.01         0.03         0.03         0.12         0.42         0.29         0.11         0.09         0.10
        0.01         0.04         0.08         0.22         0.38         0.41         0.28         0.09         0.12
        0.00         0.05         0.11         0.16         0.33         0.32         0.57         0.29         0.19
        0.04         0.07         0.13         0.10         0.37         0.34         0.35         0.44         0.28
        0.11         0.18         0.17         0.05         0.26         0.39         0.63         0.51         0.33
        0.10         0.26         0.30         0.10         0.25         0.51         0.35         0.21         0.49
        0.10         0.29         0.31         0.10         0.18         0.28         0.22         0.23         0.33
        0.12         0.34         0.30         0.15         0.08         0.12         0.12         0.16         0.20
        0.11         0.29         0.32         0.36         0.10         0.09         0.04         0.13         0.06
        0.15         0.28         0.32         0.62         0.48         0.24         0.07         0.20         0.14
        0.24         0.21         0.42         0.67         0.97         1.31         0.63         0.13         0.14
        0.34         0.28         0.42         0.79         0.87         0.98         1.56         1.31         0.26
        0.47         0.24         0.27         0.72         0.84         0.58         0.69         1.38         0.43
     86400      9     13
        0.04         0.02         0.05         0.15         0.21         0.13         0.10         0.18         0.20
        0.03         0.04         0.10         0.20         0.29         0.14         0.20         0.21         0.19
        0.29         0.08         0.18         0.19         0.35         0.41         0.50         0.30         0.44
        0.12         0.10         0.19         0.05         0.38         0.69         0.48         0.52         0.62
        0.07         0.09         0.21         0.09         0.37         0.49         0.28         0.22         0.24
        0.69         0.18         0.33         0.27         0.29         0.42         0.22         0.08         0.11
        1.16         0.38         0.25         0.16         0.17         0.31         0.17         0.08         0.05
        0.43         0.29         0.26         0.18         0.17         0.18         0.10         0.04         0.02
        0.40         0.32         0.19         0.18         0.25         0.18         0.03         0.02         0.01
        0.13         0.18         0.23         0.38         0.58         0.16         0.05         0.03         0.01
        0.11         0.19         0.27         0.67         0.36         0.09         0.13         0.07         0.01
        0.10         0.22         0.18         0.31         0.18         0.06         0.12         0.04         0.01
        0.28         0.30         0.19         0.30         0.11         0.09         0.11         0.04         0.02
    172800      9     13
        0.02         0.14         0.32         0.20         0.11         0.17         0.32         0.30         0.28
        0.05         0.12         0.22         0.25         0.11         0.17         0.28         0.37         0.40
        0.05         0.11         0.15         0.19         0.29         0.39         0.33         0.32         0.47
        0.06         0.08         0.16         0.16         0.24         0.48         0.31         0.35         0.65
        0.06         0.12         0.14         0.15         0.23         0.48         0.47         0.54         0.48
        0.15         0.15         0.16         0.22         0.28         0.56         0.74         0.76         0.47
        0.25         0.10         0.19         0.19         0.39         0.64         0.65         0.60         0.31
        0.21         0.14         0.29         0.24         0.45         0.72         0.50         0.29         0.08
        0.12         0.18         0.27         0.41         0.38         0.40         0.16         0.16         0.26
        0.02         0.08         0.16         0.45         0.49         0.41         0.31         0.31         0.49
        0.01         0.03         0.31         0.80         0.60         0.35         0.38         0.24         0.30
        0.00         0.05         0.37         0.67         0.38         0.25         0.34         0.26         0.37
        0.04         0.12         0.23         0.49         0.32         0.19         0.23         0.49         0.25
    259200      9     13
        0.12         0.27         0.31         0.37         0.32         0.23         0.34         0.37         0.32
        0.06         0.11         0.12         0.36         0.55         0.30         0.45         0.27         0.23
        0.02         0.07         0.10         0.29         0.38         0.52         0.35         0.19         0.43
        0.03         0.08         0.25         0.17         0.38         0.56         0.25         0.30         0.73
        0.18         0.22         0.33         0.26         0.40         0.64         0.32         0.41         0.73
        0.14         0.21         0.31         0.29         0.28         0.56         0.36         0.38         0.43
        0.12         0.10         0.27         0.23         0.17         0.39         0.26         0.31         0.35
        0.10         0.05         0.21         0.07         0.04         0.14         0.46         0.50         0.43
        0.12         0.13         0.09         0.05         0.06         0.08         0.29         0.45         0.34
        0.27         0.22         0.16         0.27         0.46         0.10         0.07         0.23         0.31
        0.37         0.20         0.19         0.64         0.65         0.28         0.18         0.12         0.29
        0.23         0.18         0.21         0.42         0.74         0.58         0.55         0.26         0.37
        0.20         0.28         0.32         0.35         0.57         0.36         0.52         0.59         0.27
    345600      9     13
        0.39         0.51         0.30         0.18         0.33         0.29         0.21         0.14         0.12
        0.30         0.64         0.63         0.30         0.40         0.50         0.38         0.12         0.14
        0.73         0.51         0.60         0.60         0.88         0.88         0.60         0.19         0.52
        0.46         0.62         0.71         0.84         1.22         1.04         0.39         0.44         0.85
        0.21         0.45         0.79         0.81         1.12         1.15         0.40         0.55         0.69
        0.19         0.40         0.83         0.74         1.14         1.06         0.52         0.46         0.57
        0.42         0.43         0.73         0.50         1.46         1.36         0.47         0.43         0.57
        0.30         0.34         0.70         0.69         0.74         0.92         0.47         0.38         0.47
        0.04         0.53         0.54         0.81         0.53         0.66         0.28         0.28         0.44
        0.07         0.18         0.25         0.39         0.31         0.28         0.08         0.14         0.28
        0.08         0.05         0.32         0.62         0.46         0.19         0.18         0.12         0.22
        0.13         0.08         0.17         0.39         0.35         0.26         0.28         0.11         0.14
        0.15         0.07         0.03         0.15         0.33         0.16         0.26         0.21         0.04
    432000      9     13
        0.23         0.34         0.31         0.24         0.42         0.23         0.18         0.27         0.14
        0.43         1.10         1.10         0.37         0.12         0.17         0.17         0.11         0.18
        0.74         1.29         1.06         0.41         0.57         0.58         0.30         0.10         0.45
        1.17         2.59         1.45         0.41         0.93         0.70         0.21         0.52         0.95
        0.40         0.87         1.05         0.58         1.01         0.68         0.24         0.87         1.24
        0.34         0.21         0.47         0.57         1.41         0.91         0.40         0.66         0.93
        0.19         0.24         0.37         0.36         1.38         1.02         0.22         0.51         1.01
        0.07         0.16         0.27         0.16         0.80         0.91         0.21         0.49         0.81
        0.03         0.14         0.16         0.23         0.46         0.55         0.21         0.35         0.86
        0.04         0.04         0.21         0.62         0.63         0.42         0.15         0.17         0.40
        0.09         0.05         0.35         1.11         0.85         0.59         0.49         0.08         0.17
        0.08         0.07         0.28         0.73         0.65         0.79         0.78         0.08         0.16
        0.02         0.10         0.31         0.42         0.84         0.40         0.48         0.26         0.12
    518400      9     13
        0.19         1.19         1.09         0.38         0.34         0.35         0.19         0.33         0.48
        0.07         0.60         1.10         0.46         0.29         0.28         0.16         0.23         0.43
        0.04         0.08         0.21         0.17         0.54         0.36         0.38         0.20         0.69
        0.24         0.07         0.02         0.03         0.32         0.35         0.29         0.34         0.81
        0.43         0.15         0.01         0.00         0.02         0.17         0.26         0.41         0.85
        0.30         0.09         0.05         0.00         0.04         0.21         0.27         0.31         0.71
        0.21         0.12         0.02         0.00         0.06         0.16         0.06         0.42         0.82
        0.06         0.08         0.09         0.05         0.16         0.13         0.15         0.51         0.59
        0.04         0.21         0.22         0.11         0.20         0.32         0.19         0.34         0.43
        0.09         0.35         0.24         0.30         0.32         0.25         0.24         0.22         0.22
        0.04         0.24         0.30         0.44         0.34         0.16         0.11         0.07         0.10
        0.00         0.07         0.22         0.26         0.30         0.24         0.20         0.04         0.04
        0.01         0.03         0.09         0.07         0.22         0.18         0.21         0.11         0.04
    604800      9     13
        0.46         0.96         0.65         0.58         0.88         1.02         0.76         0.52         0.53
        0.37         0.67         0.76         0.66         0.79         0.98         1.59         1.90         1.72
        0.45         0.48         0.47         0.75         0.89         0.86         1.02         1.48         2.75
        0.54         0.31         0.05         0.31         1.04         1.57         1.03         0.99         1.57
        0.68         0.17         0.06         0.14         0.54         1.21         1.14         0.98         1.62
        0.37         0.19         0.15         0.24         0.41         0.67         0.96         0.90         1.05
        0.25         0.32         0.40         0.36         0.70         0.81         1.18         1.18         1.17
        0.29         0.31         0.53         0.84         0.81         0.80         0.97         1.42         2.38
        0.56         0.18         0.29         0.50         0.54         0.64         0.74         1.56         5.27
        0.40         0.19         0.14         0.24         0.39         0.47         0.55         0.81         1.75
        0.26         0.20         0.16         0.34         0.43         0.79         0.66         0.54         0.76
        0.79         1.15         0.75         0.29         0.46         0.88         0.79         0.49         0.77
        0.82         2.06         1.80         0.45         0.67         0.51         0.59         0.39         0.52
    691200      9     13
        0.10         0.04         0.03         0.01         0.02         0.02         0.09         0.11         0.08
        0.09         0.07         0.13         0.02         0.01         0.02         0.05         0.07         0.07
        0.09         0.09         0.34         0.09         0.12         0.27         0.17         0.07         0.20
        0.09         0.14         0.40         0.13         0.32         0.57         0.25         0.18         0.42
        0.15         0.11         0.21         0.09         0.32         0.65         0.51         0.46         0.62
        0.11         0.05         0.13         0.06         0.27         0.80         0.75         0.54         0.59
        0.27         0.10         0.14         0.14         0.60         1.09         0.63         0.52         0.83
        0.38         0.22         0.20         0.35         1.12         0.85         0.50         0.69         0.58
        0.57         0.50         0.25         0.39         0.98         1.11         0.67         0.68         0.38
        0.76         0.66         0.53         0.47         1.06         0.85         0.83         0.81         0.52
        0.74         0.91         0.93         0.74         1.16         1.22         1.33         1.37         0.63
        0.59         0.71         0.74         0.57         0.79         1.21         1.59         1.57         0.53
        0.73         0.86         0.80         0.63         1.10         1.02         1.72         2.05         0.52
    777600      9     13
        0.03         0.04         0.05         0.10         0.17         0.19         0.18         0.21         0.15
        0.03         0.05         0.05         0.04         0.06         0.07         0.13         0.14         0.03
        0.05         0.03         0.07         0.05         0.09         0.18         0.18         0.13         0.14
        0.04         0.04         0.16         0.11         0.13         0.26         0.25         0.27         0.36
        0.07         0.05         0.12         0.09         0.15         0.41         0.35         0.49         0.66
        0.08         0.04         0.15         0.03         0.33         0.48         0.53         0.57         0.90
        0.18         0.19         0.34         0.31         0.53         0.52         0.58         0.59         0.69
        0.39         0.43         0.47         0.53         0.44         0.30         0.56         0.93         0.56
        0.58         0.60         0.61         0.62         0.51         0.33         0.52         0.81         0.53
        0.31         0.41         0.60         0.67         0.71         0.52         0.74         0.86         0.37
        0.20         0.21         0.37         0.53         0.47         0.49         0.55         0.56         0.42
        0.82         0.37         0.30         0.41         0.26         0.17         0.20         0.28         0.57
        3.22         1.05         0.32         0.40         0.22         0.10         0.09         0.16         0.44
    864000      9     13
        0.03         0.12         0.24         0.27         0.23         0.19         0.12         0.15         0.07
        0.01         0.07         0.15         0.18         0.20         0.09         0.11         0.07         0.01
        0.03         0.03         0.09         0.14         0.10         0.19         0.24         0.11         0.15
        0.10         0.02         0.16         0.15         0.10         0.40         0.30         0.15         0.29
        0.24         0.07         0.28         0.29         0.18         0.50         0.41         0.38         0.41
        0.25         0.09         0.35         0.35         0.21         0.43         0.60         0.58         0.61
        0.39         0.26         0.56         0.42         0.42         0.82         0.93         0.83         0.86
        1.20         0.45         0.81         0.50         0.48         0.75         0.80         0.84         0.75
        2.34         1.12         0.98         0.52         0.40         0.56         0.74         0.74         0.60
        2.04         1.20         0.92         0.79         0.52         0.65         0.70         0.54         0.37
        1.01         0.67         0.93         0.96         0.77         0.77         0.55         0.42         0.31
        0.66         0.64         0.73         0.74         0.84         0.79         0.53         0.40         0.29
        0.81         1.32         1.54         1.92         0.92         0.70         0.60         0.45         0.19
    950400      9     13
        0.02         0.12         0.24         0.21         0.31         0.24         0.16         0.22         0.11
        0.03         0.17         0.34         0.37         0.38         0.30         0.35         0.24         0.26
        0.15         0.25         0.39         0.43         0.48         0.42         0.33         0.49         0.41
        0.13         0.15         0.31         0.52         0.49         0.35         0.27         0.18         0.30
        0.11         0.13         0.19         0.22         0.42         0.32         0.28         0.30         0.30
        0.07         0.07         0.18         0.23         0.28         0.20         0.37         0.37         0.36
        0.04         0.08         0.22         0.26         0.31         0.35         0.45         0.52         0.46
        0.05         0.12         0.22         0.38         0.51         0.53         0.64         0.68         0.68
        0.07         0.18         0.36         0.51         0.62         0.59         0.73         0.72         0.62
        0.11         0.07         0.34         0.69         0.64         0.57         0.70         0.52         0.29
        0.23         0.15         0.35         0.50         0.45         0.59         0.57         0.35         0.25
        0.68         0.40         0.28         0.38         0.51         0.52         0.48         0.30         0.40
        0.67         0.82         0.41         0.31         0.68         0.53         0.56         0.43         0.67
   1036800      9     13
        0.08         0.08         0.21         0.44         0.26         0.16         0.18         0.22         0.13
        0.30         0.14         0.17         0.31         0.33         0.26         0.37         0.26         0.12
        0.61         0.40         0.38         0.39         0.52         0.56         0.69         0.46         0.55
        0.32         0.59         0.75         0.67         0.77         0.61         0.65         0.81         0.88
        0.21         0.38         0.81         1.02         1.10         0.67         0.66         0.79         1.02
        0.16         0.10         0.38         0.75         1.04         0.77         0.74         0.81         0.98
        0.22         0.21         0.14         0.47         0.78         0.64         0.65         0.90         1.07
        0.17         0.20         0.24         0.32         0.49         0.43         0.55         0.92         1.24
        0.26         0.29         0.23         0.32         0.28         0.35         0.52         0.62         0.60
        0.26         0.14         0.15         0.15         0.20         0.29         0.59         0.51         0.58
        0.33         0.24         0.13         0.16         0.31         0.44         0.47         0.29         0.19
        0.31         0.23         0.23         0.45         0.51         0.38         0.29         0.08         0.10
        0.09         0.17         0.28         0.27         0.36         0.14         0.18         0.17         0.11
   1123200      9     13
        0.08         0.11         0.27         0.43         0.44         0.21         0.17         0.17         0.11
        0.12         0.17         0.26         0.34         0.31         0.22         0.25         0.21         0.13
        0.11         0.19         0.28         0.36         0.23         0.23         0.24         0.11         0.21
        0.02         0.07         0.24         0.40         0.33         0.22         0.15         0.23         0.36
        0.01         0.06         0.13         0.30         0.35         0.19         0.09         0.21         0.39
        0.01         0.01         0.01         0.08         0.18         0.10         0.09         0.19         0.25
        0.01         0.01         0.01         0.10         0.13         0.04         0.05         0.11         0.09
        0.02         0.03         0.04         0.04         0.05         0.03         0.01         0.04         0.03
        0.02         0.06         0.07         0.06         0.03         0.01         0.00         0.00         0.00
        0.01         0.03         0.04         0.06         0.02         0.00         0.00         0.00         0.01
        0.00         0.02         0.08         0.08         0.02         0.03         0.01         0.01         0.01
        0.00         0.01         0.08         0.09         0.11         0.07         0.01         0.00         0.01
        0.00         0.01         0.04         0.05         0.15         0.05         0.00         0.00         0.00
   1209600      9     13
        0.45         0.58         0.45         0.23         0.27         0.25         0.25         0.19         0.12
        0.59         0.67         0.52         0.39         0.37         0.29         0.28         0.30         0.31
        0.75         0.83         0.73         0.70         0.64         0.32         0.22         0.19         0.29
        0.42         0.63         0.77         0.79         0.82         0.45         0.38         0.24         0.20
        0.43         0.42         0.46         0.79         0.86         0.51         0.73         0.64         0.47
        0.45         0.31         0.19         0.31         0.49         0.36         0.52         0.62         0.37
        0.25         0.16         0.07         0.12         0.19         0.20         0.23         0.25         0.14
        0.17         0.11         0.07         0.17         0.19         0.17         0.12         0.06         0.04
        0.10         0.08         0.06         0.06         0.04         0.05         0.06         0.02         0.05
        0.03         0.04         0.01         0.02         0.02         0.01         0.03         0.00         0.04
        0.01         0.01         0.00         0.02         0.02         0.02         0.00         0.00         0.00
        0.00         0.00         0.00         0.01         0.01         0.01         0.00         0.00         0.00
        0.00         0.01         0.00         0.00         0.00         0.00         0.00         0.00         0.01
   1296000      9     13
        0.27         0.40         0.38         0.33         0.41         0.41         0.51         0.59         0.51
        0.23         0.38         0.47         0.45         0.29         0.30         0.39         0.78         0.55
        0.42         0.52         0.43         0.41         0.49         0.28         0.24         0.51         0.64
        0.30         0.45         0.51         0.45         0.46         0.36         0.37         0.48         0.42
        0.29         0.29         0.39         0.35         0.37         0.29         0.40         0.34         0.39
        0.28         0.26         0.27         0.20         0.33         0.14         0.27         0.27         0.41
        0.12         0.12         0.09         0.09         0.10         0.07         0.14         0.13         0.17
        0.06         0.04         0.04         0.02         0.04         0.05         0.10         0.08         0.06
        0.02         0.04         0.03         0.01         0.02         0.04         0.05         0.04         0.04
        0.00         0.01         0.07         0.07         0.01         0.03         0.02         0.05         0.07
        0.01         0.01         0.19         0.15         0.03         0.05         0.02         0.03         0.13
        0.01         0.02         0.29         0.40         0.22         0.16         0.05         0.03         0.10
        0.03         0.01         0.24         0.55         0.46         0.17         0.10         0.07         0.13