         0      9     13
        0.06         0.32         0.37         0.18         0.32         0.40         0.14         0.36         0.40
        0.05         0.13         0.30         0.25         0.40         0.39         0.29         0.35         0.42
        0.10         0.17         0.43         0.30         0.77         0.81         0.47         0.25         0.62
        0.27         0.23         0.32         0.22         1.07         1.12         0.73         0.55         0.65
        0.36         0.21         0.42         0.33         0.85         0.90         0.72         0.67         0.81
        0.39         0.33         0.55         0.55         0.93         1.10         0.96         0.84         0.86
        0.48         0.56         0.82         0.87         1.14         1.02         1.00         0.82         0.70
        0.57         0.73         1.14         0.98         0.82         0.85         0.77         0.57         0.48
        0.58         0.76         1.05         0.78         0.52         0.68         0.61         0.58         0.59
        0.87         0.60         0.58         0.60         0.48         0.47         0.45         0.65         0.74
        1.05         0.70         0.50         0.53         0.45         0.44         0.41         0.56         0.57
        0.97         0.90         0.62         0.54         0.52         0.46         0.35         0.35         0.44
        0.60         0.71         0.57         0.51         0.60         0.51         0.32         0.37         0.49
     86400      9     13
        0.35         0.48         0.77         0.54         0.53         0.35         0.19         0.35         0.48
        0.29         0.30         0.32         0.31         0.50         0.52         0.22         0.26         0.28
        0.16         0.09         0.08         0.14         0.28         0.31         0.10         0.17         0.27
        0.10         0.04         0.09         0.17         0.19         0.13         0.17         0.35         0.41
        0.12         0.11         0.25         0.20         0.17         0.10         0.14         0.25         0.25
        0.28         0.27         0.35         0.22         0.11         0.11         0.21         0.18         0.15
        0.48         0.34         0.31         0.14         0.10         0.21         0.21         0.15         0.17
        0.55         0.27         0.33         0.16         0.17         0.26         0.21         0.17         0.19
        0.60         0.30         0.37         0.36         0.32         0.30         0.19         0.16         0.19
        0.33         0.26         0.29         0.47         0.45         0.33         0.30         0.26         0.15
        0.34         0.20         0.30         0.39         0.39         0.51         0.55         0.29         0.11
        0.47         0.39         0.43         0.35         0.37         0.59         0.45         0.27         0.14
        0.41         0.41         0.45         0.41         0.38         0.38         0.37         0.26         0.19
    172800      9     13
        0.29         0.40         0.48         0.41         0.28         0.30         0.24         0.13         0.09
        0.35         0.47         0.49         0.36         0.37         0.39         0.17         0.11         0.12
        0.38         0.46         0.44         0.27         0.33         0.30         0.04         0.05         0.24
        0.40         0.50         0.37         0.22         0.32         0.16         0.03         0.12         0.26
        0.40         0.46         0.30         0.20         0.35         0.09         0.07         0.15         0.26
        0.36         0.34         0.22         0.14         0.25         0.09         0.06         0.16         0.24
        0.32         0.34         0.19         0.10         0.07         0.06         0.09         0.12         0.11
        0.39         0.36         0.26         0.19         0.09         0.11         0.09         0.12         0.13
        0.67         0.42         0.25         0.33         0.21         0.14         0.12         0.18         0.16
        0.90         0.42         0.22         0.28         0.27         0.26         0.23         0.24         0.16
        0.90         0.44         0.24         0.23         0.22         0.22         0.28         0.25         0.17
        0.68         0.38         0.23         0.20         0.19         0.15         0.21         0.20         0.09
        0.53         0.24         0.17         0.19         0.19         0.10         0.28         0.28         0.10
    259200      9     13
        0.12         0.14         0.08         0.06         0.05         0.02         0.08         0.23         0.16
        0.07         0.07         0.18         0.12         0.12         0.12         0.24         0.33         0.30
        0.06         0.17         0.33         0.23         0.22         0.37         0.39         0.23         0.51
        0.18         0.23         0.22         0.24         0.39         0.40         0.29         0.33         0.54
        0.20         0.13         0.22         0.22         0.37         0.43         0.33         0.33         0.54
        0.15         0.15         0.19         0.15         0.28         0.54         0.52         0.20         0.27
        0.26         0.23         0.24         0.23         0.41         0.47         0.30         0.09         0.44
        0.49         0.29         0.27         0.29         0.38         0.39         0.24         0.26         0.69
        0.42         0.32         0.27         0.33         0.49         0.53         0.36         0.27         0.41
        0.40         0.41         0.36         0.48         0.66         0.61         0.43         0.38         0.27
        0.47         0.45         0.41         0.44         0.55         0.60         0.63         0.49         0.19
        0.36         0.37         0.54         0.56         0.67         0.74         0.57         0.44         0.18
        0.15         0.26         0.36         0.46         0.89         0.77         0.62         0.78         0.35
    345600      9     13
        0.28         0.18         0.27         0.33         0.26         0.12         0.14         0.27         0.18
        0.26         0.23         0.26         0.41         0.32         0.30         0.38         0.37         0.25
        0.19         0.30         0.36         0.43         0.28         0.29         0.47         0.25         0.33
        0.31         0.32         0.36         0.39         0.36         0.30         0.43         0.35         0.47
        0.18         0.24         0.25         0.24         0.28         0.24         0.33         0.45         0.56
        0.31         0.38         0.30         0.38         0.33         0.30         0.33         0.32         0.47
        0.36         0.38         0.29         0.38         0.35         0.27         0.19         0.13         0.27
        0.16         0.28         0.30         0.24         0.19         0.09         0.08         0.09         0.16
        0.09         0.12         0.17         0.13         0.08         0.05         0.05         0.03         0.06
        0.04         0.15         0.17         0.13         0.06         0.02         0.05         0.06         0.04
        0.01         0.11         0.11         0.10         0.05         0.02         0.05         0.05         0.01
        0.03         0.15         0.11         0.16         0.08         0.09         0.06         0.02         0.01
        0.16         0.26         0.24         0.42         0.37         0.27         0.09         0.01         0.02
    432000      9     13
        0.24         0.29         0.34         0.27         0.28         0.21         0.26         0.53         0.65
        0.14         0.13         0.21         0.34         0.21         0.38         0.74         0.98         1.01
        0.35         0.26         0.27         0.28         0.26         0.60         0.90         0.64         0.99
        0.39         0.28         0.38         0.34         0.27         0.42         0.53         0.47         0.60
        0.58         0.35         0.21         0.12         0.22         0.26         0.31         0.27         0.23
        0.48         0.30         0.23         0.06         0.26         0.16         0.11         0.08         0.10
        0.07         0.06         0.21         0.13         0.24         0.22         0.09         0.08         0.09
        0.01         0.08         0.22         0.20         0.16         0.46         0.22         0.17         0.37
        0.03         0.07         0.10         0.06         0.13         0.52         0.31         0.19         0.49
        0.05         0.12         0.20         0.16         0.04         0.11         0.41         0.43         0.69
        0.04         0.11         0.27         0.41         0.09         0.03         0.26         0.41         0.60
        0.11         0.17         0.29         0.53         0.37         0.23         0.10         0.07         0.21
        0.24         0.26         0.19         0.46         0.75         0.31         0.06         0.14         0.16
    518400      9     13
        0.63         0.44         0.45         0.28         0.28         0.29         0.25         0.10         0.10
        0.55         0.39         0.56         0.31         0.56         0.65         0.47         0.38         0.35
        0.87         0.64         0.55         0.30         0.53         0.81         0.53         0.52         0.47
        0.98         0.68         0.68         0.67         0.76         0.91         0.85         0.60         0.47
        0.71         0.58         0.90         0.90         0.93         0.92         0.86         0.64         0.67
        0.61         0.71         1.05         0.86         0.93         0.87         0.91         0.92         0.92
        0.51         0.71         1.00         0.93         1.31         1.18         1.19         1.16         1.09
        0.30         0.71         0.87         1.17         1.54         1.68         1.33         1.11         0.93
        0.26         0.61         0.76         0.98         1.28         1.55         1.33         1.25         1.21
        0.38         0.74         0.87         0.89         0.95         1.15         1.14         1.28         1.16
        0.63         1.01         1.00         0.89         1.01         0.84         0.95         0.93         0.76
        0.76         0.96         0.88         0.87         1.06         0.61         0.59         0.71         0.48
        0.83         0.80         0.79         0.86         1.10         0.46         0.45         0.64         0.34
    604800      9     13
        0.55         0.30         0.69         0.77         0.70         0.76         0.72         0.59         0.49
        0.39         0.17         0.47         0.47         0.52         0.84         0.87         0.83         0.66
        0.33         0.17         0.33         0.27         0.33         0.66         0.80         0.75         0.78
        0.26         0.19         0.37         0.40         0.33         0.47         0.72         0.85         0.80
        0.39         0.33         0.47         0.53         0.52         0.68         0.77         0.93         1.08
        0.45         0.50         0.65         0.63         0.90         1.06         0.98         1.24         1.45
        0.39         0.55         0.73         0.69         0.97         0.89         1.13         1.44         1.57
        0.39         0.57         0.45         0.42         0.63         0.93         1.21         1.35         1.51
        0.33         0.34         0.39         0.46         0.53         1.03         1.14         1.32         1.42
        0.38         0.38         0.40         0.44         0.45         0.69         1.05         1.21         1.20
        0.21         0.29         0.28         0.32         0.42         0.57         0.93         0.99         0.57
        0.27         0.28         0.45         0.57         0.70         0.67         0.43         0.39         0.32
        0.19         0.18         0.35         0.49         0.83         0.53         0.30         0.26         0.26
    691200      9     13
        0.33         0.15         0.58         0.66         0.53         0.56         0.68         0.51         0.58
        0.27         0.03         0.23         0.40         0.23         0.59         0.63         0.54         0.61
        0.36         0.19         0.18         0.19         0.06         0.48         0.56         0.26         0.58
        0.15         0.35         0.29         0.44         0.31         0.53         0.67         0.36         0.61
        0.12         0.17         0.33         0.53         0.50         0.60         0.67         0.65         0.76
        0.33         0.20         0.51         0.52         0.66         0.90         0.86         0.84         1.03
        0.29         0.29         0.66         0.75         0.97         1.12         1.01         1.01         0.99
        0.20         0.44         0.64         0.46         0.70         1.08         1.21         0.95         0.67
        0.30         0.35         0.34         0.45         0.53         0.72         1.00         0.74         0.91
        0.40         0.36         0.54         0.55         0.47         0.43         0.51         0.68         0.93
        0.43         0.88         1.38         0.52         0.33         0.25         0.36         0.61         0.60
        0.49         1.44         1.12         0.43         0.44         0.35         0.18         0.24         0.19
        0.44         0.54         0.37         0.37         0.65         0.51         0.23         0.22         0.12
    777600      9     13
        1.09         0.87         1.80         2.08         1.26         0.92         0.93         1.07         1.23
        0.99         0.63         1.03         1.35         0.73         0.73         0.98         1.27         1.26
        0.64         0.48         0.57         0.46         0.24         0.60         0.99         0.99         1.17
        0.42         0.29         0.48         0.68         0.41         0.46         0.66         0.68         0.92
        0.35         0.26         0.37         0.47         0.46         0.30         0.45         0.83         1.01
        0.39         0.27         0.30         0.34         0.39         0.35         0.51         0.54         0.64
        0.23         0.18         0.21         0.23         0.30         0.28         0.31         0.24         0.40
        0.10         0.14         0.22         0.13         0.16         0.13         0.19         0.25         0.42
        0.04         0.10         0.08         0.08         0.08         0.10         0.22         0.31         0.49
        0.02         0.03         0.04         0.08         0.11         0.14         0.19         0.22         0.17
        0.00         0.03         0.12         0.17         0.18         0.09         0.06         0.16         0.14
        0.01         0.06         0.18         0.22         0.15         0.08         0.09         0.02         0.06
        0.02         0.07         0.13         0.13         0.17         0.28         0.24         0.08         0.09
    864000      9     13
        0.43         0.39         0.50         0.64         0.95         0.99         0.65         0.67         0.75
        0.31         0.30         0.43         0.44         0.61         0.84         0.51         0.67         0.92
        0.19         0.15         0.20         0.23         0.23         0.28         0.31         0.29         0.30
        0.17         0.18         0.16         0.24         0.28         0.33         0.36         0.38         0.52
        0.24         0.18         0.16         0.22         0.21         0.17         0.27         0.48         0.96
        0.24         0.18         0.23         0.22         0.16         0.12         0.16         0.45         0.88
        0.21         0.25         0.32         0.23         0.13         0.15         0.18         0.27         0.40
        0.17         0.20         0.19         0.12         0.06         0.08         0.12         0.15         0.15
        0.11         0.12         0.08         0.08         0.06         0.08         0.13         0.16         0.15
        0.06         0.06         0.13         0.21         0.19         0.18         0.18         0.21         0.20
        0.05         0.17         0.31         0.37         0.31         0.28         0.20         0.33         0.19
        0.11         0.30         0.44         0.49         0.40         0.38         0.23         0.23         0.18
        0.13         0.32         0.54         0.56         0.53         0.43         0.22         0.14         0.10
    950400      9     13
        0.57         0.44         0.58         0.59         0.43         0.37         0.57         0.65         0.57
        0.46         0.31         0.40         0.39         0.26         0.34         0.56         0.42         0.55
        0.30         0.29         0.43         0.40         0.26         0.39         0.58         0.34         0.48
        0.30         0.21         0.42         0.51         0.47         0.37         0.45         0.47         0.48
        0.27         0.24         0.34         0.52         0.55         0.40         0.34         0.42         0.52
        0.26         0.21         0.27         0.33         0.37         0.36         0.30         0.26         0.39
        0.16         0.17         0.23         0.19         0.15         0.14         0.16         0.11         0.21
        0.13         0.17         0.23         0.17         0.17         0.07         0.09         0.15         0.26
        0.17         0.25         0.25         0.24         0.16         0.05         0.12         0.31         0.38
        0.25         0.31         0.25         0.23         0.20         0.12         0.13         0.27         0.40
        0.14         0.22         0.29         0.28         0.21         0.14         0.09         0.17         0.18
        0.09         0.18         0.35         0.34         0.26         0.32         0.17         0.07         0.06
        0.07         0.16         0.26         0.21         0.36         0.42         0.19         0.08         0.02
   1036800      9     13
        0.24         0.19         0.35         0.26         0.13         0.11         0.21         0.22         0.14
        0.25         0.21         0.30         0.28         0.12         0.20         0.22         0.15         0.18
        0.16         0.13         0.24         0.25         0.11         0.08         0.14         0.27         0.37
        0.10         0.10         0.26         0.31         0.23         0.13         0.25         0.48         0.45
        0.13         0.09         0.22         0.28         0.33         0.27         0.41         0.50         0.50
        0.06         0.06         0.15         0.16         0.13         0.26         0.33         0.25         0.24
        0.04         0.05         0.10         0.08         0.06         0.08         0.06         0.04         0.10
        0.03         0.03         0.05         0.02         0.02         0.01         0.01         0.03         0.09
        0.08         0.06         0.03         0.02         0.02         0.01         0.01         0.02         0.05
        0.18         0.11         0.06         0.06         0.06         0.03         0.01         0.01         0.02
        0.20         0.11         0.10         0.08         0.07         0.02         0.03         0.04         0.03
        0.38         0.17         0.15         0.14         0.11         0.08         0.10         0.09         0.05
        0.33         0.14         0.13         0.14         0.25         0.23         0.14         0.05         0.05
   1123200      9     13
        0.14         0.15         0.32         0.33         0.27         0.23         0.27         0.19         0.11
        0.45         0.51         0.56         0.32         0.22         0.35         0.34         0.19         0.15
        0.79         0.52         0.45         0.29         0.24         0.35         0.25         0.10         0.16
        0.63         0.42         0.43         0.38         0.41         0.37         0.24         0.14         0.23
        0.53         0.47         0.58         0.55         0.46         0.39         0.26         0.14         0.29
        0.85         0.74         0.71         0.48         0.33         0.39         0.28         0.18         0.21
        1.15         0.73         0.50         0.33         0.27         0.26         0.21         0.21         0.21
        1.49         0.80         0.52         0.30         0.18         0.19         0.18         0.17         0.17
        2.01         1.06         0.50         0.25         0.18         0.18         0.10         0.06         0.03
        1.97         0.88         0.38         0.23         0.20         0.18         0.07         0.02         0.01
        0.96         0.65         0.46         0.33         0.23         0.15         0.08         0.06         0.08
        0.71         0.40         0.27         0.25         0.23         0.23         0.19         0.13         0.13
        0.58         0.22         0.14         0.15         0.36         0.31         0.25         0.20         0.10
   1209600      9     13
        0.38         0.54         0.49         0.17         0.07         0.12         0.10         0.02         0.01
        0.48         0.49         0.37         0.09         0.07         0.15         0.08         0.04         0.06
        0.28         0.26         0.33         0.23         0.20         0.22         0.16         0.12         0.18
        0.23         0.23         0.36         0.28         0.21         0.33         0.28         0.23         0.13
        0.25         0.31         0.33         0.28         0.37         0.41         0.28         0.19         0.18
        0.35         0.32         0.30         0.29         0.30         0.27         0.21         0.13         0.13
        0.26         0.24         0.24         0.12         0.14         0.15         0.10         0.08         0.08
        0.09         0.12         0.17         0.09         0.11         0.13         0.11         0.15         0.15
        0.06         0.19         0.21         0.14         0.10         0.11         0.15         0.14         0.15
        0.15         0.20         0.18         0.15         0.15         0.16         0.15         0.16         0.21
        0.14         0.14         0.25         0.30         0.28         0.25         0.15         0.18         0.14
        0.42         0.57         0.77         0.76         0.59         0.49         0.38         0.23         0.09
        1.48         1.33         1.14         0.87         0.77         0.79         0.61         0.41         0.20
   1296000      9     13
        0.48         0.14         0.21         0.30         0.27         0.20         0.23         0.17         0.15
        0.39         0.12         0.18         0.30         0.11         0.06         0.15         0.17         0.18
        0.21         0.15         0.12         0.17         0.04         0.12         0.23         0.21         0.34
        0.22         0.22         0.15         0.12         0.10         0.07         0.14         0.27         0.46
        0.13         0.11         0.13         0.09         0.08         0.02         0.02         0.23         0.41
        0.07         0.04         0.06         0.05         0.06         0.02         0.02         0.08         0.14
        0.11         0.07         0.05         0.07         0.06         0.03         0.02         0.03         0.05
        0.10         0.09         0.19         0.14         0.09         0.03         0.01         0.03         0.11
        0.07         0.17         0.20         0.21         0.09         0.07         0.06         0.05         0.15
        0.10         0.11         0.15         0.24         0.21         0.14         0.08         0.09         0.13
        0.05         0.05         0.08         0.16         0.15         0.12         0.04         0.07         0.14
        0.04         0.10         0.16         0.15         0.14         0.16         0.07         0.08         0.09
        0.04         0.09         0.18         0.18         0.18         0.11         0.05         0.02         0.03