         0      9     13
        0.19         0.06         0.17         0.42         0.23         0.11         0.14         0.31         0.15
        0.14         0.02         0.04         0.08         0.01         0.02         0.19         0.23         0.06
        0.06         0.04         0.02         0.05         0.01         0.07         0.26         0.06         0.20
        0.04         0.03         0.04         0.07         0.07         0.04         0.03         0.04         0.38
        0.09         0.07         0.08         0.12         0.12         0.04         0.00         0.06         0.23
        0.11         0.10         0.11         0.09         0.07         0.02         0.00         0.05         0.05
        0.09         0.09         0.03         0.05         0.04         0.02         0.00         0.00         0.01
        0.07         0.07         0.06         0.02         0.01         0.00         0.00         0.00         0.00
        0.07         0.05         0.03         0.01         0.01         0.00         0.00         0.01         0.01
        0.05         0.10         0.03         0.01         0.01         0.00         0.00         0.01         0.02
        0.01         0.05         0.02         0.02         0.01         0.00         0.00         0.00         0.00
        0.00         0.02         0.03         0.02         0.01         0.00         0.00         0.00         0.00
        0.06         0.07         0.03         0.10         0.07         0.06         0.04         0.00         0.00
     86400      9     13
        0.21         0.12         0.14         0.07         0.09         0.06         0.05         0.08         0.03
        0.18         0.15         0.27         0.23         0.09         0.04         0.07         0.05         0.01
        0.14         0.11         0.15         0.21         0.14         0.17         0.21         0.05         0.10
        0.06         0.13         0.14         0.26         0.24         0.15         0.17         0.08         0.20
        0.14         0.15         0.20         0.31         0.29         0.07         0.04         0.09         0.14
        0.08         0.06         0.11         0.20         0.15         0.02         0.02         0.06         0.09
        0.09         0.09         0.03         0.07         0.03         0.00         0.00         0.00         0.00
        0.08         0.08         0.05         0.04         0.01         0.00         0.00         0.00         0.00
        0.13         0.10         0.03         0.03         0.00         0.00         0.00         0.00         0.01
        0.02         0.02         0.01         0.00         0.00         0.00         0.00         0.01         0.03
        0.00         0.00         0.02         0.02         0.01         0.00         0.00         0.00         0.00
        0.00         0.00         0.06         0.04         0.03         0.01         0.01         0.00         0.00
        0.08         0.09         0.09         0.08         0.06         0.00         0.03         0.01         0.00
    172800      9     13
        0.27         0.13         0.20         0.17         0.12         0.05         0.04         0.15         0.20
        0.18         0.04         0.07         0.15         0.03         0.06         0.22         0.22         0.23
        0.21         0.13         0.09         0.16         0.05         0.25         0.34         0.25         0.39
        0.21         0.33         0.22         0.25         0.12         0.20         0.20         0.19         0.45
        0.25         0.56         0.47         0.61         0.18         0.09         0.15         0.38         0.53
        0.20         0.22         0.28         0.48         0.24         0.14         0.21         0.50         0.60
        0.19         0.21         0.10         0.21         0.20         0.12         0.10         0.19         0.34
        0.20         0.15         0.26         0.30         0.17         0.14         0.06         0.03         0.08
        0.10         0.16         0.29         0.25         0.17         0.21         0.10         0.10         0.10
        0.05         0.02         0.03         0.04         0.05         0.21         0.13         0.10         0.04
        0.02         0.01         0.02         0.03         0.03         0.03         0.04         0.08         0.14
        0.00         0.02         0.04         0.02         0.03         0.05         0.08         0.05         0.05
        0.09         0.08         0.03         0.02         0.09         0.18         0.16         0.15         0.01
    259200      9     13
        0.40         0.34         0.37         0.34         0.41         0.80         1.11         0.70         0.28
        0.39         0.36         0.65         0.68         0.47         0.82         1.02         0.53         0.40
        0.43         0.42         0.61         0.41         0.22         0.72         0.71         0.39         0.37
        0.49         0.49         0.55         0.32         0.06         0.29         0.41         0.39         0.46
        0.50         0.27         0.33         0.17         0.02         0.16         0.33         0.47         0.71
        0.15         0.05         0.05         0.04         0.00         0.03         0.07         0.22         0.81
        0.06         0.01         0.00         0.00         0.00         0.00         0.00         0.03         0.34
        0.03         0.01         0.00         0.00         0.00         0.01         0.04         0.08         0.09
        0.11         0.09         0.06         0.05         0.10         0.27         0.32         0.20         0.40
        0.32         0.22         0.21         0.17         0.32         0.65         0.32         0.30         0.33
        0.31         0.24         0.31         0.35         0.35         0.46         0.47         0.43         0.53
        0.11         0.10         0.25         0.53         0.48         0.40         0.49         0.35         0.34
        0.01         0.05         0.19         0.65         0.49         0.63         0.61         0.60         0.32
    345600      9     13
        0.97         0.52         0.42         0.40         0.36         0.23         0.19         0.32         0.37
        0.68         0.33         0.44         0.36         0.23         0.32         0.32         0.36         0.43
        0.32         0.18         0.42         0.65         0.62         0.77         0.69         0.69         0.95
        0.18         0.38         0.47         0.79         1.03         1.10         0.60         0.85         1.54
        0.29         0.49         0.61         0.69         0.79         0.91         0.48         0.74         1.38
        0.46         0.30         0.45         0.43         0.63         0.93         0.57         0.68         0.99
        0.26         0.33         0.33         0.29         0.54         1.01         0.63         0.70         0.89
        0.20         0.28         0.35         0.42         0.39         0.44         0.36         0.26         0.38
        0.27         0.33         0.29         0.24         0.30         0.26         0.36         0.41         0.98
        0.43         0.22         0.15         0.27         0.43         0.49         0.51         0.79         1.12
        0.32         0.23         0.39         0.51         0.50         0.42         0.47         0.60         0.73
        0.21         0.43         0.73         0.80         0.69         0.52         0.50         0.47         0.55
        0.34         0.89         1.12         1.07         1.06         0.72         0.66         0.75         0.86
    432000      9     13
        0.39         0.51         0.60         0.64         0.99         0.69         0.68         0.56         0.23
        0.43         0.35         0.70         0.62         0.44         0.46         0.76         0.36         0.26
        0.51         0.50         0.70         0.49         0.49         1.05         0.90         0.43         0.52
        0.43         0.35         0.37         0.43         0.45         0.80         0.63         0.61         0.85
        0.12         0.16         0.25         0.33         0.25         0.45         0.60         0.77         0.72
        0.03         0.13         0.24         0.26         0.20         0.21         0.35         0.47         0.58
        0.03         0.07         0.13         0.21         0.19         0.16         0.19         0.23         0.36
        0.04         0.06         0.08         0.16         0.17         0.18         0.10         0.09         0.16
        0.01         0.02         0.03         0.04         0.04         0.05         0.01         0.01         0.03
        0.03         0.05         0.04         0.04         0.06         0.10         0.08         0.04         0.02
        0.02         0.04         0.06         0.09         0.10         0.17         0.12         0.04         0.06
        0.02         0.04         0.06         0.05         0.04         0.08         0.08         0.03         0.00
        0.01         0.02         0.06         0.08         0.07         0.13         0.13         0.02         0.01
    518400      9     13
        0.48         0.37         0.55         0.59         0.70         0.60         0.69         0.62         0.48
        0.58         0.55         0.56         0.47         0.42         0.38         0.64         0.48         0.42
        0.26         0.20         0.40         0.34         0.37         0.59         0.65         0.51         0.82
        0.29         0.10         0.21         0.38         0.35         0.57         0.67         0.45         1.09
        0.28         0.08         0.15         0.43         0.35         0.47         0.48         0.42         1.11
        0.24         0.07         0.12         0.31         0.28         0.38         0.40         0.34         0.62
        0.16         0.10         0.22         0.31         0.21         0.25         0.26         0.13         0.15
        0.22         0.12         0.18         0.22         0.14         0.14         0.12         0.06         0.08
        0.22         0.12         0.13         0.13         0.14         0.11         0.12         0.08         0.09
        0.23         0.12         0.10         0.13         0.16         0.15         0.14         0.24         0.21
        0.12         0.17         0.11         0.13         0.14         0.09         0.10         0.14         0.15
        0.39         0.37         0.20         0.13         0.08         0.08         0.05         0.03         0.05
        0.83         0.50         0.32         0.26         0.23         0.10         0.04         0.07         0.05
    604800      9     13
        2.24         3.68         5.95         5.69         5.63         4.62         3.96         3.26         4.57
        2.47         2.88         3.84         3.71         2.48         3.27         4.83         5.18         4.19
        1.61         1.88         2.36         2.07         1.77         2.00         2.25         2.09         2.76
        0.94         1.21         1.70         1.81         1.46         1.65         1.44         1.79         3.02
        0.84         0.95         1.17         0.97         0.71         1.11         1.57         1.88         3.37
        0.62         0.63         0.53         0.39         0.37         0.71         1.42         1.82         2.76
        0.77         0.60         0.47         0.30         0.43         0.77         1.15         1.27         1.32
        0.81         0.77         0.70         0.47         0.44         0.50         0.58         0.72         1.00
        0.66         0.76         0.76         0.53         0.42         0.38         0.39         0.58         1.03
        0.49         0.70         0.65         0.50         0.52         0.53         0.42         0.43         0.62
        0.25         0.54         0.66         0.69         0.82         0.86         0.56         0.31         0.49
        0.40         0.66         0.84         1.14         1.41         1.42         0.84         0.37         0.49
        0.74         0.99         1.15         1.16         1.54         1.33         0.76         0.39         0.34
    691200      9     13
        0.61         0.73         1.19         0.74         0.34         0.37         0.30         0.34         0.41
        0.51         0.63         1.19         0.87         0.46         0.59         0.45         0.27         0.38
        0.77         0.80         1.22         1.23         0.59         0.75         0.50         0.26         0.36
        0.80         0.77         0.85         1.10         0.66         0.61         0.50         0.30         0.31
        0.67         0.67         0.49         0.44         0.48         0.63         0.54         0.35         0.34
        0.47         0.46         0.38         0.37         0.48         0.62         0.52         0.39         0.44
        0.34         0.35         0.39         0.39         0.41         0.40         0.37         0.41         0.69
        0.49         0.51         0.72         0.55         0.44         0.40         0.45         0.66         0.73
        0.86         0.97         0.90         0.64         0.50         0.46         0.53         0.59         0.69
        0.96         0.93         0.81         0.72         0.82         0.72         0.45         0.43         0.55
        1.70         1.13         0.95         0.97         0.94         0.61         0.39         0.32         0.24
        0.97         0.73         0.68         0.56         0.47         0.42         0.27         0.14         0.17
        0.80         0.61         0.51         0.39         0.49         0.49         0.28         0.21         0.15
    777600      9     13
        0.37         0.34         0.43         0.45         0.42         0.34         0.24         0.14         0.08
        0.32         0.24         0.40         0.34         0.23         0.30         0.18         0.11         0.14
        0.16         0.11         0.25         0.32         0.22         0.22         0.17         0.08         0.20
        0.08         0.14         0.31         0.39         0.42         0.30         0.15         0.13         0.24
        0.12         0.12         0.28         0.26         0.21         0.19         0.20         0.20         0.31
        0.26         0.18         0.07         0.10         0.19         0.29         0.27         0.18         0.26
        0.19         0.21         0.24         0.26         0.35         0.31         0.24         0.30         0.28
        0.09         0.11         0.20         0.09         0.20         0.19         0.18         0.25         0.21
        0.08         0.10         0.08         0.07         0.11         0.10         0.19         0.20         0.19
        0.16         0.14         0.08         0.08         0.15         0.11         0.13         0.23         0.31
        0.16         0.18         0.18         0.17         0.13         0.10         0.08         0.23         0.41
        0.11         0.14         0.21         0.24         0.15         0.18         0.26         0.50         0.58
        0.09         0.08         0.19         0.26         0.29         0.32         0.33         0.57         0.28
    864000      9     13
        0.22         0.37         0.76         0.84         0.58         0.44         0.63         1.05         1.70
        0.60         0.91         1.04         0.96         0.59         0.54         0.77         1.04         1.38
        0.92         1.81         2.63         1.84         1.18         1.11         1.02         1.12         1.90
        1.15         1.81         2.26         1.99         2.36         1.54         0.85         1.22         2.54
        0.72         1.31         1.62         1.44         1.59         1.26         0.67         0.85         1.98
        0.46         0.80         1.35         1.21         0.86         0.79         0.52         0.56         1.44
        0.39         0.44         0.59         0.62         0.57         0.74         0.59         0.68         1.26
        0.47         0.35         0.44         0.36         0.32         0.29         0.43         0.71         1.10
        0.36         0.48         0.64         0.58         0.61         0.47         0.56         0.82         1.09
        0.61         0.78         0.85         0.54         0.65         0.58         0.51         0.40         0.66
        0.51         0.57         0.50         0.35         0.30         0.16         0.13         0.12         0.28
        0.21         0.15         0.17         0.30         0.20         0.11         0.23         0.26         0.66
        0.17         0.16         0.14         0.24         0.19         0.31         0.56         0.58         0.32
    950400      9     13
        0.15         0.32         0.93         1.08         1.43         1.66         2.21         4.32         5.62
        0.26         0.54         0.72         1.25         2.84         2.30         2.81         3.53         3.72
        0.69         1.34         2.10         2.79         3.46         2.69         3.41         2.88         1.89
        1.03         1.46         2.77         3.45         3.12         2.90         2.68         2.12         1.90
        1.11         1.70         2.55         2.45         2.14         2.11         1.74         1.64         1.68
        0.94         1.61         2.02         1.79         1.26         1.10         1.09         0.98         0.67
        0.76         0.98         1.03         0.87         0.51         0.57         0.46         0.32         0.26
        0.89         0.64         0.68         0.49         0.38         0.32         0.18         0.13         0.17
        0.63         0.57         0.86         0.81         0.67         0.56         0.38         0.21         0.24
        0.74         0.77         0.86         1.05         1.12         0.94         0.52         0.48         0.52
        0.36         0.63         0.75         0.79         0.68         0.30         0.11         0.13         0.17
        0.09         0.12         0.18         0.26         0.23         0.12         0.08         0.07         0.09
        0.16         0.09         0.07         0.08         0.25         0.39         0.13         0.11         0.16
   1036800      9     13
        0.42         0.38         0.39         0.45         0.41         0.42         0.26         0.19         0.24
        0.34         0.27         0.38         0.45         0.31         0.28         0.21         0.14         0.12
        0.22         0.26         0.50         0.61         0.50         0.58         0.35         0.19         0.20
        0.20         0.27         0.45         0.51         0.41         0.30         0.20         0.19         0.20
        0.25         0.31         0.38         0.26         0.15         0.09         0.12         0.11         0.16
        0.20         0.15         0.25         0.31         0.29         0.21         0.25         0.15         0.24
        0.06         0.07         0.16         0.24         0.26         0.24         0.27         0.17         0.22
        0.03         0.02         0.06         0.05         0.06         0.04         0.09         0.10         0.11
        0.03         0.02         0.02         0.03         0.05         0.08         0.15         0.14         0.11
        0.05         0.02         0.02         0.05         0.15         0.14         0.07         0.10         0.18
        0.04         0.10         0.18         0.24         0.24         0.19         0.19         0.30         0.29
        0.17         0.31         0.38         0.36         0.25         0.30         0.21         0.18         0.21
        0.29         0.36         0.30         0.22         0.33         0.41         0.20         0.15         0.20
   1123200      9     13
        2.87         1.92         1.71         2.35         1.13         0.60         0.72         1.33         1.64
        1.47         1.35         1.97         1.54         0.59         0.69         0.96         0.63         0.41
        1.02         1.05         1.11         0.82         0.42         0.72         0.85         0.45         0.46
        0.35         0.52         0.73         1.02         0.69         0.69         0.72         0.70         0.67
        0.28         0.33         0.56         0.69         0.60         0.61         0.54         0.54         0.64
        0.19         0.11         0.26         0.33         0.38         0.36         0.30         0.23         0.27
        0.06         0.03         0.08         0.08         0.12         0.19         0.14         0.12         0.13
        0.03         0.04         0.10         0.03         0.08         0.09         0.06         0.09         0.12
        0.03         0.02         0.05         0.03         0.05         0.06         0.06         0.05         0.03
        0.04         0.06         0.03         0.02         0.03         0.07         0.04         0.01         0.02
        0.02         0.04         0.04         0.04         0.04         0.03         0.01         0.08         0.29
        0.09         0.20         0.17         0.09         0.04         0.02         0.03         0.23         0.54
        0.15         0.17         0.13         0.09         0.12         0.27         0.15         0.21         0.58
   1209600      9     13
        0.39         0.18         0.50         0.91         0.90         0.30         0.43         0.41         0.59
        0.28         0.28         0.62         0.62         0.68         0.47         0.65         0.53         0.45
        0.29         0.47         0.51         0.36         0.52         0.79         0.85         0.58         0.50
        0.53         0.51         0.44         0.70         0.80         1.04         0.75         0.41         0.54
        0.67         0.61         0.55         0.78         0.79         0.66         0.32         0.14         0.18
        0.40         0.50         0.56         0.78         0.57         0.42         0.24         0.15         0.14
        0.48         0.57         0.69         0.79         0.42         0.41         0.33         0.18         0.07
        0.45         0.67         0.65         0.57         0.57         0.43         0.20         0.07         0.06
        0.64         0.74         0.67         0.61         0.56         0.40         0.18         0.14         0.22
        0.80         0.85         0.70         0.64         0.64         0.59         0.43         0.42         0.49
        0.85         0.93         0.85         0.68         0.74         0.60         0.25         0.29         0.38
        1.58         1.27         1.05         0.73         0.48         0.26         0.13         0.15         0.39
        1.83         1.13         0.93         0.92         0.98         0.70         0.29         0.23         0.19
   1296000      9     13
        0.69         0.62         0.74         0.75         0.56         0.31         0.28         0.29         0.46
        0.42         0.42         0.57         0.64         0.53         0.54         0.41         0.41         0.38
        0.30         0.49         0.76         0.57         0.26         0.53         0.81         0.51         0.21
        0.19         0.39         0.85         0.81         0.76         1.31         1.27         0.57         0.32
        0.28         0.28         0.44         0.50         0.76         0.83         0.50         0.20         0.18
        0.32         0.29         0.35         0.37         0.37         0.39         0.31         0.27         0.23
        0.19         0.20         0.24         0.23         0.24         0.26         0.22         0.28         0.33
        0.25         0.17         0.25         0.26         0.28         0.28         0.22         0.22         0.19
        0.61         0.34         0.22         0.17         0.15         0.16         0.14         0.21         0.26
        0.58         0.43         0.22         0.18         0.19         0.31         0.30         0.33         0.43
        0.62         0.47         0.24         0.16         0.17         0.43         0.41         0.18         0.28
        0.60         0.51         0.26         0.16         0.19         0.29         0.30         0.14         0.21
        0.71         0.43         0.20         0.13         0.27         0.21         0.11         0.07         0.14