         0      9     13
        0.27         0.16         0.24         0.22         0.13         0.18         0.12         0.10         0.05
        0.41         0.20         0.28         0.31         0.14         0.16         0.25         0.04         0.02
        0.49         0.43         0.24         0.24         0.13         0.21         0.29         0.05         0.04
        0.45         0.48         0.31         0.16         0.13         0.16         0.17         0.07         0.13
        0.77         0.71         0.50         0.30         0.11         0.22         0.15         0.19         0.19
        0.79         0.76         0.63         0.46         0.28         0.44         0.43         0.49         0.46
        0.87         0.88         0.88         0.67         0.72         0.74         0.68         0.59         0.53
        0.68         0.85         0.86         0.64         0.79         0.67         0.68         0.72         0.71
        0.47         0.84         0.65         0.66         0.93         1.31         1.04         0.90         0.90
        0.40         0.35         0.36         0.60         1.10         1.81         1.13         0.75         0.92
        0.34         0.31         0.38         0.58         0.57         0.78         0.65         0.60         0.75
        0.56         0.60         0.49         0.46         0.59         0.76         0.68         0.55         0.69
        0.86         0.80         0.52         0.63         0.74         0.62         0.55         0.69         0.75
     86400      9     13
        0.50         0.45         0.23         0.11         0.20         0.23         0.20         0.08         0.02
        0.61         0.56         0.24         0.15         0.13         0.06         0.04         0.04         0.02
        0.57         0.67         0.30         0.11         0.08         0.05         0.08         0.03         0.04
        0.53         0.75         0.56         0.19         0.12         0.06         0.07         0.01         0.02
        0.59         0.60         0.58         0.39         0.25         0.11         0.02         0.01         0.03
        0.43         0.49         0.52         0.46         0.46         0.24         0.03         0.01         0.01
        0.36         0.37         0.31         0.20         0.26         0.25         0.08         0.05         0.04
        0.45         0.40         0.33         0.24         0.26         0.23         0.18         0.20         0.16
        0.34         0.37         0.32         0.25         0.32         0.34         0.28         0.32         0.24
        0.37         0.28         0.29         0.24         0.19         0.22         0.24         0.25         0.23
        0.28         0.24         0.30         0.19         0.13         0.18         0.21         0.23         0.23
        0.24         0.22         0.31         0.25         0.23         0.24         0.12         0.36         0.35
        0.32         0.21         0.24         0.32         0.29         0.32         0.23         0.34         0.59
    172800      9     13
        0.11         0.12         0.23         0.18         0.12         0.05         0.05         0.05         0.06
        0.15         0.18         0.25         0.15         0.12         0.03         0.03         0.04         0.09
        0.10         0.12         0.21         0.14         0.12         0.11         0.07         0.08         0.08
        0.07         0.07         0.19         0.16         0.23         0.08         0.06         0.10         0.11
        0.05         0.12         0.26         0.17         0.21         0.12         0.06         0.13         0.16
        0.19         0.29         0.30         0.19         0.24         0.21         0.13         0.21         0.18
        0.25         0.29         0.35         0.14         0.30         0.30         0.17         0.27         0.28
        0.22         0.25         0.40         0.26         0.36         0.36         0.28         0.38         0.33
        0.17         0.36         0.32         0.34         0.37         0.29         0.32         0.42         0.52
        0.28         0.44         0.39         0.36         0.37         0.15         0.26         0.51         0.62
        0.32         0.39         0.59         0.51         0.43         0.27         0.51         0.42         0.60
        0.21         0.20         0.54         0.71         0.50         0.46         0.59         0.46         0.41
        0.15         0.17         0.40         0.66         0.68         0.53         0.49         0.53         0.33
    259200      9     13
        0.45         0.44         0.44         0.32         0.28         0.20         0.18         0.18         0.17
        0.55         0.54         0.54         0.36         0.40         0.31         0.40         0.34         0.29
        0.43         0.71         0.81         0.55         0.57         0.62         0.54         0.27         0.32
        0.63         0.81         0.62         0.41         0.45         0.56         0.42         0.39         0.48
        0.61         0.47         0.44         0.37         0.41         0.45         0.42         0.51         0.34
        0.53         0.48         0.51         0.41         0.40         0.42         0.41         0.28         0.21
        0.66         0.48         0.43         0.36         0.42         0.39         0.27         0.29         0.38
        0.57         0.43         0.46         0.50         0.53         0.50         0.61         0.81         0.96
        0.68         0.64         0.69         0.84         1.01         1.01         1.03         1.19         1.34
        0.63         0.51         0.74         1.12         1.27         0.98         1.00         1.04         1.06
        0.38         0.48         0.84         1.15         1.23         1.45         1.50         1.28         1.30
        0.51         0.61         0.79         0.98         1.22         1.51         1.54         1.27         1.49
        0.51         0.66         0.73         0.84         1.01         0.71         0.80         0.71         0.69
    345600      9     13
        0.47         0.31         0.21         0.17         0.24         0.42         0.48         0.37         0.28
        0.69         0.54         0.39         0.47         0.44         0.34         0.37         0.32         0.35
        0.84         0.89         0.78         0.87         0.64         0.54         0.53         0.47         0.57
        0.97         1.07         1.15         1.03         0.89         0.81         0.85         1.05         1.03
        0.83         0.83         0.77         0.57         0.63         0.65         0.43         0.39         0.34
        0.43         0.43         0.28         0.17         0.32         0.36         0.28         0.32         0.29
        0.40         0.42         0.35         0.25         0.24         0.22         0.21         0.21         0.19
        0.43         0.44         0.49         0.59         0.74         0.74         0.61         0.46         0.28
        0.68         0.63         0.63         0.71         0.71         0.69         0.64         0.55         0.41
        0.96         0.83         0.91         0.83         0.58         0.38         0.35         0.37         0.27
        0.99         1.08         1.32         1.16         0.58         0.34         0.20         0.11         0.07
        0.86         1.16         1.33         1.08         0.51         0.38         0.26         0.13         0.09
        0.20         0.30         0.32         0.35         0.31         0.14         0.17         0.17         0.12
    432000      9     13
        0.61         0.63         0.69         0.48         0.35         0.27         0.22         0.12         0.16
        0.90         0.83         0.86         0.80         0.70         0.57         0.37         0.24         0.18
        0.91         0.96         0.91         0.87         0.70         0.67         0.76         0.72         0.41
        1.09         0.88         0.82         0.76         0.79         0.74         0.88         0.99         0.69
        1.65         1.31         1.15         0.96         1.20         1.07         0.95         1.15         0.99
        0.71         0.81         0.91         0.94         1.17         1.06         0.96         0.79         0.64
        0.62         0.59         0.53         0.85         0.92         0.84         0.93         0.84         0.80
        0.81         0.67         0.63         0.58         0.57         0.74         1.09         1.25         1.28
        0.69         0.84         0.62         0.53         0.44         0.61         0.69         0.74         0.56
        0.78         1.03         0.95         0.70         0.57         0.52         0.63         0.56         0.33
        0.90         1.86         2.24         1.27         0.76         0.76         0.55         0.64         0.51
        0.77         0.90         1.53         1.44         1.25         1.07         0.79         0.87         0.78
        0.73         0.59         0.84         1.72         1.97         1.32         1.34         1.17         1.25
    518400      9     13
        0.20         0.26         0.47         0.56         0.37         0.29         0.17         0.11         0.10
        0.12         0.20         0.61         0.58         0.34         0.25         0.16         0.11         0.06
        0.24         0.22         0.62         0.53         0.46         0.52         0.39         0.30         0.22
        0.32         0.26         0.24         0.22         0.39         0.52         0.36         0.42         0.45
        0.35         0.33         0.26         0.24         0.44         0.50         0.26         0.30         0.45
        0.35         0.52         0.59         0.31         0.33         0.32         0.25         0.19         0.16
        0.45         0.64         1.12         0.82         0.40         0.15         0.21         0.16         0.11
        0.24         0.46         0.78         0.58         0.36         0.25         0.33         0.50         0.25
        0.37         0.45         0.38         0.31         0.43         0.33         0.40         0.41         0.29
        0.66         0.60         0.44         0.50         0.37         0.24         0.34         0.32         0.30
        0.47         0.53         0.63         0.63         0.30         0.25         0.28         0.44         0.46
        0.55         0.38         0.54         0.58         0.30         0.28         0.25         0.28         0.34
        0.68         0.26         0.47         0.56         0.31         0.31         0.37         0.29         0.33
    604800      9     13
        0.09         0.19         0.15         0.09         0.16         0.18         0.30         0.25         0.07
        0.09         0.23         0.37         0.20         0.15         0.10         0.18         0.13         0.03
        0.26         0.26         0.50         0.28         0.26         0.23         0.16         0.04         0.05
        0.21         0.27         0.46         0.29         0.35         0.29         0.06         0.10         0.12
        0.31         0.26         0.53         0.33         0.39         0.25         0.05         0.15         0.12
        0.12         0.24         0.49         0.34         0.43         0.29         0.12         0.24         0.31
        0.10         0.10         0.41         0.31         0.53         0.34         0.29         0.36         0.33
        0.14         0.29         0.50         0.31         0.52         0.40         0.49         0.45         0.39
        0.13         0.36         0.26         0.36         0.37         0.39         0.50         0.48         0.45
        0.03         0.05         0.25         0.46         0.38         0.39         0.41         0.53         0.37
        0.05         0.07         0.25         0.45         0.47         0.42         0.49         0.71         0.52
        0.07         0.07         0.10         0.29         0.40         0.37         0.43         0.67         0.53
        0.08         0.09         0.05         0.13         0.36         0.29         0.23         0.53         0.53
    691200      9     13
        0.15         0.20         0.21         0.19         0.12         0.08         0.07         0.06         0.01
        0.14         0.21         0.25         0.21         0.20         0.13         0.14         0.10         0.01
        0.12         0.20         0.33         0.28         0.30         0.24         0.19         0.19         0.08
        0.12         0.18         0.32         0.35         0.34         0.27         0.17         0.22         0.22
        0.11         0.19         0.37         0.32         0.31         0.26         0.18         0.31         0.34
        0.13         0.17         0.29         0.25         0.31         0.35         0.36         0.33         0.32
        0.16         0.11         0.23         0.25         0.44         0.49         0.41         0.29         0.32
        0.17         0.22         0.36         0.30         0.50         0.44         0.25         0.16         0.18
        0.27         0.36         0.30         0.35         0.42         0.32         0.21         0.17         0.25
        0.31         0.35         0.40         0.44         0.37         0.20         0.15         0.23         0.35
        0.21         0.20         0.53         0.48         0.28         0.20         0.24         0.21         0.28
        0.31         0.23         0.46         0.45         0.34         0.42         0.39         0.23         0.31
        0.21         0.21         0.38         0.37         0.50         0.43         0.38         0.39         0.40
    777600      9     13
        0.20         0.20         0.22         0.25         0.32         0.44         0.52         0.56         0.59
        0.25         0.22         0.22         0.24         0.29         0.41         0.55         0.70         0.92
        0.21         0.22         0.21         0.23         0.33         0.53         0.64         0.78         1.04
        0.36         0.31         0.31         0.28         0.29         0.43         0.46         0.51         0.59
        0.40         0.37         0.32         0.27         0.27         0.35         0.35         0.33         0.28
        0.33         0.32         0.34         0.27         0.24         0.29         0.29         0.24         0.20
        0.27         0.23         0.27         0.25         0.26         0.26         0.23         0.21         0.16
        0.20         0.20         0.22         0.23         0.23         0.16         0.19         0.21         0.19
        0.23         0.29         0.24         0.20         0.17         0.15         0.18         0.25         0.29
        0.40         0.31         0.18         0.19         0.21         0.20         0.19         0.22         0.30
        0.38         0.21         0.38         0.50         0.38         0.29         0.24         0.19         0.27
        0.37         0.36         0.50         0.61         0.54         0.43         0.41         0.31         0.42
        0.31         0.36         0.47         0.61         0.65         0.47         0.51         0.48         0.54
    864000      9     13
        0.23         0.24         0.26         0.25         0.26         0.25         0.25         0.27         0.30
        0.15         0.11         0.10         0.10         0.12         0.14         0.15         0.15         0.18
        0.05         0.05         0.05         0.04         0.06         0.10         0.12         0.12         0.13
        0.06         0.07         0.08         0.05         0.05         0.08         0.07         0.06         0.07
        0.04         0.04         0.05         0.03         0.03         0.03         0.02         0.02         0.02
        0.03         0.03         0.05         0.01         0.04         0.05         0.02         0.00         0.00
        0.06         0.06         0.06         0.01         0.04         0.05         0.05         0.02         0.01
        0.04         0.07         0.07         0.02         0.03         0.01         0.01         0.00         0.00
        0.01         0.03         0.07         0.02         0.00         0.00         0.00         0.00         0.01
        0.01         0.02         0.05         0.05         0.02         0.00         0.00         0.01         0.04
        0.01         0.03         0.06         0.07         0.04         0.01         0.00         0.01         0.02
        0.02         0.04         0.07         0.06         0.02         0.01         0.00         0.00         0.00
        0.03         0.02         0.05         0.05         0.03         0.00         0.03         0.02         0.01
    950400      9     13
        0.10         0.12         0.10         0.14         0.08         0.06         0.04         0.01         0.00
        0.15         0.12         0.12         0.11         0.03         0.01         0.00         0.01         0.01
        0.08         0.09         0.11         0.07         0.07         0.08         0.02         0.01         0.02
        0.17         0.13         0.15         0.10         0.17         0.21         0.05         0.02         0.05
        0.24         0.15         0.14         0.10         0.13         0.19         0.05         0.06         0.08
        0.23         0.21         0.20         0.17         0.20         0.19         0.05         0.05         0.09
        0.15         0.22         0.22         0.19         0.27         0.21         0.10         0.13         0.14
        0.14         0.24         0.25         0.21         0.29         0.29         0.31         0.33         0.21
        0.12         0.21         0.22         0.17         0.18         0.24         0.30         0.35         0.30
        0.32         0.24         0.22         0.16         0.17         0.20         0.25         0.37         0.32
        0.72         0.57         0.43         0.27         0.27         0.27         0.23         0.32         0.23
        0.76         0.73         0.72         0.58         0.51         0.58         0.34         0.31         0.19
        0.69         0.72         0.76         0.78         0.51         0.36         0.43         0.31         0.22
   1036800      9     13
        0.03         0.03         0.05         0.03         0.01         0.02         0.01         0.00         0.00
        0.09         0.07         0.19         0.12         0.04         0.01         0.01         0.01         0.01
        0.13         0.13         0.10         0.03         0.05         0.05         0.05         0.02         0.06
        0.16         0.17         0.07         0.02         0.12         0.14         0.07         0.02         0.10
        0.15         0.12         0.06         0.00         0.02         0.07         0.03         0.04         0.11
        0.28         0.26         0.10         0.01         0.06         0.07         0.08         0.16         0.09
        0.29         0.28         0.05         0.02         0.12         0.13         0.19         0.24         0.06
        0.25         0.15         0.06         0.04         0.10         0.13         0.03         0.02         0.03
        0.07         0.07         0.04         0.03         0.02         0.03         0.07         0.14         0.12
        0.14         0.05         0.04         0.08         0.06         0.06         0.09         0.15         0.13
        0.30         0.29         0.22         0.17         0.10         0.08         0.16         0.19         0.18
        0.28         0.57         0.60         0.20         0.17         0.15         0.11         0.19         0.15
        0.48         0.68         0.73         0.39         0.28         0.25         0.12         0.18         0.21
   1123200      9     13
        0.06         0.01         0.00         0.00         0.00         0.00         0.01         0.01         0.01
        0.08         0.07         0.01         0.00         0.00         0.00         0.00         0.00         0.00
        0.07         0.15         0.03         0.00         0.00         0.06         0.01         0.00         0.01
        0.06         0.11         0.07         0.01         0.07         0.05         0.00         0.00         0.00
        0.06         0.13         0.12         0.03         0.09         0.01         0.00         0.00         0.00
        0.20         0.24         0.23         0.06         0.15         0.04         0.00         0.00         0.00
        0.31         0.30         0.30         0.13         0.29         0.08         0.00         0.00         0.00
        0.19         0.29         0.37         0.18         0.31         0.10         0.00         0.00         0.00
        0.12         0.28         0.30         0.23         0.36         0.13         0.01         0.02         0.01
        0.26         0.43         0.31         0.52         0.41         0.06         0.06         0.09         0.10
        0.20         0.42         0.49         0.54         0.30         0.20         0.20         0.14         0.20
        0.23         0.25         0.58         0.77         0.48         0.41         0.37         0.17         0.16
        0.14         0.39         0.60         0.81         0.71         0.38         0.40         0.29         0.27
   1209600      9     13
        0.15         0.13         0.13         0.11         0.12         0.16         0.18         0.20         0.20
        0.16         0.12         0.13         0.15         0.12         0.16         0.26         0.21         0.27
        0.17         0.12         0.12         0.19         0.26         0.30         0.37         0.28         0.33
        0.21         0.21         0.27         0.37         0.40         0.49         0.52         0.42         0.38
        0.44         0.41         0.53         0.56         0.62         0.70         0.64         0.66         0.50
        0.46         0.71         0.76         0.72         0.78         0.82         0.80         1.22         1.14
        0.97         1.24         1.03         0.99         0.96         0.80         0.80         1.06         1.24
        1.24         1.09         1.09         1.06         1.01         0.67         0.63         0.88         1.12
        2.49         2.34         1.19         0.98         1.00         0.83         0.75         1.06         1.16
        1.92         1.69         0.90         0.88         1.27         1.33         1.24         1.34         1.17
        1.03         0.83         0.96         1.30         1.63         1.94         1.63         1.30         1.17
        1.02         0.99         1.02         1.82         2.68         2.10         1.86         1.14         0.95
        1.37         1.80         1.65         2.47         3.32         1.70         2.10         1.38         1.01
   1296000      9     13
        0.75         0.59         0.34         0.22         0.26         0.29         0.13         0.17         0.22
        0.77         0.62         0.45         0.29         0.35         0.35         0.21         0.22         0.31
        0.81         0.79         0.56         0.30         0.41         0.72         0.41         0.41         0.50
        0.75         1.05         0.69         0.30         0.40         0.98         0.69         0.76         0.93
        0.75         1.08         0.67         0.39         0.36         0.80         0.88         0.92         1.03
        0.59         1.03         0.57         0.47         0.55         0.57         1.03         1.14         1.22
        1.07         0.97         0.47         0.45         0.81         0.55         0.89         1.15         1.07
        0.90         1.03         0.56         0.47         0.72         0.59         0.76         0.92         1.11
        0.74         0.62         0.51         0.47         0.42         0.50         0.74         0.78         1.29
        0.65         0.46         0.44         0.47         0.33         0.32         0.69         0.64         0.90
        0.49         0.35         0.41         0.39         0.27         0.21         0.61         0.46         0.52
        0.47         0.42         0.35         0.21         0.15         0.10         0.33         0.22         0.39
        0.64         0.78         0.33         0.21         0.20         0.10         0.28         0.13         0.35