         0      9     13
        0.00         0.03         0.05         0.03         0.04         0.09         0.09         0.11         0.10
        0.00         0.02         0.10         0.10         0.06         0.10         0.11         0.05         0.09
        0.00         0.02         0.07         0.11         0.07         0.20         0.11         0.04         0.04
        0.00         0.03         0.11         0.21         0.21         0.37         0.23         0.12         0.08
        0.01         0.06         0.19         0.27         0.20         0.22         0.25         0.28         0.13
        0.08         0.04         0.23         0.30         0.25         0.26         0.31         0.49         0.18
        0.11         0.01         0.18         0.21         0.36         0.24         0.13         0.07         0.02
        0.01         0.05         0.11         0.13         0.37         0.17         0.07         0.02         0.01
        0.10         0.20         0.19         0.15         0.24         0.11         0.03         0.01         0.03
        0.14         0.13         0.13         0.20         0.25         0.11         0.08         0.03         0.02
        0.11         0.11         0.08         0.17         0.32         0.20         0.12         0.04         0.00
        0.14         0.11         0.07         0.16         0.25         0.10         0.11         0.03         0.00
        0.18         0.17         0.06         0.17         0.31         0.13         0.08         0.01         0.00
     86400      9     13
        0.03         0.03         0.07         0.26         0.43         0.21         0.18         0.36         0.36
        0.02         0.06         0.10         0.15         0.32         0.34         0.20         0.23         0.41
        0.01         0.07         0.06         0.08         0.25         0.45         0.22         0.15         0.31
        0.01         0.06         0.05         0.11         0.38         0.52         0.24         0.18         0.48
        0.07         0.06         0.14         0.14         0.30         0.51         0.31         0.33         0.53
        0.25         0.14         0.17         0.12         0.24         0.56         0.53         0.59         0.37
        0.24         0.20         0.19         0.21         0.38         0.55         0.59         0.72         0.42
        0.29         0.19         0.20         0.25         0.36         0.41         0.37         0.19         0.12
        0.18         0.19         0.22         0.23         0.32         0.36         0.32         0.09         0.13
        0.06         0.13         0.19         0.27         0.39         0.35         0.23         0.19         0.29
        0.16         0.18         0.28         0.26         0.30         0.39         0.33         0.32         0.32
        0.18         0.18         0.17         0.21         0.30         0.35         0.45         0.33         0.23
        0.14         0.09         0.12         0.16         0.32         0.20         0.26         0.27         0.11
    172800      9     13
        0.38         0.21         0.28         0.27         0.49         0.44         0.63         0.53         0.30
        0.10         0.03         0.19         0.23         0.28         0.24         0.35         0.28         0.22
        0.03         0.03         0.15         0.51         0.39         0.51         0.45         0.24         0.56
        0.19         0.19         0.26         0.36         0.69         0.81         0.45         0.29         0.64
        0.38         0.36         0.35         0.36         0.64         0.65         0.36         0.40         0.87
        0.64         0.68         0.51         0.51         0.52         0.66         0.60         0.56         0.74
        0.65         0.57         0.52         0.28         0.30         0.57         0.47         0.42         0.38
        0.45         0.31         0.29         0.18         0.15         0.32         0.45         0.44         0.39
        0.12         0.13         0.13         0.14         0.17         0.33         0.45         0.56         0.32
        0.44         0.23         0.29         0.52         0.54         0.26         0.23         0.27         0.22
        0.36         0.54         0.52         0.85         0.70         0.39         0.36         0.35         0.37
        0.09         0.38         0.97         0.94         0.66         0.44         0.60         0.34         0.37
        0.22         0.26         0.30         0.32         0.41         0.22         0.43         0.50         0.49
    259200      9     13
        0.14         0.16         0.25         0.40         0.83         0.75         0.68         0.66         0.33
        0.57         0.54         0.96         1.37         1.10         1.00         0.89         0.65         0.37
        0.20         0.57         1.01         1.28         1.30         1.12         0.99         0.34         0.68
        0.15         0.52         0.90         0.65         1.19         0.85         0.41         0.38         0.66
        0.48         0.51         0.98         0.64         1.16         0.75         0.53         0.56         0.71
        0.64         0.72         0.98         0.92         1.51         0.98         0.78         0.74         0.94
        0.38         0.77         1.09         0.65         1.42         1.31         0.95         0.75         0.76
        0.24         0.44         1.06         0.53         1.12         0.98         0.75         0.79         0.47
        0.06         0.25         0.35         0.33         0.71         0.94         0.54         0.45         0.31
        0.03         0.14         0.43         0.46         0.65         0.81         0.69         0.28         0.27
        0.21         0.31         0.63         1.01         0.73         0.77         0.62         0.39         0.36
        0.21         0.12         0.27         0.73         0.92         0.57         0.33         0.24         0.18
        0.02         0.03         0.14         0.43         0.51         0.22         0.28         0.30         0.15
    345600      9     13
        0.26         0.34         0.36         0.19         0.21         0.05         0.07         0.19         0.18
        0.23         0.19         0.30         0.33         0.09         0.06         0.05         0.16         0.20
        1.42         1.39         0.64         0.27         0.19         0.23         0.16         0.18         0.46
        1.70         1.89         0.95         0.23         0.53         0.29         0.17         0.50         0.82
        0.49         0.76         1.01         0.50         0.80         0.51         0.26         0.60         1.07
        0.43         0.43         0.78         0.44         1.03         0.75         0.44         0.40         0.71
        0.23         0.20         0.37         0.39         1.23         1.08         0.51         0.38         0.96
        0.09         0.14         0.49         0.47         0.90         0.92         0.26         0.43         0.64
        0.03         0.18         0.26         0.41         0.53         0.49         0.09         0.24         0.52
        0.04         0.11         0.14         0.46         0.45         0.19         0.10         0.19         0.41
        0.06         0.06         0.46         1.01         0.65         0.40         0.26         0.15         0.36
        0.03         0.08         0.41         1.02         1.06         0.78         0.37         0.05         0.09
        0.05         0.09         0.20         0.68         0.74         0.41         0.29         0.29         0.08
    432000      9     13
        0.12         0.13         0.21         0.19         0.26         0.16         0.20         0.31         0.27
        0.10         0.03         0.02         0.10         0.21         0.13         0.12         0.21         0.22
        0.44         0.32         0.13         0.11         0.33         0.38         0.24         0.31         0.72
        0.36         0.67         1.01         0.62         0.48         0.54         0.19         0.42         0.99
        0.32         1.28         3.29         1.77         0.41         0.29         0.17         0.65         1.09
        0.21         0.91         1.90         0.75         0.25         0.25         0.19         0.59         1.17
        0.05         0.10         0.23         0.16         0.37         0.14         0.12         0.28         0.55
        0.19         0.69         0.49         0.13         0.12         0.08         0.21         0.32         0.31
        0.03         0.31         0.32         0.08         0.01         0.19         0.33         0.38         0.45
        0.00         0.06         0.10         0.07         0.12         0.15         0.35         0.37         0.41
        0.00         0.01         0.04         0.17         0.16         0.12         0.23         0.25         0.20
        0.00         0.03         0.05         0.05         0.07         0.18         0.28         0.12         0.29
        0.00         0.02         0.04         0.04         0.12         0.12         0.45         0.31         0.16
    518400      9     13
        0.15         0.06         0.06         0.51         0.42         0.16         0.49         1.12         0.80
        0.73         0.27         0.04         0.35         0.66         0.17         0.24         0.63         0.46
        0.47         0.60         0.86         0.42         0.37         0.38         0.30         0.49         0.56
        0.18         0.16         0.72         0.47         0.67         0.54         0.52         0.66         0.98
        0.27         0.38         0.59         0.35         0.52         0.61         0.63         0.87         1.19
        0.62         2.10         1.29         0.26         0.25         0.38         0.74         0.94         1.07
        0.45         0.51         0.39         0.29         0.37         0.38         0.66         0.88         1.05
        0.56         0.22         0.30         0.34         0.34         0.35         0.61         1.17         0.89
        0.35         0.20         0.13         0.33         0.39         0.47         0.36         0.83         0.95
        0.34         0.36         0.17         0.37         0.51         0.44         0.39         0.57         1.21
        0.18         0.29         0.17         0.44         0.36         0.48         0.61         0.31         0.75
        0.09         0.30         0.17         0.16         0.21         0.58         0.76         0.50         1.03
        0.07         0.11         0.17         0.05         0.22         0.19         0.36         0.65         1.21
    604800      9     13
        0.28         0.61         0.41         0.49         0.69         0.81         0.88         0.92         0.52
        0.09         0.74         0.63         0.46         0.35         0.40         0.76         0.86         0.63
        0.19         0.86         0.96         0.80         0.75         0.92         0.94         1.10         1.14
        0.21         0.41         0.59         0.69         0.95         1.13         0.83         0.83         0.73
        0.23         0.54         0.74         0.64         1.00         1.19         0.83         0.58         0.54
        0.38         0.52         0.84         0.44         0.74         1.16         0.72         0.40         0.58
        0.51         0.47         0.58         0.33         0.92         0.94         0.65         0.51         0.58
        0.31         0.36         0.51         0.68         1.11         0.69         0.62         0.50         0.63
        0.29         0.46         0.40         0.82         1.02         0.43         0.49         0.45         0.45
        0.63         0.50         0.49         1.07         1.13         0.63         0.60         0.77         0.47
        0.69         0.65         0.65         1.39         1.04         0.81         0.69         1.09         0.66
        0.65         0.69         0.77         1.40         1.02         0.86         0.97         0.69         0.60
        1.16         0.90         0.77         1.42         1.24         0.86         0.92         0.84         0.77
    691200      9     13
        2.15         2.63         1.52         1.19         1.10         0.77         0.52         0.55         0.70
        0.97         1.19         1.28         0.83         0.72         0.81         0.51         0.40         0.43
        0.57         0.74         0.80         0.45         0.55         0.70         0.44         0.19         0.34
        0.43         0.68         0.61         0.34         0.43         0.59         0.37         0.31         0.44
        0.51         0.56         0.76         0.34         0.43         0.44         0.30         0.47         0.53
        0.40         0.62         0.76         0.31         0.36         0.41         0.50         0.48         0.49
        0.16         0.31         0.54         0.25         0.28         0.31         0.55         0.39         0.37
        0.01         0.20         0.38         0.29         0.27         0.39         0.60         0.52         0.49
        0.02         0.05         0.28         0.32         0.34         0.38         0.58         0.75         0.60
        0.03         0.02         0.22         0.30         0.35         0.46         0.69         0.76         0.53
        0.16         0.04         0.13         0.43         0.49         0.43         0.66         0.65         0.50
        0.40         0.21         0.20         0.56         0.44         0.32         0.44         0.91         0.48
        0.63         0.61         0.33         0.63         0.50         0.28         0.24         0.42         0.31
    777600      9     13
        0.03         0.06         0.13         0.20         0.20         0.07         0.14         0.25         0.30
        0.08         0.08         0.12         0.22         0.31         0.13         0.12         0.20         0.39
        0.29         0.12         0.08         0.19         0.27         0.08         0.21         0.35         0.37
        0.22         0.15         0.29         0.44         0.43         0.52         0.67         0.73         0.76
        0.21         0.36         0.81         0.78         0.71         0.99         1.11         0.97         1.12
        0.35         0.73         0.96         0.37         0.71         1.20         1.33         1.01         1.13
        0.41         0.74         0.74         0.32         0.62         0.93         0.77         0.95         1.02
        0.38         0.33         0.65         0.70         0.63         0.64         0.62         0.84         0.94
        0.62         0.65         0.51         0.65         0.61         0.51         0.50         0.60         0.85
        0.61         0.53         0.75         0.74         0.68         0.45         0.29         0.34         0.70
        0.56         0.47         0.83         0.97         0.91         0.69         0.44         0.21         0.50
        0.71         0.75         0.62         0.61         0.39         0.26         0.38         0.17         0.21
        0.53         0.73         0.63         0.64         0.36         0.09         0.21         0.29         0.09
    864000      9     13
        0.02         0.07         0.25         0.22         0.46         0.42         0.42         0.35         0.22
        0.04         0.13         0.53         0.43         0.58         0.52         0.38         0.17         0.23
        0.12         0.37         0.63         0.43         0.49         0.93         0.48         0.09         0.29
        0.24         0.50         0.79         0.59         0.51         0.88         0.95         0.36         0.27
        0.38         0.59         0.76         0.66         0.70         0.48         0.38         0.29         0.27
        0.69         0.71         0.76         0.56         0.67         0.38         0.17         0.26         0.46
        0.56         0.62         0.71         0.53         0.58         0.44         0.37         0.29         0.27
        0.37         0.35         0.56         0.62         0.62         0.53         0.44         0.42         0.31
        0.48         0.57         0.70         1.66         1.00         0.78         0.65         0.66         0.63
        0.54         1.04         2.85         3.82         1.69         0.92         0.86         1.02         0.84
        0.70         1.32         2.79         3.43         1.92         1.04         0.96         0.72         0.81
        0.86         1.20         1.35         1.25         0.85         1.03         0.97         0.54         0.67
        1.81         2.23         0.65         0.57         0.83         0.91         0.85         0.79         0.97
    950400      9     13
        0.08         0.06         0.17         0.20         0.18         0.23         0.33         0.49         0.32
        0.11         0.12         0.19         0.21         0.16         0.22         0.40         0.35         0.28
        0.04         0.06         0.16         0.25         0.23         0.32         0.34         0.14         0.37
        0.03         0.04         0.18         0.37         0.35         0.29         0.35         0.25         0.39
        0.13         0.19         0.51         0.53         0.43         0.27         0.40         0.60         0.49
        0.36         0.32         0.36         0.40         0.48         0.41         0.42         0.66         0.72
        0.35         0.18         0.30         0.17         0.34         0.51         0.52         0.54         0.85
        0.15         0.09         0.17         0.06         0.13         0.40         0.34         0.28         0.43
        0.22         0.26         0.34         0.32         0.37         0.49         0.37         0.33         0.35
        0.43         0.42         0.47         0.68         0.84         0.78         0.69         0.71         0.80
        0.52         0.59         0.52         0.99         0.73         0.53         0.91         0.74         0.82
        0.62         0.84         1.09         2.61         1.85         0.51         0.69         0.56         0.75
        0.73         0.96         1.02         1.30         1.24         0.59         0.50         0.88         1.45
   1036800      9     13
        0.27         0.15         0.21         0.13         0.18         0.14         0.08         0.66         0.54
        0.31         0.24         0.52         0.52         0.40         0.47         0.27         0.50         0.62
        0.28         0.32         0.45         0.54         0.37         0.70         0.66         0.21         0.73
        0.18         0.28         0.48         0.58         0.50         0.62         0.55         0.36         0.89
        0.19         0.25         0.56         0.58         0.59         0.47         0.52         0.54         0.68
        0.20         0.35         0.48         0.59         0.75         0.53         0.54         0.68         0.66
        0.20         0.37         0.39         0.52         0.69         0.50         0.33         0.47         0.75
        0.17         0.28         0.35         0.33         0.44         0.40         0.29         0.37         0.83
        0.13         0.19         0.18         0.17         0.21         0.34         0.46         0.62         0.82
        0.36         0.24         0.18         0.19         0.18         0.23         0.47         0.61         0.74
        0.61         0.29         0.27         0.47         0.24         0.09         0.33         0.45         0.55
        0.42         0.61         1.14         1.27         1.17         0.48         0.29         0.18         0.20
        0.25         0.52         0.87         0.92         0.75         0.52         0.44         0.18         0.06
   1123200      9     13
        0.38         0.24         0.54         0.64         0.43         0.33         0.37         0.63         0.77
        0.29         0.24         0.36         0.50         0.34         0.29         0.48         0.70         0.61
        0.36         0.52         0.41         0.24         0.10         0.33         0.64         0.72         0.75
        0.31         0.72         0.52         0.29         0.19         0.22         0.34         0.55         0.63
        0.25         0.42         0.47         0.43         0.34         0.12         0.23         0.60         0.93
        0.15         0.18         0.30         0.44         0.42         0.15         0.31         0.49         0.69
        0.17         0.28         0.24         0.26         0.15         0.22         0.22         0.23         0.24
        0.24         0.29         0.24         0.05         0.04         0.05         0.09         0.11         0.23
        0.35         0.30         0.14         0.04         0.01         0.04         0.17         0.23         0.41
        0.38         0.33         0.20         0.13         0.09         0.19         0.24         0.26         0.43
        0.37         0.36         0.25         0.19         0.09         0.11         0.15         0.11         0.11
        0.43         0.38         0.23         0.17         0.05         0.04         0.06         0.01         0.01
        0.30         0.42         0.18         0.16         0.17         0.04         0.01         0.01         0.04
   1209600      9     13
        0.82         0.45         0.65         0.61         0.67         0.75         0.73         0.86         1.04
        0.27         0.26         0.37         0.44         0.20         0.28         0.68         0.99         1.03
        0.20         0.22         0.32         0.22         0.14         0.31         0.58         0.58         1.04
        0.21         0.34         0.46         0.53         0.43         0.32         0.48         0.58         0.95
        0.23         0.30         0.50         0.67         0.87         0.42         0.36         0.66         0.87
        0.23         0.31         0.46         0.60         0.60         0.40         0.49         0.60         0.63
        0.20         0.29         0.34         0.61         0.49         0.32         0.30         0.19         0.26
        0.28         0.27         0.31         0.29         0.16         0.05         0.03         0.03         0.05
        0.36         0.31         0.21         0.11         0.02         0.01         0.03         0.08         0.15
        0.32         0.28         0.10         0.06         0.08         0.09         0.13         0.23         0.42
        0.27         0.18         0.13         0.22         0.23         0.15         0.09         0.16         0.19
        0.29         0.35         0.40         0.27         0.18         0.09         0.04         0.01         0.08
        0.41         0.23         0.23         0.12         0.19         0.08         0.03         0.05         0.05
   1296000      9     13
        1.16         1.14         0.64         0.59         0.52         0.48         0.30         0.38         0.43
        0.72         0.26         0.39         0.53         0.55         0.52         0.61         0.61         0.37
        0.52         0.50         0.61         0.69         1.62         1.75         0.78         0.52         0.61
        0.95         0.83         0.78         0.89         2.11         1.96         0.72         0.94         1.08
        0.83         0.62         0.82         1.12         1.15         2.35         1.55         1.87         1.38
        0.56         0.37         0.76         1.18         1.11         1.38         1.35         1.57         3.64
        0.42         0.39         0.77         1.15         1.04         0.98         1.13         1.18         2.53
        0.22         0.37         0.71         0.75         0.72         0.72         1.12         1.19         1.42
        0.08         0.26         0.28         0.32         0.30         0.48         0.86         1.21         1.55
        0.05         0.16         0.33         0.54         0.47         0.73         0.99         1.43         1.72
        0.11         0.34         0.66         0.79         0.72         0.75         1.07         1.40         1.35
        0.52         0.63         0.69         0.84         1.00         1.05         1.05         1.03         0.89
        0.67         0.56         0.63         0.82         1.00         1.03         0.78         0.70         0.52