         0      9     13
        1.51         1.34         1.28         1.18         1.29         1.88         2.06         1.70         1.23
        1.37         1.29         1.49         1.68         1.55         1.96         2.45         2.16         1.62
        1.20         1.37         1.82         2.02         1.71         2.14         2.38         2.00         1.85
        0.94         1.07         1.56         2.18         2.71         2.93         2.16         1.86         2.15
        0.97         1.17         1.44         1.86         2.15         2.28         1.78         1.83         2.04
        0.93         1.02         1.11         1.31         1.26         1.25         1.31         1.34         1.32
        0.89         1.08         0.99         1.20         1.24         1.21         1.24         1.19         1.01
        0.83         0.87         0.85         0.98         1.04         0.94         0.90         0.72         0.52
        0.77         0.87         0.89         0.78         0.65         0.63         0.73         0.64         0.49
        0.77         0.82         0.71         0.52         0.41         0.38         0.51         0.67         0.66
        0.69         0.60         0.62         0.59         0.53         0.47         0.36         0.50         0.56
        0.73         0.65         0.68         0.58         0.49         0.48         0.41         0.39         0.39
        0.82         0.76         0.78         0.61         0.56         0.57         0.50         0.35         0.26
     86400      9     13
        0.84         0.88         0.93         0.86         0.68         0.59         0.64         0.79         0.80
        0.68         0.70         0.79         0.81         0.69         0.54         0.54         0.54         0.42
        0.52         0.61         0.80         1.00         0.74         0.60         0.73         0.57         0.49
        0.41         0.56         0.84         1.04         1.06         0.94         0.76         0.65         0.80
        0.45         0.40         0.51         0.62         0.79         0.75         0.64         0.65         0.81
        0.57         0.45         0.39         0.40         0.43         0.49         0.62         0.65         0.72
        0.55         0.54         0.50         0.54         0.49         0.45         0.48         0.52         0.53
        0.47         0.43         0.44         0.42         0.42         0.43         0.43         0.45         0.47
        0.38         0.41         0.41         0.38         0.38         0.41         0.40         0.39         0.38
        0.52         0.51         0.42         0.39         0.39         0.43         0.40         0.41         0.40
        0.46         0.36         0.37         0.42         0.43         0.44         0.39         0.46         0.51
        0.28         0.30         0.40         0.44         0.39         0.39         0.42         0.52         0.66
        0.26         0.45         0.65         0.66         0.83         0.76         0.54         0.52         0.53
    172800      9     13
        0.11         0.05         0.07         0.16         0.31         0.44         0.65         0.50         0.42
        0.25         0.13         0.11         0.15         0.42         0.55         0.65         0.46         0.27
        0.26         0.27         0.28         0.27         0.35         0.53         0.63         0.33         0.19
        0.12         0.16         0.21         0.19         0.23         0.50         0.68         0.33         0.28
        0.08         0.07         0.15         0.16         0.18         0.31         0.53         0.34         0.25
        0.16         0.08         0.12         0.16         0.18         0.22         0.27         0.26         0.20
        0.15         0.14         0.17         0.16         0.15         0.18         0.14         0.10         0.08
        0.15         0.12         0.13         0.09         0.07         0.07         0.06         0.05         0.04
        0.16         0.11         0.09         0.06         0.06         0.05         0.05         0.06         0.10
        0.14         0.11         0.12         0.14         0.15         0.11         0.12         0.21         0.33
        0.19         0.20         0.23         0.20         0.17         0.23         0.32         0.36         0.30
        0.28         0.24         0.28         0.20         0.27         0.33         0.29         0.27         0.24
        0.29         0.20         0.27         0.32         0.56         0.59         0.32         0.39         0.28
    259200      9     13
        0.28         0.27         0.47         0.49         0.42         0.33         0.22         0.11         0.06
        0.34         0.39         0.44         0.36         0.34         0.28         0.11         0.06         0.09
        0.18         0.20         0.32         0.25         0.24         0.26         0.07         0.06         0.20
        0.05         0.07         0.14         0.11         0.07         0.08         0.05         0.07         0.05
        0.12         0.09         0.07         0.05         0.10         0.12         0.07         0.07         0.02
        0.24         0.21         0.16         0.09         0.10         0.08         0.07         0.05         0.02
        0.24         0.21         0.32         0.17         0.09         0.06         0.02         0.02         0.02
        0.06         0.10         0.19         0.15         0.12         0.07         0.01         0.04         0.06
        0.04         0.03         0.07         0.17         0.26         0.19         0.07         0.04         0.05
        0.04         0.04         0.14         0.31         0.35         0.23         0.12         0.08         0.13
        0.04         0.09         0.20         0.21         0.18         0.14         0.18         0.14         0.17
        0.01         0.03         0.10         0.09         0.07         0.18         0.24         0.23         0.22
        0.00         0.01         0.09         0.15         0.26         0.35         0.15         0.26         0.23
    345600      9     13
        0.23         0.24         0.55         0.44         0.16         0.03         0.01         0.03         0.02
        0.18         0.12         0.26         0.23         0.17         0.04         0.02         0.06         0.01
        0.24         0.23         0.27         0.19         0.15         0.13         0.06         0.01         0.02
        0.14         0.21         0.30         0.28         0.08         0.08         0.03         0.03         0.06
        0.11         0.15         0.23         0.12         0.03         0.02         0.02         0.07         0.10
        0.12         0.07         0.14         0.13         0.01         0.01         0.04         0.07         0.05
        0.20         0.05         0.03         0.14         0.09         0.05         0.00         0.00         0.00
        0.16         0.07         0.07         0.06         0.01         0.00         0.00         0.00         0.00
        0.08         0.12         0.07         0.01         0.00         0.01         0.01         0.02         0.01
        0.05         0.07         0.03         0.05         0.06         0.10         0.04         0.08         0.07
        0.00         0.02         0.05         0.06         0.03         0.05         0.03         0.17         0.08
        0.00         0.02         0.03         0.01         0.00         0.04         0.09         0.18         0.09
        0.00         0.01         0.03         0.03         0.10         0.14         0.05         0.09         0.07
    432000      9     13
        0.35         0.36         0.31         0.30         0.28         0.19         0.08         0.00         0.01
        0.45         0.12         0.15         0.07         0.04         0.10         0.06         0.01         0.00
        0.33         0.17         0.10         0.04         0.07         0.19         0.03         0.01         0.00
        0.19         0.23         0.15         0.08         0.05         0.09         0.01         0.02         0.01
        0.21         0.18         0.17         0.16         0.08         0.06         0.01         0.04         0.01
        0.25         0.08         0.15         0.14         0.02         0.01         0.00         0.00         0.00
        0.11         0.07         0.20         0.13         0.02         0.01         0.00         0.04         0.05
        0.03         0.05         0.10         0.06         0.01         0.01         0.02         0.03         0.03
        0.03         0.04         0.06         0.01         0.00         0.01         0.01         0.01         0.00
        0.01         0.01         0.00         0.00         0.03         0.04         0.02         0.01         0.00
        0.00         0.00         0.00         0.00         0.03         0.04         0.01         0.01         0.00
        0.00         0.00         0.00         0.00         0.00         0.02         0.01         0.01         0.00
        0.00         0.00         0.00         0.00         0.01         0.08         0.02         0.02         0.01
    518400      9     13
        0.27         0.54         0.35         0.35         0.21         0.07         0.11         0.04         0.00
        0.21         0.29         0.33         0.36         0.06         0.16         0.09         0.01         0.00
        0.33         0.40         0.36         0.38         0.05         0.10         0.10         0.01         0.01
        0.32         0.48         0.31         0.19         0.06         0.02         0.02         0.00         0.02
        0.22         0.15         0.11         0.22         0.10         0.01         0.00         0.00         0.00
        0.11         0.05         0.04         0.14         0.02         0.01         0.00         0.00         0.00
        0.03         0.02         0.02         0.07         0.03         0.00         0.00         0.00         0.00
        0.01         0.02         0.04         0.03         0.01         0.00         0.00         0.00         0.00
        0.01         0.03         0.02         0.00         0.00         0.00         0.00         0.00         0.00
        0.00         0.00         0.00         0.00         0.00         0.01         0.00         0.00         0.00
        0.00         0.00         0.00         0.00         0.00         0.00         0.00         0.01         0.00
        0.00         0.00         0.00         0.00         0.00         0.00         0.00         0.03         0.01
        0.00         0.00         0.00         0.00         0.00         0.05         0.01         0.02         0.02
    604800      9     13
        0.31         0.58         0.65         0.53         0.75         0.56         0.54         0.54         0.32
        0.33         0.68         0.76         0.68         0.61         0.47         0.49         0.35         0.30
        0.39         0.94         0.69         0.52         0.62         0.33         0.35         0.34         0.62
        0.35         0.74         0.64         0.29         0.70         0.15         0.14         0.29         0.60
        0.26         0.48         0.62         0.49         0.58         0.09         0.04         0.16         0.56
        0.18         0.20         0.18         0.30         0.41         0.08         0.14         0.07         0.27
        0.18         0.12         0.06         0.18         0.14         0.01         0.02         0.04         0.03
        0.17         0.14         0.13         0.14         0.07         0.00         0.00         0.00         0.00
        0.30         0.32         0.30         0.19         0.02         0.02         0.01         0.01         0.01
        0.37         0.29         0.25         0.18         0.03         0.06         0.06         0.03         0.03
        0.06         0.05         0.14         0.15         0.02         0.01         0.01         0.01         0.06
        0.01         0.02         0.06         0.05         0.01         0.01         0.01         0.00         0.03
        0.00         0.00         0.01         0.02         0.03         0.14         0.07         0.00         0.01
    691200      9     13
        0.02         0.07         0.11         0.10         0.12         0.08         0.05         0.10         0.16
        0.03         0.12         0.11         0.15         0.20         0.12         0.05         0.12         0.17
        0.07         0.20         0.17         0.18         0.22         0.07         0.08         0.30         0.33
        0.11         0.22         0.26         0.22         0.30         0.07         0.13         0.41         0.44
        0.10         0.28         0.46         0.34         0.43         0.08         0.01         0.16         0.30
        0.05         0.37         0.37         0.34         0.43         0.07         0.00         0.00         0.02
        0.05         0.09         0.09         0.35         0.48         0.05         0.00         0.00         0.01
        0.05         0.06         0.08         0.24         0.17         0.02         0.01         0.00         0.00
        0.08         0.12         0.14         0.24         0.09         0.05         0.03         0.03         0.05
        0.10         0.12         0.18         0.20         0.07         0.03         0.03         0.04         0.03
        0.05         0.03         0.07         0.11         0.02         0.02         0.01         0.01         0.01
        0.09         0.04         0.00         0.01         0.00         0.00         0.00         0.00         0.01
        0.04         0.02         0.00         0.00         0.00         0.00         0.00         0.00         0.00
    777600      9     13
        0.09         0.07         0.12         0.17         0.26         0.19         0.17         0.13         0.06
        0.09         0.06         0.04         0.10         0.09         0.08         0.08         0.11         0.09
        0.12         0.17         0.11         0.10         0.07         0.09         0.08         0.06         0.08
        0.18         0.35         0.39         0.17         0.21         0.06         0.07         0.04         0.05
        0.14         0.30         0.47         0.32         0.25         0.02         0.01         0.03         0.00
        0.05         0.18         0.29         0.15         0.19         0.01         0.00         0.00         0.00
        0.01         0.03         0.07         0.18         0.13         0.00         0.00         0.00         0.00
        0.00         0.01         0.02         0.08         0.07         0.00         0.00         0.00         0.00
        0.00         0.00         0.00         0.01         0.00         0.00         0.00         0.00         0.00
        0.00         0.01         0.01         0.01         0.00         0.00         0.00         0.00         0.01
        0.00         0.00         0.02         0.05         0.00         0.00         0.00         0.01         0.05
        0.00         0.00         0.03         0.09         0.03         0.01         0.01         0.00         0.02
        0.00         0.00         0.02         0.07         0.10         0.01         0.00         0.00         0.00
    864000      9     13
        0.22         0.39         0.71         0.69         0.97         0.78         0.50         0.51         0.50
        0.27         0.54         1.25         1.46         1.54         0.72         0.40         0.27         0.27
        0.27         0.37         1.03         1.46         1.09         0.62         0.49         0.30         0.31
        0.28         0.30         0.35         0.78         0.78         0.39         0.33         0.38         0.37
        0.47         0.47         0.22         0.33         0.51         0.17         0.08         0.12         0.16
        0.61         0.58         0.31         0.38         0.41         0.08         0.02         0.04         0.07
        0.57         0.39         0.31         0.47         0.39         0.07         0.01         0.00         0.01
        0.41         0.41         0.34         0.36         0.20         0.04         0.01         0.01         0.00
        0.50         0.52         0.32         0.28         0.13         0.04         0.01         0.01         0.00
        0.53         0.69         0.49         0.33         0.09         0.03         0.01         0.01         0.02
        0.36         0.37         0.44         0.34         0.07         0.01         0.00         0.01         0.01
        0.14         0.14         0.32         0.35         0.11         0.01         0.00         0.00         0.01
        0.01         0.06         0.23         0.27         0.17         0.03         0.01         0.00         0.00
    950400      9     13
        0.21         0.18         0.18         0.20         0.29         0.16         0.16         0.19         0.22
        0.23         0.17         0.13         0.18         0.24         0.18         0.24         0.27         0.19
        0.13         0.14         0.21         0.22         0.14         0.14         0.33         0.27         0.27
        0.18         0.10         0.10         0.22         0.20         0.18         0.30         0.24         0.25
        0.20         0.16         0.11         0.10         0.12         0.09         0.10         0.18         0.23
        0.22         0.27         0.27         0.21         0.13         0.06         0.06         0.06         0.08
        0.18         0.15         0.14         0.09         0.08         0.03         0.02         0.01         0.01
        0.14         0.14         0.09         0.11         0.04         0.01         0.03         0.02         0.00
        0.28         0.31         0.28         0.30         0.17         0.07         0.04         0.03         0.07
        0.34         0.40         0.36         0.37         0.23         0.13         0.12         0.12         0.23
        0.29         0.44         0.56         0.39         0.17         0.23         0.13         0.18         0.20
        0.21         0.38         0.39         0.31         0.18         0.22         0.10         0.10         0.10
        0.14         0.24         0.31         0.39         0.33         0.21         0.13         0.15         0.09
   1036800      9     13
        0.17         0.23         0.22         0.24         0.32         0.22         0.18         0.24         0.39
        0.35         0.40         0.63         0.50         0.34         0.21         0.10         0.14         0.42
        0.71         0.64         0.59         0.56         0.31         0.25         0.33         0.21         0.42
        0.52         0.37         0.42         0.37         0.39         0.36         0.44         0.56         0.67
        0.53         0.55         0.50         0.45         0.43         0.45         0.48         0.48         0.53
        0.26         0.40         0.42         0.47         0.38         0.39         0.46         0.27         0.26
        0.05         0.15         0.22         0.49         0.50         0.45         0.43         0.24         0.13
        0.04         0.14         0.12         0.34         0.35         0.25         0.20         0.20         0.21
        0.10         0.19         0.21         0.20         0.18         0.16         0.15         0.29         0.31
        0.22         0.28         0.31         0.13         0.05         0.10         0.11         0.29         0.34
        0.29         0.33         0.26         0.10         0.09         0.13         0.08         0.14         0.14
        0.10         0.14         0.20         0.13         0.09         0.06         0.06         0.09         0.04
        0.01         0.06         0.09         0.16         0.12         0.09         0.04         0.03         0.01
   1123200      9     13
        0.15         0.17         0.31         0.36         0.44         0.70         0.57         0.57         0.58
        0.18         0.28         0.42         0.52         0.67         0.72         0.65         0.66         0.68
        0.28         0.37         0.30         0.38         0.63         0.72         0.77         0.65         0.73
        0.19         0.35         0.13         0.20         0.79         0.72         0.46         0.63         0.87
        0.33         0.35         0.20         0.19         0.62         0.67         0.19         0.78         0.86
        0.52         0.36         0.34         0.25         0.35         0.71         0.27         0.56         0.63
        0.63         0.44         0.38         0.29         0.17         0.20         0.35         0.25         0.36
        0.55         0.62         0.61         0.37         0.32         0.32         0.44         0.58         0.50
        0.40         0.69         0.42         0.32         0.24         0.40         0.42         0.52         0.61
        0.47         0.59         0.45         0.36         0.44         0.58         0.55         0.62         0.96
        0.40         0.37         0.39         0.39         0.36         0.38         0.42         0.42         0.53
        0.36         0.39         0.36         0.34         0.30         0.36         0.40         0.42         0.40
        0.05         0.06         0.13         0.19         0.16         0.23         0.23         0.40         0.31
   1209600      9     13
        0.41         0.56         0.38         0.13         0.21         0.25         0.14         0.25         0.21
        0.47         0.46         0.43         0.38         0.25         0.36         0.14         0.09         0.15
        0.59         0.71         0.72         0.46         0.36         0.42         0.12         0.08         0.31
        0.87         0.86         0.87         0.60         0.28         0.32         0.10         0.21         0.45
        1.04         0.76         0.94         0.55         0.28         0.30         0.23         0.41         0.34
        0.86         0.65         0.75         0.54         0.38         0.38         0.23         0.37         0.34
        0.73         0.49         0.64         0.56         0.40         0.38         0.28         0.43         0.39
        0.83         0.64         0.68         0.49         0.34         0.55         0.53         0.45         0.35
        0.89         0.82         0.57         0.38         0.30         0.51         0.60         0.49         0.34
        0.60         0.75         0.66         0.45         0.37         0.42         0.38         0.32         0.23
        0.52         0.73         0.70         0.50         0.34         0.20         0.17         0.28         0.28
        0.52         0.60         0.48         0.42         0.36         0.19         0.20         0.26         0.25
        0.24         0.42         0.29         0.38         0.43         0.24         0.25         0.32         0.35
   1296000      9     13
        0.48         0.45         0.64         0.53         0.45         0.52         0.46         0.37         0.26
        0.36         0.41         0.61         0.44         0.49         0.61         0.47         0.43         0.33
        0.34         0.45         0.57         0.42         0.53         0.80         0.43         0.32         0.50
        0.28         0.35         0.63         0.55         0.56         0.65         0.38         0.35         0.43
        0.34         0.39         0.67         0.56         0.67         0.74         0.39         0.26         0.45
        0.59         0.48         0.59         0.50         0.72         0.72         0.31         0.17         0.34
        0.42         0.55         0.59         0.46         0.61         0.51         0.31         0.25         0.41
        0.36         0.60         0.68         0.42         0.55         0.50         0.31         0.30         0.46
        0.40         0.44         0.52         0.55         0.72         0.77         0.37         0.33         0.29
        0.21         0.28         0.45         0.60         0.72         0.54         0.36         0.26         0.24
        0.08         0.08         0.20         0.27         0.30         0.13         0.13         0.14         0.22
        0.06         0.09         0.31         0.20         0.08         0.15         0.17         0.11         0.19
        0.08         0.15         0.18         0.07         0.07         0.10         0.10         0.16         0.23