         0      9     13
        0.18         0.11         0.08         0.06         0.06         0.02         0.01         0.04         0.06
        0.17         0.12         0.09         0.12         0.06         0.03         0.06         0.04         0.06
        0.18         0.15         0.11         0.09         0.02         0.13         0.16         0.03         0.15
        0.05         0.15         0.16         0.24         0.12         0.13         0.15         0.05         0.23
        0.12         0.17         0.24         0.41         0.14         0.03         0.05         0.04         0.09
        0.13         0.13         0.17         0.28         0.15         0.06         0.06         0.04         0.02
        0.21         0.17         0.06         0.11         0.05         0.04         0.03         0.01         0.00
        0.26         0.26         0.22         0.10         0.04         0.00         0.00         0.00         0.00
        0.08         0.12         0.16         0.04         0.01         0.01         0.01         0.00         0.01
        0.05         0.03         0.02         0.01         0.01         0.01         0.02         0.00         0.01
        0.01         0.01         0.02         0.03         0.01         0.00         0.00         0.00         0.00
        0.00         0.00         0.03         0.04         0.03         0.02         0.01         0.00         0.00
        0.02         0.04         0.07         0.16         0.14         0.11         0.06         0.04         0.01
     86400      9     13
        0.39         0.15         0.11         0.05         0.09         0.05         0.05         0.05         0.06
        0.22         0.06         0.21         0.19         0.07         0.11         0.09         0.15         0.14
        0.07         0.04         0.09         0.18         0.08         0.24         0.19         0.26         0.48
        0.04         0.11         0.08         0.14         0.06         0.20         0.15         0.37         0.64
        0.09         0.16         0.13         0.26         0.09         0.06         0.14         0.31         0.45
        0.15         0.21         0.22         0.38         0.18         0.06         0.17         0.23         0.08
        0.05         0.12         0.11         0.09         0.12         0.14         0.06         0.06         0.02
        0.11         0.09         0.10         0.06         0.05         0.05         0.01         0.01         0.01
        0.19         0.11         0.12         0.06         0.04         0.06         0.02         0.00         0.00
        0.08         0.04         0.02         0.04         0.11         0.15         0.08         0.05         0.06
        0.00         0.00         0.01         0.04         0.08         0.07         0.07         0.06         0.08
        0.00         0.01         0.01         0.03         0.03         0.07         0.11         0.04         0.04
        0.00         0.01         0.03         0.12         0.06         0.20         0.30         0.12         0.07
    172800      9     13
        0.11         0.32         0.32         0.20         0.12         0.08         0.03         0.08         0.01
        0.10         0.05         0.16         0.20         0.15         0.05         0.13         0.16         0.07
        0.11         0.01         0.08         0.15         0.34         0.27         0.17         0.25         0.28
        0.07         0.04         0.21         0.18         0.25         0.27         0.10         0.27         0.47
        0.09         0.07         0.21         0.14         0.24         0.48         0.36         0.37         0.33
        0.13         0.10         0.19         0.11         0.21         0.42         0.59         0.46         0.36
        0.16         0.17         0.16         0.13         0.19         0.13         0.19         0.56         0.67
        0.19         0.31         0.36         0.29         0.13         0.06         0.09         0.39         0.62
        0.56         0.58         0.42         0.32         0.30         0.18         0.12         0.33         0.69
        0.52         0.40         0.46         0.43         0.56         0.49         0.27         0.30         0.50
        0.03         0.23         0.78         0.70         0.63         0.79         0.63         0.40         0.49
        0.14         0.25         0.94         0.62         0.52         0.89         0.87         0.44         0.34
        0.17         0.38         0.52         0.71         0.68         0.55         0.75         0.71         0.45
    259200      9     13
        0.32         0.51         0.40         0.45         0.19         0.14         0.46         0.53         0.46
        0.11         0.30         0.57         0.48         0.17         0.17         0.41         0.59         0.64
        0.14         0.18         0.53         0.60         0.40         0.40         0.45         0.45         0.68
        0.20         0.42         0.70         0.60         0.64         0.76         0.51         0.56         1.00
        0.66         0.76         0.97         0.71         1.03         1.34         1.61         2.94         2.00
        0.84         0.71         0.85         0.48         1.00         1.47         1.59         2.30         1.90
        0.72         0.54         0.93         0.63         0.91         1.02         0.91         0.90         1.28
        0.47         0.53         1.13         0.88         0.64         0.45         0.56         0.95         1.29
        0.44         0.68         0.72         0.99         1.02         0.73         0.82         1.56         1.58
        0.48         0.51         0.71         1.22         1.48         1.12         1.00         1.94         1.90
        0.31         0.49         1.15         1.86         1.66         1.24         1.22         1.30         1.94
        0.39         0.99         2.27         4.13         2.04         1.38         1.47         1.31         1.70
        0.85         1.55         2.21         2.42         1.28         1.06         1.01         1.16         1.20
    345600      9     13
        0.80         1.12         1.69         1.43         1.21         1.17         1.30         1.14         0.96
        0.48         0.54         1.26         1.24         0.85         0.98         1.08         0.96         0.97
        0.49         0.52         1.16         1.52         1.29         1.38         1.19         1.26         1.20
        0.51         0.55         0.90         1.43         1.34         1.52         1.48         1.94         1.85
        0.88         0.68         0.92         1.36         1.25         1.05         1.32         1.59         1.88
        0.40         0.50         0.63         0.95         1.11         0.78         0.99         1.18         1.36
        0.31         0.43         0.59         0.40         0.55         0.53         0.52         0.82         1.02
        0.34         0.36         0.47         0.27         0.22         0.34         0.40         0.43         0.50
        0.52         0.43         0.29         0.32         0.34         0.38         0.45         0.52         0.42
        0.33         0.34         0.28         0.28         0.32         0.16         0.22         0.47         0.44
        0.19         0.26         0.27         0.30         0.18         0.21         0.37         0.56         0.70
        0.09         0.14         0.23         0.28         0.24         0.34         0.38         0.38         0.43
        0.06         0.04         0.14         0.25         0.37         0.35         0.28         0.15         0.13
    432000      9     13
        1.58         1.25         1.12         0.96         0.44         0.39         0.53         0.70         0.71
        1.07         1.12         0.97         0.87         0.65         0.43         0.33         0.40         0.61
        0.75         0.82         1.04         0.73         0.71         0.66         0.39         0.44         0.52
        0.39         0.35         0.70         0.71         0.71         0.59         0.43         0.46         0.36
        0.67         0.57         0.45         0.45         0.51         0.61         0.54         0.40         0.33
        0.75         0.70         0.68         0.60         0.39         0.45         0.48         0.57         0.56
        0.60         0.73         0.82         0.86         0.59         0.57         0.63         0.60         0.54
        0.48         0.60         0.62         0.62         0.58         0.63         0.59         0.58         0.65
        0.47         0.32         0.39         0.65         0.63         0.75         0.62         0.60         0.57
        0.42         0.35         0.47         0.53         0.41         0.54         0.69         0.60         0.52
        0.31         0.37         0.46         0.44         0.23         0.24         0.70         0.75         0.64
        0.42         0.43         0.50         0.54         0.53         0.25         0.42         1.02         1.05
        0.62         0.38         0.45         0.67         0.69         0.41         0.46         0.80         1.19
    518400      9     13
        0.85         1.06         1.08         1.02         0.95         0.79         0.57         0.46         0.39
        0.84         1.20         1.38         1.28         1.04         0.79         0.70         0.67         0.53
        0.98         1.09         1.16         1.10         1.12         0.68         0.86         1.02         0.81
        1.13         1.00         0.90         0.90         0.86         0.42         0.59         0.84         0.86
        0.97         0.88         0.66         0.71         0.72         0.30         0.36         0.55         0.64
        0.83         0.76         0.54         0.67         0.62         0.30         0.43         0.47         0.61
        1.01         1.04         0.76         0.80         0.51         0.36         0.62         0.55         0.60
        1.49         1.18         0.78         0.69         0.43         0.47         0.73         0.77         0.70
        2.29         2.01         1.08         0.87         0.67         0.74         0.85         0.84         0.80
        2.83         2.77         1.84         1.68         0.90         0.88         1.04         1.04         0.91
        1.77         2.04         1.92         2.11         1.14         0.87         1.22         1.51         1.26
        1.72         1.82         1.91         1.48         0.96         0.71         0.72         1.17         1.48
        1.87         1.89         2.24         2.41         1.60         0.71         0.64         0.68         1.04
    604800      9     13
        0.35         0.32         0.56         0.68         0.61         0.52         0.70         0.52         0.21
        0.54         0.47         0.57         0.49         0.53         0.72         0.54         0.35         0.40
        0.56         0.56         0.73         0.46         0.41         0.80         0.50         0.37         0.55
        0.36         0.29         0.72         0.64         0.51         0.66         0.72         0.71         0.81
        0.20         0.09         0.38         0.43         0.48         0.71         0.76         0.78         1.29
        0.21         0.09         0.13         0.14         0.45         0.91         0.82         0.86         1.85
        0.12         0.07         0.09         0.11         0.32         0.64         0.80         0.83         1.18
        0.10         0.07         0.12         0.18         0.18         0.39         0.57         0.66         0.85
        0.21         0.22         0.32         0.65         0.70         0.42         0.47         0.56         0.84
        0.53         0.53         0.60         0.87         0.70         0.32         0.39         0.43         0.53
        0.56         0.48         0.40         0.37         0.24         0.23         0.32         0.32         0.28
        0.43         0.34         0.57         0.67         0.71         0.89         0.27         0.15         0.20
        0.33         0.21         0.46         0.75         1.06         0.83         0.15         0.28         0.54
    691200      9     13
        0.27         0.12         0.37         0.41         0.35         0.36         0.51         0.43         0.45
        0.27         0.11         0.29         0.39         0.27         0.43         0.53         0.54         0.68
        0.15         0.11         0.26         0.39         0.29         0.32         0.47         0.58         0.55
        0.07         0.10         0.28         0.46         0.46         0.30         0.51         0.61         0.42
        0.10         0.12         0.28         0.54         0.62         0.40         0.63         0.73         0.71
        0.13         0.19         0.39         0.69         0.72         0.62         0.76         0.90         1.00
        0.22         0.39         0.68         0.82         0.59         0.55         0.71         0.90         1.06
        0.30         0.37         0.38         0.32         0.45         0.54         0.74         0.65         0.71
        0.13         0.20         0.21         0.30         0.46         0.66         0.64         0.50         0.60
        0.17         0.32         0.31         0.40         0.51         0.42         0.35         0.41         0.52
        0.31         0.45         0.52         0.41         0.48         0.35         0.26         0.41         0.37
        0.50         0.61         0.65         0.60         0.59         0.63         0.43         0.27         0.19
        0.47         0.51         0.48         0.49         0.69         0.72         0.40         0.20         0.07
    777600      9     13
        0.27         0.21         0.37         0.31         0.23         0.15         0.15         0.15         0.19
        0.47         0.39         0.35         0.20         0.13         0.20         0.30         0.24         0.19
        0.56         0.51         0.41         0.31         0.23         0.39         0.36         0.24         0.49
        0.53         0.45         0.43         0.41         0.36         0.36         0.36         0.32         0.38
        0.36         0.37         0.45         0.48         0.47         0.37         0.35         0.33         0.41
        0.37         0.42         0.40         0.51         0.65         0.47         0.45         0.32         0.33
        0.29         0.37         0.39         0.51         0.51         0.44         0.43         0.41         0.50
        0.22         0.34         0.47         0.33         0.33         0.16         0.27         0.56         0.84
        0.27         0.38         0.36         0.22         0.12         0.09         0.56         0.89         0.96
        0.46         0.54         0.52         0.37         0.18         0.31         0.62         0.72         0.71
        0.39         0.46         0.49         0.37         0.32         0.44         0.59         0.81         0.78
        0.27         0.29         0.36         0.35         0.40         0.52         0.56         0.86         1.06
        0.21         0.17         0.21         0.29         0.56         0.51         0.67         0.86         1.50
    864000      9     13
        0.30         0.10         0.23         0.38         0.41         0.50         0.55         0.59         0.77
        0.24         0.10         0.26         0.44         0.48         0.61         0.58         0.83         0.86
        0.09         0.11         0.29         0.49         0.65         0.75         0.63         0.93         0.89
        0.11         0.23         0.32         0.49         0.92         1.37         0.91         0.85         0.92
        0.17         0.20         0.28         0.38         0.67         1.13         0.92         1.00         1.34
        0.26         0.23         0.28         0.44         0.40         0.52         0.53         0.71         1.06
        0.17         0.34         0.42         0.71         0.54         0.44         0.47         0.47         0.57
        0.13         0.33         0.51         0.63         0.40         0.30         0.47         0.62         0.68
        0.14         0.30         0.53         0.62         0.28         0.17         0.29         0.47         0.63
        0.18         0.22         0.36         0.43         0.27         0.27         0.26         0.28         0.45
        0.18         0.21         0.26         0.33         0.28         0.34         0.34         0.43         0.38
        0.34         0.38         0.35         0.39         0.46         0.50         0.31         0.16         0.08
        0.61         0.49         0.40         0.46         0.63         0.70         0.42         0.22         0.05
    950400      9     13
        0.37         0.30         0.49         0.59         0.54         0.42         0.42         0.57         0.59
        0.37         0.30         0.57         0.59         0.63         0.86         0.53         0.41         0.86
        0.28         0.31         0.62         0.75         0.65         0.67         0.52         0.44         0.87
        0.18         0.34         0.78         1.07         1.04         0.71         0.53         0.92         1.97
        0.18         0.33         0.85         0.93         0.98         0.93         0.67         1.68         3.47
        0.34         0.47         0.66         0.67         0.77         1.02         1.08         1.88         2.81
        0.55         0.90         0.77         0.54         0.56         1.05         1.19         1.88         2.38
        0.39         0.93         1.18         1.11         0.97         1.08         1.21         1.49         1.95
        0.23         0.63         1.01         1.39         1.69         1.66         1.21         1.19         1.50
        0.28         0.72         1.20         1.75         1.96         1.60         1.25         1.37         1.59
        0.23         0.52         1.12         1.90         2.08         1.28         0.77         1.03         1.49
        0.20         0.59         0.92         1.49         1.68         1.13         0.68         0.62         0.65
        0.11         0.41         0.63         0.95         1.34         0.98         0.66         0.51         0.33
   1036800      9     13
        0.14         0.05         0.05         0.22         0.24         0.16         0.21         0.39         0.43
        0.08         0.04         0.07         0.19         0.13         0.16         0.27         0.53         0.61
        0.03         0.02         0.08         0.29         0.19         0.17         0.32         0.73         0.74
        0.03         0.03         0.08         0.37         0.43         0.30         0.38         1.04         1.50
        0.08         0.07         0.10         0.26         0.44         0.41         0.37         0.90         1.62
        0.10         0.15         0.19         0.22         0.33         0.34         0.40         0.79         1.30
        0.14         0.18         0.25         0.32         0.41         0.46         0.56         0.88         1.44
        0.18         0.29         0.40         0.59         0.75         0.96         1.22         1.15         2.24
        0.18         0.41         0.78         1.34         1.81         1.91         2.02         1.41         1.63
        0.42         0.67         1.25         2.08         2.45         2.31         2.19         1.49         1.35
        0.79         1.16         1.62         2.41         2.14         1.53         1.19         0.92         1.10
        0.92         1.79         2.06         2.31         1.83         1.20         0.93         0.87         1.17
        0.78         1.34         1.52         1.48         1.35         1.08         0.96         0.99         1.05
   1123200      9     13
        0.22         0.42         0.53         0.41         0.47         0.18         0.13         0.68         0.86
        0.10         0.28         0.39         0.37         0.39         0.13         0.12         0.17         0.18
        0.11         0.12         0.19         0.14         0.13         0.12         0.13         0.08         0.09
        0.11         0.08         0.07         0.09         0.08         0.07         0.11         0.07         0.08
        0.08         0.06         0.11         0.10         0.05         0.03         0.05         0.06         0.08
        0.09         0.09         0.09         0.06         0.07         0.06         0.06         0.10         0.09
        0.09         0.11         0.10         0.05         0.04         0.08         0.10         0.09         0.09
        0.10         0.07         0.09         0.06         0.13         0.22         0.22         0.25         0.23
        0.22         0.15         0.08         0.06         0.15         0.36         0.36         0.21         0.24
        0.37         0.41         0.20         0.14         0.17         0.18         0.15         0.11         0.21
        0.37         0.44         0.47         0.45         0.40         0.25         0.15         0.17         0.26
        0.53         0.46         0.51         0.69         0.73         0.54         0.37         0.40         0.67
        0.46         0.36         0.48         0.66         0.66         0.54         0.35         0.27         0.40
   1209600      9     13
        0.12         0.27         0.31         0.13         0.18         0.27         0.16         0.21         0.27
        0.11         0.29         0.30         0.14         0.21         0.29         0.14         0.19         0.25
        0.08         0.25         0.29         0.14         0.21         0.23         0.13         0.21         0.27
        0.10         0.17         0.31         0.22         0.22         0.17         0.17         0.24         0.18
        0.11         0.21         0.39         0.29         0.23         0.22         0.15         0.15         0.19
        0.16         0.30         0.43         0.27         0.29         0.27         0.25         0.23         0.18
        0.26         0.35         0.34         0.16         0.31         0.32         0.28         0.21         0.13
        0.44         0.42         0.25         0.16         0.28         0.31         0.25         0.20         0.14
        0.70         0.70         0.41         0.28         0.24         0.28         0.27         0.25         0.25
        1.18         0.78         0.40         0.30         0.23         0.21         0.24         0.26         0.37
        1.06         0.62         0.31         0.20         0.17         0.10         0.11         0.12         0.19
        0.95         0.49         0.24         0.20         0.22         0.19         0.12         0.06         0.04
        0.87         0.45         0.25         0.12         0.20         0.16         0.16         0.11         0.05
   1296000      9     13
        0.18         0.16         0.07         0.05         0.03         0.06         0.06         0.09         0.11
        0.09         0.07         0.08         0.07         0.04         0.06         0.05         0.09         0.19
        0.08         0.09         0.14         0.19         0.12         0.10         0.04         0.04         0.25
        0.06         0.09         0.23         0.34         0.23         0.20         0.10         0.19         0.23
        0.09         0.19         0.29         0.26         0.39         0.32         0.20         0.23         0.33
        0.18         0.28         0.25         0.29         0.44         0.35         0.27         0.21         0.37
        0.30         0.20         0.27         0.36         0.28         0.29         0.23         0.18         0.30
        0.28         0.22         0.35         0.23         0.26         0.24         0.13         0.10         0.19
        0.14         0.27         0.27         0.27         0.29         0.17         0.07         0.03         0.08
        0.24         0.27         0.26         0.32         0.24         0.15         0.04         0.01         0.07
        0.25         0.23         0.27         0.24         0.19         0.11         0.03         0.02         0.03
        0.23         0.24         0.31         0.30         0.23         0.11         0.06         0.03         0.03
        0.18         0.19         0.20         0.24         0.29         0.22         0.15         0.07         0.03