         0      9     13
        0.09         0.12         0.04         0.00         0.00         0.00         0.00         0.00         0.00
        0.08         0.09         0.03         0.00         0.00         0.00         0.00         0.00         0.00
        0.01         0.05         0.06         0.01         0.01         0.00         0.00         0.00         0.01
        0.02         0.04         0.05         0.01         0.06         0.02         0.00         0.00         0.02
        0.06         0.05         0.04         0.01         0.03         0.03         0.00         0.00         0.00
        0.02         0.05         0.02         0.00         0.02         0.03         0.00         0.00         0.00
        0.01         0.01         0.00         0.00         0.01         0.00         0.00         0.00         0.02
        0.01         0.01         0.00         0.00         0.00         0.00         0.00         0.01         0.02
        0.02         0.01         0.00         0.00         0.00         0.00         0.00         0.00         0.01
        0.03         0.00         0.01         0.00         0.00         0.00         0.00         0.00         0.00
        0.00         0.01         0.03         0.01         0.00         0.00         0.00         0.00         0.00
        0.00         0.01         0.02         0.01         0.00         0.00         0.00         0.00         0.00
        0.02         0.00         0.00         0.01         0.00         0.00         0.00         0.00         0.00
     86400      9     13
        0.01         0.06         0.05         0.02         0.00         0.01         0.04         0.01         0.00
        0.04         0.11         0.12         0.02         0.00         0.00         0.01         0.00         0.00
        0.06         0.12         0.21         0.06         0.04         0.09         0.07         0.01         0.02
        0.10         0.11         0.14         0.08         0.24         0.25         0.10         0.10         0.20
        0.13         0.15         0.13         0.05         0.19         0.31         0.17         0.25         0.32
        0.16         0.19         0.13         0.07         0.25         0.41         0.32         0.28         0.43
        0.27         0.14         0.18         0.18         0.32         0.38         0.27         0.39         0.52
        0.26         0.19         0.18         0.19         0.38         0.37         0.32         0.56         0.74
        0.32         0.22         0.06         0.08         0.17         0.35         0.39         0.41         0.63
        0.31         0.21         0.10         0.09         0.05         0.12         0.20         0.14         0.47
        0.24         0.28         0.22         0.05         0.02         0.06         0.06         0.14         0.42
        0.29         0.24         0.19         0.06         0.03         0.13         0.04         0.15         0.36
        0.30         0.28         0.21         0.17         0.04         0.04         0.03         0.05         0.08
    172800      9     13
        0.03         0.03         0.07         0.07         0.08         0.05         0.18         0.09         0.02
        0.01         0.04         0.19         0.08         0.08         0.04         0.11         0.11         0.02
        0.03         0.09         0.17         0.05         0.12         0.16         0.23         0.14         0.19
        0.07         0.09         0.19         0.08         0.20         0.30         0.30         0.33         0.51
        0.07         0.12         0.14         0.10         0.22         0.46         0.42         0.42         0.58
        0.23         0.25         0.15         0.13         0.27         0.54         0.47         0.38         0.33
        0.29         0.29         0.17         0.11         0.27         0.42         0.30         0.26         0.19
        0.36         0.25         0.28         0.16         0.26         0.28         0.17         0.18         0.10
        0.42         0.33         0.34         0.24         0.17         0.08         0.05         0.05         0.04
        0.42         0.23         0.29         0.23         0.18         0.08         0.04         0.06         0.07
        0.73         0.55         0.45         0.21         0.21         0.17         0.11         0.12         0.04
        0.66         0.58         0.50         0.27         0.26         0.35         0.16         0.25         0.13
        0.32         0.34         0.44         0.40         0.29         0.30         0.12         0.24         0.29
    259200      9     13
        0.04         0.05         0.29         0.24         0.22         0.09         0.10         0.16         0.06
        0.01         0.04         0.17         0.14         0.09         0.06         0.16         0.15         0.09
        0.02         0.04         0.06         0.03         0.05         0.16         0.18         0.15         0.29
        0.03         0.04         0.04         0.03         0.10         0.20         0.12         0.23         0.33
        0.04         0.10         0.04         0.03         0.09         0.17         0.12         0.26         0.36
        0.14         0.15         0.10         0.07         0.14         0.17         0.12         0.10         0.26
        0.26         0.13         0.13         0.15         0.16         0.13         0.06         0.04         0.15
        0.38         0.29         0.15         0.11         0.07         0.14         0.06         0.06         0.11
        0.25         0.24         0.14         0.18         0.13         0.13         0.11         0.15         0.10
        0.30         0.16         0.17         0.27         0.24         0.17         0.15         0.19         0.17
        0.33         0.27         0.28         0.19         0.17         0.33         0.15         0.16         0.24
        0.30         0.26         0.21         0.17         0.12         0.32         0.19         0.12         0.19
        0.18         0.24         0.26         0.31         0.18         0.20         0.19         0.17         0.17
    345600      9     13
        0.05         0.15         0.15         0.03         0.10         0.01         0.05         0.13         0.05
        0.04         0.13         0.21         0.12         0.06         0.01         0.06         0.12         0.02
        0.03         0.07         0.13         0.15         0.08         0.05         0.07         0.09         0.17
        0.08         0.05         0.17         0.23         0.11         0.07         0.08         0.15         0.14
        0.13         0.10         0.17         0.19         0.09         0.06         0.04         0.04         0.04
        0.44         0.31         0.24         0.15         0.06         0.06         0.01         0.06         0.10
        0.47         0.19         0.18         0.08         0.09         0.04         0.02         0.10         0.16
        0.50         0.28         0.13         0.08         0.03         0.04         0.03         0.10         0.10
        0.35         0.33         0.12         0.14         0.09         0.07         0.02         0.06         0.09
        0.32         0.13         0.16         0.27         0.24         0.10         0.05         0.07         0.09
        0.33         0.27         0.24         0.15         0.16         0.32         0.14         0.10         0.16
        0.32         0.23         0.19         0.12         0.06         0.30         0.13         0.11         0.11
        0.37         0.35         0.27         0.23         0.10         0.15         0.06         0.08         0.07
    432000      9     13
        0.34         0.74         0.66         0.52         0.80         0.57         0.47         0.48         0.42
        0.10         0.60         0.70         0.62         0.31         0.42         0.41         0.39         0.18
        0.22         0.19         0.14         0.22         0.20         0.54         0.54         0.44         0.32
        0.39         0.26         0.17         0.04         0.27         0.57         0.28         0.14         0.34
        0.44         0.31         0.12         0.03         0.14         0.26         0.11         0.38         0.60
        0.34         0.39         0.16         0.09         0.20         0.17         0.06         0.11         0.27
        0.80         0.22         0.22         0.15         0.14         0.14         0.06         0.13         0.15
        0.38         0.27         0.25         0.07         0.06         0.19         0.09         0.24         0.25
        0.21         0.27         0.10         0.06         0.04         0.18         0.20         0.33         0.40
        0.37         0.22         0.11         0.14         0.17         0.16         0.15         0.28         0.33
        0.39         0.24         0.28         0.15         0.14         0.30         0.20         0.15         0.39
        0.30         0.28         0.30         0.17         0.13         0.38         0.23         0.17         0.32
        0.36         0.37         0.28         0.31         0.21         0.30         0.24         0.20         0.22
    518400      9     13
        0.39         0.47         0.64         0.59         0.64         0.54         0.73         0.88         0.53
        0.09         0.23         0.56         0.37         0.50         0.50         0.54         0.43         0.26
        0.19         0.11         0.29         0.16         0.29         0.61         0.58         0.35         0.51
        0.26         0.17         0.12         0.13         0.32         0.59         0.24         0.22         0.71
        0.07         0.10         0.03         0.02         0.24         0.47         0.21         0.43         0.73
        0.07         0.18         0.07         0.12         0.28         0.42         0.37         0.55         0.69
        0.14         0.13         0.08         0.20         0.28         0.24         0.28         0.37         0.47
        0.18         0.15         0.13         0.10         0.14         0.21         0.25         0.42         0.43
        0.25         0.21         0.07         0.07         0.02         0.05         0.19         0.34         0.38
        0.39         0.21         0.15         0.22         0.17         0.02         0.01         0.06         0.18
        0.46         0.33         0.27         0.22         0.21         0.23         0.01         0.02         0.07
        0.44         0.35         0.34         0.20         0.17         0.37         0.06         0.02         0.07
        0.46         0.30         0.28         0.27         0.14         0.17         0.05         0.01         0.02
    604800      9     13
        0.19         0.20         0.40         0.38         0.65         0.57         0.49         0.41         0.30
        0.05         0.23         0.52         0.47         0.55         0.60         0.49         0.40         0.32
        0.12         0.36         0.75         0.63         0.54         0.80         0.81         0.46         0.61
        0.16         0.25         0.63         0.50         0.79         0.93         0.45         0.37         0.82
        0.10         0.17         0.19         0.14         0.62         0.69         0.24         0.39         0.53
        0.16         0.31         0.17         0.12         0.18         0.28         0.29         0.45         0.70
        0.12         0.11         0.20         0.32         0.33         0.28         0.26         0.38         0.51
        0.17         0.06         0.21         0.39         0.46         0.36         0.30         0.40         0.35
        0.37         0.07         0.10         0.37         0.47         0.30         0.29         0.38         0.34
        0.40         0.09         0.14         0.27         0.29         0.11         0.23         0.35         0.31
        0.36         0.29         0.30         0.23         0.22         0.18         0.21         0.28         0.36
        0.42         0.38         0.25         0.16         0.10         0.32         0.23         0.29         0.34
        0.27         0.19         0.29         0.25         0.12         0.20         0.10         0.16         0.12
    691200      9     13
        0.46         0.57         0.44         0.34         0.54         0.51         0.50         0.40         0.24
        0.60         0.87         0.99         0.81         0.68         0.55         0.46         0.33         0.08
        0.61         0.82         0.86         0.95         0.94         0.59         0.83         0.62         0.25
        0.24         0.24         0.31         0.36         0.49         0.54         0.80         0.52         0.53
        0.02         0.10         0.12         0.19         0.22         0.38         0.49         0.51         0.78
        0.08         0.21         0.28         0.26         0.24         0.30         0.57         0.67         0.80
        0.11         0.29         0.25         0.27         0.54         0.75         0.71         0.64         0.79
        0.12         0.18         0.13         0.11         0.37         0.59         0.41         0.45         0.53
        0.43         0.24         0.09         0.10         0.25         0.37         0.36         0.42         0.70
        0.65         0.30         0.16         0.19         0.32         0.49         0.37         0.62         0.83
        0.38         0.28         0.30         0.30         0.35         0.31         0.45         0.72         0.74
        0.58         0.48         0.44         0.43         0.30         0.50         0.38         0.64         0.70
        0.47         0.56         0.37         0.39         0.39         0.60         0.57         0.64         0.79
    777600      9     13
        0.64         0.37         0.43         0.67         1.10         1.18         1.11         0.91         0.67
        0.50         0.38         0.53         0.64         0.62         0.97         0.72         0.55         0.63
        0.53         0.42         0.57         0.43         0.24         0.66         0.53         0.31         0.78
        0.38         0.39         0.43         0.31         0.38         0.53         0.42         0.30         0.58
        0.25         0.44         0.43         0.26         0.52         0.68         0.43         0.43         0.62
        0.45         0.55         0.45         0.49         0.59         0.82         0.70         0.58         0.69
        0.76         0.51         0.15         0.23         0.58         0.51         0.87         0.87         0.82
        0.87         0.45         0.37         0.27         0.27         0.32         0.57         0.80         0.89
        1.62         0.91         0.66         0.37         0.11         0.22         0.61         0.95         1.02
        1.97         1.08         0.69         0.44         0.17         0.20         0.42         1.08         0.96
        1.58         1.25         0.86         0.58         0.49         0.34         0.18         0.72         0.76
        1.29         0.99         1.01         0.74         0.45         0.77         0.27         0.48         0.42
        1.56         1.36         1.08         0.83         0.38         0.62         0.63         0.27         0.36
    864000      9     13
        1.04         1.15         0.64         0.51         0.62         0.47         0.42         0.43         0.46
        0.93         1.23         0.55         0.31         0.41         0.31         0.26         0.36         0.48
        0.62         0.69         0.52         0.22         0.31         0.32         0.19         0.34         0.69
        0.80         0.62         0.46         0.22         0.42         0.23         0.23         0.27         0.64
        0.72         0.79         0.52         0.18         0.34         0.16         0.10         0.35         0.59
        0.52         0.65         0.46         0.29         0.35         0.16         0.17         0.32         0.52
        0.55         0.40         0.46         0.44         0.51         0.27         0.27         0.35         0.50
        0.91         0.24         0.46         0.46         0.36         0.41         0.43         0.43         0.42
        1.16         0.28         0.45         0.55         0.28         0.47         0.59         0.47         0.26
        0.51         0.33         0.36         0.72         0.46         0.50         0.57         0.48         0.34
        0.62         0.39         0.61         0.80         0.64         0.32         0.24         0.44         0.51
        0.73         0.78         1.01         0.82         0.51         0.21         0.11         0.25         0.32
        0.73         1.02         1.09         0.61         0.21         0.09         0.13         0.11         0.09
    950400      9     13
        0.92         0.56         0.32         0.41         0.54         0.40         0.43         0.35         0.11
        0.49         0.34         0.24         0.53         0.47         0.39         0.39         0.33         0.17
        0.52         0.38         0.28         0.58         0.44         0.35         0.38         0.40         0.35
        0.58         0.50         0.47         0.51         0.53         0.30         0.31         0.44         0.53
        0.71         0.68         0.53         0.46         0.58         0.34         0.34         0.53         0.53
        0.80         0.63         0.48         0.60         0.66         0.40         0.45         0.51         0.47
        0.59         0.61         0.61         0.72         0.64         0.39         0.43         0.39         0.42
        0.40         0.49         0.68         0.69         0.60         0.37         0.40         0.40         0.39
        0.56         0.67         0.71         0.70         0.41         0.44         0.44         0.43         0.31
        0.73         0.60         0.56         0.63         0.44         0.48         0.50         0.40         0.27
        0.56         0.51         0.62         0.76         0.52         0.50         0.45         0.57         0.36
        0.43         0.50         0.64         0.86         0.50         0.50         0.40         0.65         0.52
        0.31         0.46         0.43         0.60         0.45         0.41         0.42         0.35         0.59
   1036800      9     13
        1.81         1.29         0.74         0.66         0.65         0.52         0.49         0.52         0.47
        1.40         0.85         0.88         0.98         0.61         0.48         0.46         0.48         0.42
        1.35         1.02         0.97         0.66         0.40         0.35         0.33         0.40         0.46
        1.86         0.91         0.50         0.40         0.25         0.18         0.31         0.35         0.48
        1.45         0.40         0.36         0.20         0.25         0.36         0.36         0.39         0.45
        0.46         0.35         0.24         0.19         0.50         0.43         0.34         0.40         0.49
        0.24         0.30         0.22         0.38         0.74         0.34         0.30         0.28         0.39
        0.36         0.37         0.41         0.59         0.43         0.23         0.27         0.29         0.29
        0.36         0.45         0.40         0.53         0.23         0.15         0.21         0.29         0.21
        0.55         0.48         0.47         0.47         0.29         0.23         0.23         0.28         0.22
        0.46         0.50         0.54         0.35         0.25         0.30         0.20         0.28         0.23
        0.37         0.55         0.48         0.26         0.16         0.20         0.16         0.30         0.20
        0.39         0.63         0.59         0.32         0.16         0.18         0.13         0.19         0.18
   1123200      9     13
        0.02         0.04         0.11         0.14         0.06         0.02         0.02         0.01         0.00
        0.02         0.09         0.07         0.07         0.07         0.07         0.03         0.02         0.01
        0.02         0.06         0.08         0.13         0.12         0.10         0.02         0.02         0.05
        0.12         0.05         0.06         0.06         0.34         0.27         0.03         0.03         0.20
        0.09         0.04         0.02         0.01         0.23         0.28         0.06         0.13         0.30
        0.12         0.07         0.10         0.04         0.22         0.31         0.18         0.18         0.31
        0.19         0.24         0.22         0.10         0.39         0.34         0.20         0.20         0.27
        0.23         0.35         0.28         0.24         0.45         0.35         0.33         0.33         0.21
        0.31         0.45         0.34         0.31         0.31         0.31         0.34         0.32         0.26
        0.39         0.36         0.37         0.36         0.29         0.20         0.10         0.19         0.21
        0.43         0.35         0.51         0.53         0.36         0.31         0.10         0.21         0.32
        0.73         0.57         0.53         0.58         0.43         0.43         0.12         0.22         0.32
        0.61         0.48         0.57         0.69         0.43         0.35         0.05         0.12         0.14
   1209600      9     13
        0.04         0.02         0.02         0.03         0.03         0.01         0.01         0.00         0.00
        0.05         0.05         0.03         0.02         0.02         0.01         0.03         0.01         0.00
        0.07         0.14         0.09         0.04         0.08         0.07         0.07         0.05         0.04
        0.07         0.12         0.11         0.08         0.20         0.13         0.04         0.06         0.12
        0.21         0.22         0.14         0.12         0.25         0.16         0.07         0.14         0.13
        0.27         0.21         0.13         0.20         0.26         0.17         0.16         0.25         0.21
        0.18         0.16         0.11         0.35         0.34         0.23         0.25         0.24         0.26
        0.18         0.19         0.13         0.21         0.16         0.19         0.27         0.31         0.23
        0.18         0.16         0.10         0.06         0.05         0.14         0.20         0.24         0.18
        0.28         0.09         0.09         0.08         0.03         0.10         0.19         0.18         0.09
        0.35         0.27         0.24         0.06         0.03         0.05         0.13         0.18         0.06
        0.32         0.33         0.17         0.03         0.07         0.08         0.07         0.14         0.12
        0.38         0.27         0.21         0.13         0.03         0.05         0.02         0.10         0.13
   1296000      9     13
        0.01         0.01         0.01         0.00         0.00         0.00         0.00         0.00         0.00
        0.04         0.04         0.03         0.01         0.00         0.00         0.01         0.00         0.00
        0.13         0.14         0.23         0.09         0.05         0.06         0.04         0.00         0.00
        0.31         0.19         0.28         0.23         0.23         0.15         0.06         0.05         0.08
        0.33         0.24         0.21         0.22         0.22         0.15         0.06         0.12         0.19
        0.15         0.20         0.11         0.14         0.17         0.18         0.17         0.18         0.18
        0.13         0.13         0.07         0.08         0.15         0.22         0.12         0.08         0.10
        0.05         0.08         0.08         0.10         0.14         0.14         0.09         0.10         0.07
        0.03         0.02         0.02         0.02         0.03         0.05         0.05         0.08         0.06
        0.01         0.01         0.01         0.00         0.00         0.00         0.00         0.01         0.01
        0.01         0.02         0.04         0.00         0.00         0.00         0.01         0.01         0.00
        0.01         0.04         0.03         0.00         0.00         0.00         0.01         0.01         0.01
        0.03         0.02         0.02         0.00         0.00         0.00         0.00         0.02         0.02