         0      9     13
        1.01         0.96         1.07         1.41         0.98         0.97         1.09         1.20         1.10
        1.17         1.05         1.35         1.37         1.01         0.91         1.11         1.23         1.25
        1.18         0.97         0.91         0.69         0.66         0.63         1.09         1.28         1.13
        1.34         1.19         0.83         0.53         0.75         0.73         1.05         0.92         0.96
        1.23         1.33         0.93         0.75         0.95         0.64         0.70         0.86         1.13
        1.06         1.26         1.24         1.04         0.88         0.57         0.82         1.26         1.46
        1.38         1.22         1.56         1.23         1.04         0.68         1.15         1.44         1.55
        1.03         1.18         1.36         1.22         1.29         1.01         1.32         1.42         1.32
        0.72         1.16         1.19         1.34         1.53         1.57         1.42         1.37         1.03
        0.59         0.79         1.52         1.60         1.42         1.44         1.19         0.93         0.94
        0.51         0.66         1.42         1.72         1.46         1.32         1.07         0.93         1.10
        0.73         0.53         0.86         1.62         1.43         1.15         1.14         1.13         1.27
        0.89         0.63         0.82         1.51         1.57         1.15         1.27         1.05         1.10
     86400      9     13
        1.24         1.06         0.85         0.75         0.67         0.86         0.99         0.76         0.56
        1.27         1.27         1.06         0.80         0.71         0.58         0.99         1.23         1.07
        1.14         1.11         0.82         0.61         0.56         0.38         0.60         0.93         1.03
        0.89         0.68         0.58         0.53         0.43         0.31         0.45         0.62         0.68
        0.89         0.68         0.37         0.49         0.43         0.33         0.38         0.36         0.32
        1.29         0.82         0.42         0.38         0.29         0.33         0.43         0.37         0.29
        1.70         0.93         0.63         0.22         0.14         0.46         0.83         0.79         0.59
        1.70         0.94         0.53         0.19         0.18         0.46         0.85         1.05         0.76
        1.48         1.12         0.66         0.30         0.19         0.33         0.64         0.73         0.54
        1.44         1.40         1.05         0.58         0.23         0.26         0.40         0.58         0.55
        2.04         2.06         1.27         0.61         0.35         0.35         0.20         0.41         0.61
        2.24         2.31         1.34         0.53         0.34         0.42         0.30         0.41         0.53
        2.18         1.73         1.84         0.98         0.42         0.51         0.33         0.37         0.46
    172800      9     13
        0.31         0.30         0.27         0.27         0.31         0.24         0.24         0.17         0.12
        0.56         0.41         0.24         0.18         0.31         0.25         0.28         0.24         0.17
        0.64         0.53         0.32         0.17         0.20         0.06         0.17         0.27         0.24
        0.52         0.43         0.32         0.19         0.13         0.06         0.11         0.21         0.30
        0.46         0.44         0.28         0.33         0.16         0.16         0.15         0.10         0.11
        0.46         0.42         0.25         0.27         0.18         0.25         0.45         0.14         0.02
        0.58         0.58         0.25         0.08         0.05         0.20         0.63         0.25         0.01
        0.55         0.64         0.36         0.06         0.01         0.06         0.25         0.18         0.01
        0.66         0.51         0.41         0.15         0.03         0.02         0.06         0.08         0.02
        0.52         0.52         0.46         0.26         0.21         0.05         0.04         0.09         0.04
        0.49         0.49         0.35         0.14         0.14         0.07         0.01         0.02         0.02
        0.34         0.10         0.08         0.03         0.03         0.04         0.01         0.00         0.00
        0.22         0.08         0.07         0.07         0.03         0.01         0.02         0.01         0.00
    259200      9     13
        0.30         0.24         0.29         0.34         0.33         0.18         0.24         0.30         0.24
        0.25         0.21         0.38         0.28         0.23         0.14         0.13         0.32         0.35
        0.14         0.12         0.28         0.16         0.33         0.08         0.04         0.12         0.39
        0.17         0.08         0.04         0.09         0.32         0.09         0.06         0.05         0.13
        0.19         0.11         0.04         0.06         0.16         0.06         0.03         0.09         0.05
        0.20         0.24         0.11         0.07         0.08         0.03         0.02         0.04         0.02
        0.36         0.35         0.20         0.06         0.04         0.02         0.01         0.04         0.03
        0.35         0.53         0.29         0.08         0.02         0.02         0.01         0.02         0.06
        0.58         0.45         0.26         0.20         0.04         0.01         0.01         0.02         0.01
        0.77         0.62         0.43         0.44         0.19         0.02         0.01         0.01         0.01
        0.41         0.75         0.86         0.45         0.22         0.18         0.04         0.01         0.01
        0.27         0.51         0.78         0.49         0.28         0.35         0.09         0.00         0.00
        0.20         0.35         0.63         0.77         0.47         0.11         0.02         0.00         0.00
    345600      9     13
        0.55         0.79         0.77         0.72         0.54         0.47         0.45         0.44         0.31
        0.46         0.48         0.59         0.54         0.54         0.48         0.37         0.37         0.40
        0.32         0.24         0.46         0.29         0.37         0.45         0.31         0.28         0.40
        0.25         0.22         0.17         0.06         0.25         0.37         0.17         0.24         0.32
        0.29         0.25         0.15         0.07         0.16         0.33         0.16         0.18         0.18
        0.34         0.35         0.07         0.03         0.07         0.10         0.04         0.06         0.03
        0.35         0.39         0.14         0.04         0.03         0.01         0.00         0.00         0.00
        0.41         0.51         0.17         0.01         0.00         0.00         0.00         0.00         0.00
        0.45         0.36         0.14         0.02         0.00         0.00         0.00         0.00         0.00
        0.31         0.24         0.18         0.09         0.02         0.00         0.00         0.00         0.00
        0.21         0.28         0.29         0.16         0.03         0.01         0.00         0.00         0.00
        0.24         0.35         0.34         0.17         0.05         0.04         0.01         0.00         0.00
        0.24         0.45         0.40         0.17         0.05         0.02         0.01         0.00         0.00
    432000      9     13
        0.85         0.70         0.62         0.56         0.58         0.46         0.35         0.24         0.13
        0.40         0.52         0.56         0.49         0.47         0.40         0.36         0.25         0.19
        0.08         0.32         0.41         0.36         0.53         0.44         0.28         0.18         0.25
        0.07         0.23         0.28         0.28         0.38         0.34         0.19         0.14         0.25
        0.06         0.04         0.03         0.06         0.20         0.15         0.07         0.07         0.11
        0.02         0.02         0.00         0.01         0.04         0.03         0.01         0.01         0.01
        0.04         0.01         0.01         0.01         0.01         0.00         0.00         0.00         0.00
        0.06         0.03         0.00         0.00         0.00         0.00         0.00         0.00         0.00
        0.12         0.07         0.01         0.00         0.00         0.00         0.00         0.00         0.00
        0.16         0.07         0.06         0.03         0.00         0.00         0.00         0.00         0.00
        0.28         0.21         0.16         0.06         0.01         0.00         0.00         0.00         0.00
        0.38         0.21         0.11         0.03         0.01         0.03         0.00         0.00         0.00
        0.22         0.18         0.12         0.05         0.01         0.00         0.00         0.01         0.00
    518400      9     13
        0.19         0.48         0.51         0.47         0.42         0.28         0.11         0.01         0.00
        0.16         0.38         0.51         0.41         0.30         0.27         0.19         0.02         0.00
        0.16         0.31         0.37         0.29         0.31         0.34         0.27         0.04         0.03
        0.06         0.14         0.24         0.24         0.25         0.23         0.12         0.11         0.20
        0.01         0.03         0.05         0.04         0.07         0.09         0.04         0.06         0.06
        0.00         0.01         0.01         0.01         0.02         0.03         0.01         0.00         0.00
        0.00         0.01         0.01         0.01         0.01         0.00         0.00         0.00         0.00
        0.01         0.01         0.01         0.00         0.00         0.00         0.00         0.00         0.00
        0.05         0.02         0.00         0.00         0.00         0.00         0.00         0.00         0.00
        0.08         0.02         0.03         0.02         0.01         0.00         0.00         0.00         0.00
        0.12         0.11         0.13         0.07         0.02         0.00         0.00         0.00         0.00
        0.17         0.21         0.15         0.08         0.04         0.06         0.02         0.00         0.00
        0.09         0.15         0.13         0.13         0.09         0.06         0.06         0.01         0.00
    604800      9     13
        0.39         0.08         0.22         0.30         0.33         0.20         0.19         0.20         0.04
        0.13         0.05         0.24         0.20         0.14         0.12         0.09         0.08         0.01
        0.09         0.16         0.29         0.23         0.25         0.11         0.05         0.01         0.05
        0.31         0.32         0.34         0.30         0.33         0.16         0.04         0.06         0.14
        0.14         0.22         0.33         0.14         0.19         0.19         0.10         0.17         0.17
        0.07         0.12         0.09         0.02         0.06         0.10         0.16         0.18         0.17
        0.07         0.04         0.04         0.02         0.05         0.07         0.15         0.16         0.14
        0.18         0.09         0.05         0.02         0.02         0.06         0.09         0.09         0.05
        0.24         0.19         0.04         0.02         0.03         0.06         0.03         0.05         0.07
        0.30         0.18         0.06         0.05         0.07         0.06         0.09         0.12         0.08
        0.22         0.17         0.14         0.10         0.05         0.08         0.11         0.09         0.07
        0.26         0.22         0.19         0.15         0.10         0.16         0.10         0.05         0.04
        0.25         0.37         0.23         0.16         0.10         0.08         0.11         0.07         0.09
    691200      9     13
        0.33         0.44         0.43         0.38         0.44         0.58         0.50         0.32         0.19
        0.39         0.31         0.58         0.52         0.53         0.57         0.47         0.29         0.17
        0.28         0.26         0.52         0.54         0.46         0.55         0.39         0.32         0.43
        0.16         0.26         0.38         0.31         0.30         0.42         0.31         0.53         0.59
        0.21         0.31         0.26         0.18         0.20         0.28         0.24         0.41         0.47
        0.22         0.37         0.16         0.15         0.22         0.28         0.29         0.28         0.28
        0.43         0.20         0.16         0.11         0.15         0.19         0.22         0.26         0.34
        0.47         0.27         0.14         0.12         0.15         0.17         0.21         0.34         0.41
        0.44         0.33         0.16         0.15         0.16         0.17         0.30         0.47         0.41
        0.41         0.32         0.35         0.35         0.23         0.24         0.32         0.42         0.44
        0.42         0.47         0.47         0.34         0.26         0.31         0.29         0.47         0.47
        0.39         0.56         0.49         0.36         0.25         0.34         0.29         0.46         0.49
        0.44         0.54         0.59         0.50         0.25         0.27         0.22         0.29         0.46
    777600      9     13
        0.18         0.27         0.31         0.29         0.19         0.29         0.37         0.41         0.53
        0.20         0.23         0.35         0.27         0.13         0.24         0.33         0.32         0.41
        0.16         0.28         0.32         0.18         0.15         0.37         0.35         0.41         0.54
        0.15         0.16         0.15         0.09         0.33         0.36         0.29         0.46         0.48
        0.06         0.09         0.10         0.13         0.46         0.37         0.28         0.43         0.48
        0.14         0.11         0.06         0.21         0.32         0.33         0.40         0.43         0.49
        0.18         0.18         0.06         0.10         0.14         0.20         0.31         0.40         0.50
        0.27         0.29         0.10         0.04         0.03         0.09         0.22         0.38         0.53
        0.50         0.55         0.30         0.15         0.02         0.07         0.31         0.44         0.42
        0.92         0.68         0.53         0.45         0.18         0.09         0.35         0.58         0.35
        1.23         0.74         0.71         0.62         0.34         0.31         0.24         0.57         0.25
        1.52         1.07         0.76         0.56         0.34         0.39         0.17         0.41         0.29
        1.34         0.94         0.65         0.60         0.42         0.28         0.17         0.28         0.43
    864000      9     13
        0.25         0.31         0.21         0.15         0.10         0.24         0.28         0.29         0.13
        0.23         0.24         0.27         0.14         0.11         0.24         0.31         0.23         0.15
        0.22         0.18         0.19         0.07         0.19         0.32         0.25         0.25         0.33
        0.31         0.13         0.12         0.13         0.24         0.27         0.25         0.30         0.37
        0.20         0.28         0.16         0.35         0.30         0.32         0.40         0.32         0.33
        0.45         0.36         0.13         0.18         0.31         0.34         0.42         0.48         0.48
        0.54         0.44         0.21         0.12         0.19         0.11         0.33         0.45         0.47
        0.68         0.57         0.24         0.06         0.03         0.11         0.28         0.48         0.60
        0.64         0.63         0.54         0.28         0.05         0.11         0.24         0.47         0.61
        0.84         0.84         0.77         0.58         0.17         0.07         0.13         0.31         0.37
        0.86         1.01         0.87         0.51         0.24         0.24         0.10         0.29         0.34
        0.94         0.83         0.62         0.47         0.24         0.54         0.22         0.33         0.34
        0.83         0.82         0.65         0.66         0.42         0.32         0.25         0.23         0.30
    950400      9     13
        0.25         0.47         0.42         0.32         0.17         0.14         0.26         0.22         0.15
        0.10         0.28         0.37         0.31         0.13         0.14         0.22         0.20         0.21
        0.08         0.15         0.25         0.19         0.10         0.16         0.12         0.26         0.41
        0.07         0.09         0.11         0.10         0.13         0.11         0.10         0.30         0.33
        0.22         0.17         0.06         0.10         0.18         0.14         0.06         0.22         0.51
        0.24         0.36         0.12         0.23         0.17         0.21         0.25         0.23         0.40
        0.35         0.44         0.36         0.37         0.33         0.19         0.48         0.41         0.54
        0.69         0.54         0.40         0.41         0.30         0.31         0.48         0.63         0.84
        1.05         0.82         0.49         0.61         0.30         0.30         0.46         0.71         0.96
        0.95         0.84         0.65         0.73         0.53         0.40         0.40         0.86         0.99
        0.59         0.76         0.87         0.81         0.70         0.63         0.41         0.89         1.00
        0.81         0.88         0.93         0.78         0.71         0.75         0.51         0.88         1.06
        0.92         1.04         1.05         0.97         0.74         0.52         0.72         0.67         0.94
   1036800      9     13
        0.21         0.46         0.61         0.67         0.54         0.41         0.41         0.53         0.59
        0.26         0.44         0.70         0.66         0.39         0.32         0.62         0.67         0.54
        0.38         0.49         0.59         0.36         0.30         0.37         0.55         0.38         0.71
        0.39         0.43         0.40         0.22         0.27         0.42         0.72         0.61         0.62
        0.31         0.31         0.35         0.27         0.31         0.64         0.65         0.68         0.69
        0.36         0.25         0.21         0.26         0.37         0.52         0.51         0.58         0.85
        0.60         0.61         0.47         0.35         0.43         0.45         0.64         0.65         0.94
        0.80         0.67         0.68         0.69         0.62         0.44         0.36         0.58         0.90
        0.56         1.05         1.03         1.00         0.75         0.59         0.50         0.80         0.93
        0.53         0.78         0.94         1.05         0.77         0.85         0.83         1.49         0.95
        0.65         0.65         0.84         0.79         0.87         1.05         0.88         1.36         0.77
        0.41         0.75         0.91         0.81         0.78         0.96         0.82         1.07         0.82
        0.24         0.58         0.83         1.34         1.15         0.77         1.17         1.25         1.07
   1123200      9     13
        0.76         1.03         0.84         0.90         0.90         0.64         0.64         0.47         0.69
        0.69         0.97         1.09         0.96         1.00         0.77         0.59         0.49         0.61
        0.69         0.81         0.89         0.72         0.73         0.46         0.38         0.58         0.62
        0.45         0.60         0.74         0.48         0.42         0.35         0.47         0.41         0.49
        0.41         0.87         0.79         0.50         0.54         0.38         0.46         0.46         0.71
        0.41         0.78         0.62         0.63         0.65         0.42         0.59         0.59         0.75
        0.41         0.54         0.79         0.95         0.62         0.63         0.69         0.78         0.96
        0.49         0.55         1.00         0.81         0.63         0.67         0.77         1.07         1.23
        0.63         0.60         0.77         0.70         0.48         0.33         0.60         1.26         1.56
        0.62         0.45         0.54         0.88         0.89         0.27         0.42         0.92         1.05
        0.55         0.48         0.68         0.81         0.76         0.39         0.33         0.43         0.67
        0.55         0.48         0.78         0.83         0.42         0.45         0.27         0.39         0.54
        0.53         0.53         0.67         0.97         0.66         0.27         0.43         0.44         0.41
   1209600      9     13
        0.51         0.53         0.64         0.59         0.54         0.44         0.28         0.19         0.38
        0.81         0.55         0.62         0.63         0.57         0.47         0.34         0.20         0.15
        0.73         0.60         0.62         0.60         0.66         0.47         0.27         0.26         0.35
        0.58         0.51         0.69         0.83         0.57         0.44         0.37         0.37         0.41
        0.72         0.56         0.74         0.82         0.77         0.61         0.49         0.46         0.62
        0.75         0.63         0.70         0.47         0.70         0.67         0.67         0.64         0.67
        0.60         0.45         0.62         0.74         0.70         0.73         0.74         0.60         0.57
        0.50         0.35         0.56         0.71         0.62         0.55         0.68         0.40         0.45
        0.44         0.30         0.51         0.70         0.52         0.21         0.21         0.29         0.33
        0.54         0.50         0.49         0.72         0.78         0.24         0.09         0.19         0.20
        0.51         0.39         0.42         0.64         0.55         0.62         0.24         0.06         0.07
        0.49         0.36         0.38         0.42         0.49         0.50         0.23         0.07         0.05
        0.28         0.27         0.34         0.41         0.66         0.32         0.30         0.11         0.05
   1296000      9     13
        0.82         0.94         0.72         0.63         0.76         0.78         0.52         0.24         0.25
        0.79         0.44         0.61         0.64         0.87         0.90         0.48         0.28         0.27
        0.37         0.30         0.62         0.65         0.70         0.71         0.29         0.26         0.42
        0.31         0.71         1.01         0.62         0.44         0.47         0.45         0.28         0.30
        0.43         0.70         0.94         0.71         0.54         0.57         0.49         0.52         0.62
        0.57         0.70         0.88         0.72         0.64         0.48         0.57         0.64         0.94
        0.54         0.64         0.93         0.70         0.59         0.56         0.68         0.69         0.90
        0.54         0.51         0.58         0.68         0.66         0.64         0.76         0.78         0.76
        0.43         0.51         0.42         0.51         0.58         0.57         0.67         0.65         0.60
        0.90         0.68         0.54         0.54         0.70         0.59         0.62         0.65         0.72
        0.78         0.52         0.57         0.44         0.65         0.67         0.53         0.54         0.68
        0.78         0.83         0.46         0.38         0.52         0.47         0.59         0.58         0.34
        0.77         0.87         0.45         0.48         0.81         0.45         0.71         0.55         0.35