         0      9     13
        0.42         0.40         0.60         0.85         1.00         0.87         0.99         0.93         0.89
        0.37         0.50         0.95         1.22         1.14         1.76         1.45         0.92         0.97
        0.29         0.46         1.11         1.07         0.88         1.78         1.46         0.75         0.90
        0.43         0.62         1.42         1.16         0.73         1.14         0.91         0.52         0.71
        0.64         0.62         1.39         1.06         0.63         0.84         0.81         0.76         0.91
        0.71         0.71         1.04         0.45         0.39         0.65         0.74         0.73         0.96
        0.73         0.71         0.59         0.21         0.31         0.33         0.38         0.50         0.62
        0.59         0.66         0.65         0.27         0.27         0.25         0.29         0.42         0.54
        0.39         0.51         0.49         0.49         0.51         0.37         0.24         0.39         0.71
        0.26         0.37         0.48         0.52         0.72         0.58         0.38         0.45         0.75
        0.28         0.37         0.41         0.40         0.46         0.55         0.49         0.34         0.37
        0.24         0.27         0.59         0.47         0.40         0.45         0.30         0.19         0.18
        0.15         0.17         0.35         0.37         0.50         0.60         0.31         0.37         0.22
     86400      9     13
        1.18         0.65         0.54         0.62         0.68         1.14         1.25         0.97         0.82
        1.53         0.61         0.80         0.88         0.91         1.23         1.21         0.94         1.12
        1.10         0.41         0.69         0.61         0.41         0.77         0.74         0.65         0.87
        0.64         0.36         0.54         0.55         0.45         0.58         0.73         0.61         0.65
        0.35         0.24         0.40         0.49         0.52         0.70         0.81         0.74         0.92
        0.31         0.29         0.34         0.48         0.64         0.72         0.57         0.59         0.83
        0.22         0.22         0.32         0.43         0.49         0.44         0.42         0.47         0.67
        0.19         0.13         0.33         0.31         0.29         0.39         0.52         0.63         0.73
        0.12         0.14         0.24         0.26         0.30         0.39         0.42         0.62         1.03
        0.16         0.31         0.31         0.32         0.39         0.42         0.38         0.63         1.03
        0.19         0.44         0.32         0.26         0.28         0.30         0.42         0.67         0.75
        0.27         0.43         0.36         0.29         0.38         0.38         0.23         0.28         0.29
        0.14         0.20         0.18         0.31         0.50         0.40         0.17         0.19         0.13
    172800      9     13
        0.74         0.60         0.61         0.86         0.88         0.77         0.88         0.68         0.59
        0.52         0.47         0.60         0.98         0.73         0.74         0.90         0.70         0.74
        0.40         0.50         0.57         0.73         0.39         0.63         0.91         0.71         1.28
        0.23         0.33         0.48         0.76         0.58         0.54         0.92         1.60         2.82
        0.37         0.37         0.56         0.94         1.09         0.71         0.86         1.61         1.82
        0.51         0.51         0.66         1.02         0.77         0.69         0.83         1.14         1.12
        0.62         0.52         0.68         0.59         0.37         0.49         0.78         0.92         1.05
        0.45         0.35         0.39         0.17         0.18         0.34         0.80         0.90         0.95
        0.24         0.13         0.11         0.16         0.18         0.31         0.73         0.91         0.94
        0.19         0.14         0.23         0.38         0.28         0.18         0.45         0.97         1.03
        0.18         0.27         0.43         0.44         0.38         0.23         0.22         0.81         1.10
        0.20         0.32         0.59         0.60         0.58         0.53         0.19         0.34         0.85
        0.26         0.37         0.57         0.77         0.91         0.64         0.33         0.38         0.52
    259200      9     13
        1.12         0.79         1.25         1.36         0.70         0.58         0.76         0.55         0.43
        0.97         0.65         0.78         0.92         0.59         0.67         0.87         0.69         0.53
        0.72         0.74         0.96         0.62         0.34         0.63         0.67         0.64         0.75
        0.34         0.49         0.56         0.54         0.32         0.35         0.45         0.54         0.69
        0.41         0.28         0.33         0.52         0.21         0.12         0.30         0.63         0.80
        0.56         0.28         0.27         0.28         0.25         0.24         0.39         0.72         0.96
        0.46         0.38         0.40         0.23         0.25         0.37         0.40         0.51         0.95
        0.46         0.41         0.37         0.24         0.18         0.17         0.31         0.64         1.16
        0.50         0.35         0.27         0.21         0.11         0.26         0.57         0.92         0.98
        0.54         0.29         0.16         0.22         0.21         0.48         0.74         0.86         0.99
        0.11         0.09         0.12         0.25         0.23         0.27         0.41         0.85         0.88
        0.04         0.12         0.18         0.38         0.34         0.38         0.31         0.39         0.40
        0.01         0.09         0.23         0.42         0.46         0.55         0.39         0.39         0.37
    345600      9     13
        0.83         0.77         0.92         0.73         0.76         0.69         0.69         1.01         0.96
        1.14         0.80         0.99         0.94         1.15         0.97         1.40         1.32         1.14
        0.81         0.58         0.66         1.10         1.33         2.39         2.36         2.18         2.76
        0.43         0.62         0.73         1.30         1.70         2.71         2.32         5.61         4.81
        0.36         0.46         0.79         1.23         1.36         1.83         2.64         3.92         2.03
        0.27         0.33         0.85         0.96         1.17         1.26         1.50         1.49         1.23
        0.29         0.29         0.72         0.69         0.90         0.79         1.18         1.37         1.43
        0.47         0.51         0.78         0.68         0.68         0.80         1.05         1.52         1.74
        0.93         0.79         0.70         0.57         0.60         0.91         0.90         1.14         1.16
        0.79         0.38         0.40         0.51         0.61         0.90         0.78         0.90         1.28
        0.25         0.23         0.39         0.50         0.62         0.69         0.85         1.08         1.16
        0.11         0.34         0.60         0.64         0.56         0.70         0.68         0.75         0.86
        0.14         0.32         0.54         0.61         0.70         0.62         0.39         0.51         0.64
    432000      9     13
        0.79         0.67         1.25         1.12         0.56         0.43         0.40         0.41         0.29
        0.72         0.67         0.70         0.47         0.37         0.47         0.32         0.18         0.23
        0.75         0.56         1.03         0.62         0.42         0.53         0.39         0.26         0.43
        0.57         0.45         0.74         0.65         0.46         0.50         0.59         0.64         0.38
        0.51         0.48         0.53         0.48         0.56         0.49         0.61         0.48         0.44
        0.51         0.47         0.50         0.44         0.51         0.54         0.65         0.55         0.67
        0.53         0.47         0.42         0.39         0.39         0.43         0.59         0.68         0.86
        0.58         0.58         0.45         0.38         0.34         0.45         0.75         0.76         0.97
        0.48         0.51         0.47         0.29         0.22         0.39         0.78         0.77         1.15
        0.46         0.54         0.51         0.34         0.27         0.39         0.57         0.83         1.10
        0.56         0.56         0.51         0.36         0.32         0.27         0.38         0.77         0.79
        0.41         0.41         0.44         0.41         0.44         0.39         0.29         0.45         0.70
        0.22         0.31         0.27         0.36         0.67         0.47         0.29         0.38         0.53
    518400      9     13
        0.65         0.52         0.48         0.56         0.50         0.49         0.54         0.58         0.57
        0.72         0.66         0.56         0.52         0.51         0.64         0.70         0.56         0.56
        1.25         0.72         0.51         0.52         0.42         0.64         0.63         0.51         0.59
        0.67         0.39         0.46         0.62         0.59         0.59         0.63         0.61         0.63
        0.43         0.41         0.55         0.68         0.60         0.58         0.68         0.66         0.68
        0.42         0.43         0.58         0.55         0.52         0.54         0.59         0.63         0.73
        0.36         0.38         0.45         0.31         0.36         0.34         0.49         0.54         0.75
        0.38         0.38         0.42         0.23         0.23         0.33         0.48         0.45         0.62
        0.33         0.35         0.30         0.28         0.32         0.29         0.32         0.44         0.52
        0.28         0.26         0.20         0.23         0.22         0.15         0.18         0.33         0.38
        0.11         0.10         0.15         0.18         0.21         0.12         0.05         0.12         0.11
        0.04         0.06         0.15         0.20         0.21         0.15         0.08         0.05         0.02
        0.15         0.19         0.19         0.14         0.22         0.18         0.13         0.05         0.03
    604800      9     13
        0.37         0.32         0.45         0.44         0.30         0.23         0.36         0.38         0.30
        0.40         0.30         0.42         0.42         0.28         0.41         0.47         0.33         0.24
        0.19         0.21         0.36         0.40         0.19         0.26         0.33         0.22         0.24
        0.09         0.20         0.48         0.53         0.35         0.22         0.21         0.30         0.34
        0.18         0.21         0.51         0.55         0.50         0.28         0.28         0.37         0.49
        0.10         0.14         0.33         0.31         0.35         0.32         0.31         0.32         0.48
        0.09         0.16         0.22         0.09         0.15         0.19         0.18         0.20         0.26
        0.04         0.07         0.16         0.12         0.23         0.22         0.25         0.26         0.27
        0.02         0.05         0.10         0.20         0.24         0.26         0.25         0.23         0.24
        0.06         0.07         0.09         0.17         0.20         0.12         0.05         0.08         0.14
        0.09         0.07         0.09         0.15         0.18         0.08         0.01         0.02         0.04
        0.04         0.05         0.12         0.22         0.23         0.16         0.07         0.01         0.01
        0.05         0.05         0.10         0.17         0.27         0.23         0.15         0.08         0.02
    691200      9     13
        0.15         0.12         0.28         0.37         0.21         0.08         0.12         0.16         0.13
        0.20         0.10         0.20         0.32         0.07         0.23         0.33         0.22         0.12
        0.19         0.13         0.20         0.30         0.08         0.18         0.30         0.14         0.25
        0.20         0.15         0.26         0.39         0.36         0.12         0.12         0.22         0.31
        0.22         0.18         0.29         0.39         0.42         0.19         0.12         0.25         0.34
        0.23         0.11         0.18         0.26         0.30         0.20         0.15         0.15         0.20
        0.08         0.06         0.11         0.07         0.05         0.05         0.04         0.03         0.07
        0.05         0.04         0.09         0.03         0.03         0.01         0.03         0.06         0.09
        0.05         0.04         0.05         0.05         0.03         0.03         0.08         0.14         0.17
        0.07         0.06         0.05         0.03         0.04         0.07         0.10         0.12         0.13
        0.07         0.04         0.05         0.07         0.08         0.08         0.09         0.12         0.06
        0.03         0.08         0.14         0.17         0.12         0.16         0.09         0.03         0.03
        0.06         0.12         0.13         0.11         0.18         0.18         0.09         0.05         0.07
    777600      9     13
        0.18         0.12         0.37         0.48         0.28         0.18         0.18         0.22         0.21
        0.37         0.21         0.36         0.38         0.14         0.20         0.28         0.26         0.23
        0.12         0.15         0.36         0.35         0.14         0.25         0.33         0.25         0.38
        0.05         0.09         0.31         0.42         0.42         0.26         0.14         0.26         0.51
        0.13         0.08         0.29         0.35         0.41         0.29         0.09         0.25         0.40
        0.20         0.14         0.21         0.28         0.32         0.33         0.19         0.22         0.33
        0.18         0.17         0.24         0.30         0.32         0.28         0.23         0.24         0.23
        0.13         0.18         0.21         0.12         0.15         0.10         0.14         0.24         0.24
        0.13         0.15         0.10         0.08         0.09         0.09         0.16         0.21         0.22
        0.26         0.26         0.19         0.15         0.19         0.20         0.17         0.20         0.16
        0.28         0.18         0.14         0.12         0.09         0.09         0.13         0.18         0.04
        0.16         0.06         0.09         0.15         0.14         0.21         0.13         0.04         0.02
        0.09         0.04         0.17         0.25         0.34         0.28         0.12         0.02         0.00
    864000      9     13
        0.19         0.14         0.30         0.40         0.25         0.33         0.48         0.43         0.33
        0.16         0.10         0.15         0.29         0.27         0.39         0.54         0.55         0.39
        0.21         0.21         0.21         0.27         0.23         0.36         0.47         0.23         0.38
        0.14         0.17         0.27         0.40         0.38         0.34         0.41         0.42         0.50
        0.04         0.08         0.22         0.35         0.41         0.36         0.34         0.44         0.54
        0.06         0.05         0.13         0.23         0.37         0.31         0.40         0.41         0.39
        0.07         0.06         0.14         0.24         0.32         0.23         0.32         0.26         0.09
        0.06         0.12         0.27         0.20         0.13         0.07         0.14         0.12         0.06
        0.14         0.20         0.22         0.20         0.07         0.11         0.15         0.09         0.11
        0.24         0.31         0.31         0.32         0.31         0.33         0.29         0.21         0.25
        0.33         0.41         0.50         0.45         0.35         0.26         0.15         0.25         0.34
        0.53         0.67         0.70         0.56         0.43         0.42         0.24         0.10         0.15
        0.48         0.45         0.52         0.52         0.63         0.78         0.39         0.30         0.26
    950400      9     13
        0.06         0.08         0.10         0.10         0.10         0.08         0.10         0.08         0.07
        0.03         0.03         0.09         0.15         0.08         0.15         0.15         0.12         0.07
        0.05         0.17         0.21         0.18         0.14         0.30         0.26         0.12         0.22
        0.06         0.17         0.23         0.31         0.33         0.40         0.30         0.22         0.19
        0.06         0.10         0.19         0.32         0.38         0.32         0.19         0.14         0.20
        0.07         0.09         0.23         0.28         0.35         0.28         0.16         0.06         0.16
        0.11         0.22         0.29         0.21         0.18         0.20         0.11         0.10         0.26
        0.10         0.17         0.25         0.18         0.08         0.10         0.12         0.12         0.13
        0.04         0.06         0.05         0.03         0.02         0.02         0.06         0.11         0.14
        0.04         0.05         0.06         0.06         0.03         0.04         0.05         0.09         0.14
        0.03         0.06         0.12         0.12         0.07         0.16         0.12         0.24         0.29
        0.23         0.19         0.24         0.27         0.30         0.34         0.19         0.19         0.12
        0.42         0.44         0.43         0.40         0.48         0.35         0.08         0.06         0.05
   1036800      9     13
        0.10         0.13         0.19         0.21         0.27         0.29         0.27         0.37         0.50
        0.13         0.08         0.16         0.25         0.10         0.16         0.25         0.25         0.45
        0.28         0.16         0.10         0.13         0.07         0.19         0.33         0.18         0.40
        0.38         0.29         0.12         0.11         0.22         0.27         0.37         0.39         0.68
        0.24         0.24         0.11         0.13         0.27         0.19         0.15         0.30         0.49
        0.21         0.13         0.10         0.18         0.15         0.07         0.04         0.12         0.21
        0.19         0.15         0.23         0.25         0.13         0.04         0.02         0.02         0.03
        0.22         0.31         0.41         0.16         0.03         0.01         0.02         0.08         0.14
        0.35         0.30         0.24         0.17         0.06         0.03         0.02         0.06         0.07
        0.28         0.22         0.25         0.23         0.11         0.02         0.02         0.01         0.01
        0.16         0.18         0.23         0.20         0.13         0.26         0.17         0.04         0.06
        0.09         0.15         0.25         0.24         0.16         0.29         0.23         0.04         0.15
        0.26         0.46         0.55         0.48         0.47         0.43         0.17         0.10         0.29
   1123200      9     13
        0.66         0.52         0.57         0.31         0.36         0.73         0.40         0.41         0.66
        0.48         0.43         0.40         0.37         0.54         0.82         0.41         0.28         0.41
        0.40         0.40         0.39         0.37         0.34         0.84         0.49         0.24         0.35
        0.26         0.30         0.36         0.41         0.42         0.51         0.31         0.19         0.27
        0.20         0.17         0.25         0.37         0.35         0.18         0.10         0.26         0.32
        0.13         0.05         0.07         0.17         0.22         0.20         0.22         0.36         0.29
        0.12         0.07         0.03         0.09         0.15         0.21         0.23         0.23         0.10
        0.20         0.12         0.06         0.04         0.02         0.03         0.06         0.10         0.09
        0.18         0.10         0.04         0.03         0.02         0.01         0.01         0.07         0.11
        0.13         0.07         0.03         0.04         0.02         0.01         0.00         0.06         0.13
        0.05         0.04         0.08         0.12         0.02         0.01         0.01         0.13         0.19
        0.01         0.08         0.16         0.22         0.05         0.03         0.05         0.13         0.33
        0.04         0.07         0.10         0.10         0.10         0.23         0.19         0.13         0.25
   1209600      9     13
        0.42         0.29         0.16         0.17         0.30         0.24         0.34         0.36         0.35
        0.22         0.18         0.18         0.39         0.36         0.21         0.30         0.33         0.31
        0.22         0.26         0.28         0.60         0.55         0.43         0.37         0.47         0.52
        0.36         0.51         0.71         0.82         0.70         0.59         0.56         0.80         0.65
        0.43         0.45         0.70         1.00         0.87         0.62         0.48         0.41         0.31
        0.40         0.42         0.52         0.70         0.56         0.35         0.28         0.22         0.27
        0.23         0.30         0.43         0.38         0.25         0.18         0.20         0.23         0.27
        0.24         0.30         0.36         0.13         0.08         0.05         0.17         0.18         0.26
        0.13         0.19         0.16         0.13         0.09         0.11         0.22         0.26         0.44
        0.11         0.11         0.12         0.20         0.19         0.18         0.26         0.35         0.30
        0.03         0.04         0.07         0.17         0.19         0.10         0.06         0.07         0.03
        0.04         0.03         0.07         0.18         0.15         0.06         0.03         0.00         0.03
        0.06         0.02         0.03         0.08         0.09         0.05         0.02         0.04         0.15
   1296000      9     13
        1.39         0.73         0.53         0.47         0.37         0.35         0.49         0.40         0.34
        1.02         0.43         0.42         0.36         0.23         0.30         0.35         0.29         0.31
        0.55         0.39         0.36         0.30         0.20         0.24         0.23         0.24         0.34
        0.32         0.36         0.39         0.56         0.48         0.36         0.41         0.42         0.40
        0.33         0.36         0.51         0.77         0.81         0.48         0.63         0.79         0.88
        0.39         0.43         0.58         0.79         0.86         0.71         0.85         0.95         1.01
        0.27         0.32         0.49         0.71         0.78         0.71         0.68         0.87         0.96
        0.25         0.31         0.52         0.45         0.44         0.49         0.60         0.74         0.89
        0.28         0.37         0.41         0.44         0.39         0.34         0.45         0.54         0.76
        0.49         0.65         0.53         0.51         0.44         0.27         0.35         0.68         0.65
        0.61         0.60         0.39         0.34         0.36         0.25         0.18         0.36         0.23
        0.60         0.52         0.32         0.41         0.49         0.28         0.10         0.05         0.16
        0.44         0.31         0.22         0.33         0.54         0.26         0.06         0.08         0.16