         0      9     13
        0.71         0.54         0.74         0.72         0.56         0.29         0.17         0.08         0.03
        0.32         0.51         0.72         0.61         0.55         0.39         0.30         0.09         0.05
        0.54         0.53         0.84         0.70         1.06         0.85         0.59         0.26         0.35
        0.77         0.60         0.83         0.64         0.94         0.93         0.61         0.53         0.75
        0.82         0.63         0.70         0.44         0.83         0.79         0.52         0.61         0.80
        0.78         0.74         0.80         0.59         0.81         0.76         0.70         0.86         1.29
        1.14         1.20         1.24         0.96         0.89         0.85         0.96         1.05         1.04
        1.29         1.38         1.23         1.30         1.11         0.94         1.15         1.20         1.13
        0.86         0.88         0.79         0.81         1.05         1.29         1.57         1.32         1.09
        0.82         0.83         0.66         0.84         1.03         1.44         1.75         1.58         1.36
        0.87         0.72         0.69         0.74         0.99         1.10         1.37         1.44         1.43
        0.97         0.75         0.77         0.73         0.62         0.64         0.86         1.18         1.48
        0.75         0.73         0.68         0.55         0.50         0.40         0.51         0.83         1.03
     86400      9     13
        0.44         0.66         0.67         0.56         0.70         0.54         0.46         0.56         0.48
        0.53         0.59         0.73         0.50         0.77         0.66         0.42         0.54         0.35
        0.51         0.52         0.70         0.44         0.71         0.51         0.30         0.52         0.54
        0.58         0.62         0.62         0.50         0.66         0.50         0.35         0.43         0.65
        0.58         0.76         0.81         0.77         0.74         0.62         0.65         0.72         0.79
        0.67         0.89         0.85         0.90         0.87         0.80         0.91         0.84         0.86
        0.84         1.04         1.15         1.16         0.85         0.77         1.14         1.09         1.16
        1.23         1.38         1.12         1.24         1.47         1.27         1.57         1.57         1.43
        2.00         2.44         1.90         1.77         1.73         1.83         1.81         1.52         1.47
        1.86         2.00         1.63         1.61         1.25         1.29         1.38         1.31         1.05
        0.97         0.99         0.97         1.01         0.96         0.99         1.08         1.09         0.95
        0.75         0.82         0.78         0.82         0.91         0.65         0.65         0.74         0.86
        0.40         0.51         0.60         0.64         0.67         0.31         0.25         0.33         0.59
    172800      9     13
        0.16         0.32         0.53         0.54         0.58         0.59         0.74         0.85         0.63
        0.24         0.16         0.33         0.30         0.36         0.52         0.76         0.60         0.26
        0.26         0.25         0.53         0.44         0.36         0.64         0.74         0.38         0.47
        0.29         0.34         0.54         0.65         0.68         0.73         0.58         0.68         0.77
        0.44         0.32         0.51         0.69         0.69         0.65         0.66         0.98         0.81
        0.39         0.29         0.37         0.62         0.65         0.52         0.71         0.83         0.74
        0.16         0.35         0.42         0.56         0.66         0.52         0.57         0.63         0.73
        0.20         0.29         0.32         0.28         0.34         0.32         0.46         0.57         0.65
        0.21         0.19         0.28         0.22         0.12         0.18         0.41         0.60         0.88
        0.34         0.36         0.37         0.39         0.27         0.20         0.37         0.56         0.91
        0.40         0.48         0.47         0.41         0.45         0.32         0.43         0.89         1.24
        0.48         0.57         0.71         0.70         0.65         0.54         0.43         0.53         0.73
        0.68         0.98         0.85         0.66         0.72         0.72         0.39         0.23         0.42
    259200      9     13
        0.12         0.16         0.16         0.18         0.27         0.23         0.28         0.44         0.48
        0.31         0.29         0.28         0.57         0.82         0.45         0.28         0.38         0.40
        0.28         0.28         0.65         0.84         0.42         0.23         0.19         0.14         0.23
        0.15         0.42         0.59         0.45         0.27         0.15         0.17         0.24         0.44
        0.26         0.37         0.44         0.42         0.32         0.23         0.18         0.32         0.45
        0.34         0.27         0.38         0.47         0.33         0.23         0.15         0.14         0.27
        0.29         0.35         0.44         0.62         0.39         0.26         0.27         0.36         0.50
        0.24         0.33         0.31         0.45         0.66         0.37         0.20         0.31         0.49
        0.42         0.42         0.32         0.27         0.19         0.24         0.33         0.27         0.42
        0.79         0.62         0.47         0.35         0.27         0.13         0.11         0.10         0.21
        0.95         0.98         0.65         0.43         0.30         0.12         0.06         0.07         0.13
        0.50         0.60         0.49         0.36         0.28         0.30         0.24         0.22         0.37
        0.25         0.19         0.23         0.21         0.34         0.38         0.29         0.41         0.60
    345600      9     13
        0.13         0.13         0.34         0.34         0.35         0.41         0.25         0.23         0.23
        0.17         0.18         0.38         0.48         0.40         0.39         0.27         0.20         0.19
        0.14         0.15         0.34         0.53         0.36         0.30         0.37         0.39         0.48
        0.27         0.26         0.38         0.45         0.37         0.39         0.31         0.50         0.63
        0.74         0.94         1.00         1.00         0.63         0.71         0.39         0.30         0.60
        0.84         0.78         0.71         1.04         1.36         1.27         0.59         0.11         0.19
        0.90         0.84         0.42         0.35         0.85         1.33         0.61         0.21         0.15
        1.15         1.10         0.66         0.66         0.63         0.64         0.31         0.16         0.05
        1.08         1.04         0.78         0.55         0.57         0.34         0.18         0.20         0.11
        0.62         0.63         0.48         0.22         0.15         0.11         0.07         0.09         0.13
        0.28         0.33         0.45         0.42         0.44         0.38         0.25         0.23         0.19
        0.47         0.57         0.63         0.52         0.52         0.57         0.39         0.25         0.18
        0.24         0.45         0.44         0.44         0.40         0.34         0.20         0.09         0.07
    432000      9     13
        0.77         0.66         0.66         0.48         0.26         0.37         0.72         1.01         0.68
        0.42         0.38         0.66         0.69         0.42         0.20         0.29         0.57         0.54
        0.20         0.17         0.38         0.77         0.73         0.59         0.41         0.33         0.42
        0.13         0.23         0.33         0.43         0.56         0.52         0.32         0.29         0.40
        0.14         0.20         0.31         0.33         0.31         0.27         0.17         0.21         0.19
        0.22         0.23         0.21         0.25         0.22         0.24         0.25         0.16         0.21
        0.35         0.38         0.42         0.41         0.32         0.24         0.22         0.19         0.23
        0.26         0.20         0.22         0.22         0.20         0.14         0.07         0.07         0.05
        0.29         0.27         0.25         0.24         0.18         0.14         0.08         0.04         0.06
        0.36         0.39         0.27         0.20         0.10         0.07         0.08         0.12         0.23
        0.27         0.23         0.21         0.17         0.11         0.05         0.08         0.10         0.09
        0.16         0.14         0.25         0.20         0.11         0.10         0.09         0.04         0.03
        0.14         0.12         0.25         0.24         0.23         0.19         0.13         0.10         0.03
    518400      9     13
        0.86         0.70         0.56         0.48         0.56         0.71         0.58         0.59         1.13
        1.02         1.24         1.41         1.19         0.87         0.82         0.75         0.63         0.84
        0.64         1.09         1.35         1.47         1.00         0.82         0.74         0.81         0.87
        0.39         0.52         0.76         0.83         0.60         0.55         0.50         0.65         0.82
        0.29         0.33         0.62         0.75         0.51         0.34         0.31         0.45         0.61
        0.52         0.58         0.71         0.84         0.79         0.60         0.36         0.36         0.47
        0.90         1.06         0.95         1.03         0.93         0.74         0.65         0.51         0.49
        0.94         1.04         1.03         1.00         1.04         0.68         0.56         0.43         0.36
        0.95         0.87         0.78         0.78         0.67         0.48         0.42         0.37         0.37
        0.85         0.84         0.68         0.59         0.39         0.20         0.20         0.24         0.33
        0.46         0.57         0.59         0.59         0.36         0.13         0.07         0.10         0.08
        0.33         0.37         0.46         0.50         0.39         0.23         0.13         0.04         0.05
        0.25         0.24         0.31         0.39         0.40         0.37         0.27         0.14         0.20
    604800      9     13
        0.69         0.40         0.37         0.29         0.16         0.11         0.14         0.22         0.19
        0.58         0.45         0.41         0.50         0.26         0.11         0.11         0.12         0.10
        0.56         0.53         0.49         0.58         0.38         0.15         0.10         0.10         0.12
        0.51         0.48         0.43         0.36         0.36         0.24         0.11         0.09         0.15
        0.45         0.37         0.37         0.30         0.25         0.23         0.12         0.11         0.12
        0.58         0.39         0.25         0.23         0.22         0.18         0.11         0.09         0.09
        0.70         0.75         0.35         0.23         0.22         0.23         0.19         0.13         0.07
        0.48         0.72         0.55         0.37         0.36         0.28         0.31         0.38         0.27
        0.49         0.68         0.72         0.54         0.38         0.30         0.44         0.53         0.46
        0.92         0.91         0.73         0.56         0.34         0.15         0.28         0.44         0.40
        0.87         0.87         0.79         0.68         0.46         0.32         0.20         0.21         0.25
        0.90         0.94         0.97         0.87         0.73         0.63         0.46         0.26         0.15
        1.57         1.40         1.20         0.98         0.91         0.64         0.51         0.33         0.22
    691200      9     13
        0.07         0.04         0.10         0.24         0.09         0.03         0.06         0.16         0.07
        0.09         0.05         0.13         0.15         0.10         0.07         0.12         0.09         0.06
        0.07         0.06         0.10         0.16         0.24         0.25         0.15         0.07         0.07
        0.05         0.06         0.12         0.25         0.31         0.31         0.23         0.14         0.11
        0.19         0.16         0.14         0.29         0.46         0.37         0.14         0.12         0.16
        0.20         0.13         0.12         0.14         0.25         0.24         0.10         0.10         0.09
        0.16         0.13         0.13         0.13         0.12         0.11         0.09         0.09         0.09
        0.11         0.25         0.25         0.18         0.16         0.07         0.04         0.06         0.12
        0.12         0.31         0.35         0.21         0.13         0.04         0.03         0.03         0.07
        0.16         0.32         0.51         0.32         0.17         0.07         0.02         0.02         0.02
        0.13         0.21         0.36         0.43         0.19         0.09         0.03         0.01         0.01
        0.17         0.16         0.19         0.27         0.20         0.10         0.07         0.02         0.02
        0.22         0.15         0.13         0.12         0.12         0.06         0.06         0.03         0.03
    777600      9     13
        0.27         0.10         0.22         0.20         0.11         0.06         0.08         0.19         0.22
        0.41         0.23         0.22         0.26         0.05         0.02         0.09         0.12         0.12
        0.44         0.40         0.26         0.24         0.05         0.10         0.26         0.11         0.20
        0.25         0.22         0.22         0.27         0.21         0.08         0.06         0.04         0.27
        0.15         0.13         0.13         0.20         0.20         0.09         0.01         0.06         0.09
        0.12         0.11         0.07         0.10         0.16         0.10         0.01         0.01         0.01
        0.15         0.11         0.04         0.11         0.15         0.07         0.01         0.01         0.01
        0.06         0.11         0.15         0.17         0.16         0.03         0.00         0.00         0.00
        0.12         0.21         0.25         0.26         0.16         0.04         0.07         0.07         0.01
        0.21         0.27         0.27         0.25         0.15         0.06         0.12         0.12         0.05
        0.27         0.26         0.26         0.28         0.17         0.09         0.03         0.03         0.03
        0.20         0.21         0.23         0.26         0.24         0.22         0.15         0.02         0.03
        0.12         0.12         0.08         0.11         0.21         0.25         0.19         0.08         0.01
    864000      9     13
        0.28         0.22         0.26         0.33         0.42         0.37         0.32         0.35         0.26
        0.24         0.22         0.21         0.31         0.25         0.12         0.14         0.30         0.34
        0.28         0.22         0.19         0.26         0.21         0.14         0.27         0.25         0.39
        0.39         0.42         0.24         0.35         0.36         0.15         0.19         0.22         0.42
        0.21         0.24         0.22         0.35         0.39         0.21         0.03         0.12         0.20
        0.12         0.11         0.12         0.17         0.19         0.12         0.01         0.03         0.02
        0.21         0.17         0.04         0.05         0.08         0.03         0.00         0.00         0.01
        0.11         0.13         0.11         0.07         0.05         0.01         0.00         0.02         0.05
        0.03         0.08         0.08         0.06         0.03         0.00         0.00         0.01         0.01
        0.06         0.11         0.09         0.09         0.07         0.01         0.00         0.00         0.00
        0.03         0.09         0.15         0.15         0.08         0.02         0.01         0.00         0.00
        0.01         0.05         0.14         0.17         0.12         0.07         0.06         0.00         0.00
        0.02         0.02         0.08         0.12         0.15         0.12         0.10         0.01         0.00
    950400      9     13
        0.66         0.32         0.19         0.10         0.05         0.01         0.01         0.07         0.08
        0.49         0.31         0.22         0.19         0.05         0.01         0.03         0.06         0.03
        0.46         0.34         0.31         0.31         0.12         0.14         0.10         0.07         0.09
        0.34         0.26         0.35         0.44         0.32         0.31         0.21         0.28         0.31
        0.23         0.13         0.22         0.34         0.35         0.25         0.13         0.24         0.44
        0.08         0.05         0.05         0.09         0.23         0.17         0.08         0.11         0.14
        0.02         0.02         0.02         0.05         0.16         0.11         0.05         0.02         0.01
        0.01         0.02         0.13         0.08         0.08         0.03         0.01         0.01         0.00
        0.01         0.03         0.05         0.04         0.05         0.02         0.04         0.05         0.05
        0.04         0.04         0.04         0.06         0.11         0.01         0.03         0.05         0.05
        0.05         0.04         0.06         0.10         0.06         0.01         0.00         0.02         0.02
        0.07         0.05         0.05         0.07         0.05         0.03         0.04         0.02         0.01
        0.07         0.05         0.04         0.04         0.04         0.04         0.05         0.03         0.03
   1036800      9     13
        0.46         0.31         0.51         0.65         0.53         0.47         0.61         0.77         0.87
        0.41         0.20         0.25         0.31         0.23         0.24         0.41         0.70         0.69
        0.26         0.26         0.16         0.21         0.24         0.42         0.73         0.70         0.79
        0.28         0.33         0.24         0.38         0.44         0.35         0.66         1.01         0.87
        0.31         0.25         0.34         0.51         0.44         0.31         0.38         0.89         0.54
        0.24         0.16         0.21         0.39         0.38         0.27         0.25         0.32         0.30
        0.26         0.18         0.11         0.26         0.29         0.12         0.05         0.13         0.10
        0.26         0.22         0.25         0.17         0.09         0.02         0.02         0.04         0.11
        0.25         0.27         0.28         0.23         0.11         0.04         0.06         0.07         0.05
        0.25         0.29         0.29         0.27         0.17         0.07         0.11         0.14         0.12
        0.19         0.35         0.39         0.38         0.23         0.12         0.08         0.14         0.24
        0.22         0.44         0.53         0.46         0.33         0.25         0.17         0.06         0.23
        0.30         0.41         0.42         0.43         0.46         0.36         0.20         0.05         0.09
   1123200      9     13
        0.25         0.25         0.58         0.72         0.57         0.42         0.49         0.52         0.41
        0.20         0.24         0.55         0.83         0.65         0.63         0.63         0.61         0.30
        0.27         0.28         0.52         0.55         0.60         0.73         0.68         0.45         0.27
        0.26         0.29         0.51         0.52         0.45         0.47         0.35         0.39         0.60
        0.35         0.30         0.47         0.61         0.43         0.34         0.54         0.82         1.10
        0.30         0.27         0.38         0.58         0.61         0.77         1.57         2.62         4.47
        0.23         0.32         0.37         0.55         0.66         0.73         0.99         1.38         1.84
        0.28         0.35         0.53         0.56         0.40         0.30         0.33         0.40         0.72
        0.42         0.42         0.47         0.33         0.18         0.23         0.42         0.48         0.76
        0.55         0.52         0.45         0.33         0.23         0.14         0.30         0.57         0.82
        0.44         0.50         0.44         0.29         0.16         0.04         0.09         0.22         0.23
        0.26         0.32         0.37         0.32         0.17         0.09         0.09         0.04         0.06
        0.13         0.25         0.30         0.32         0.28         0.12         0.08         0.05         0.04
   1209600      9     13
        0.40         0.23         0.34         0.48         0.38         0.32         0.26         0.27         0.21
        0.34         0.23         0.36         0.45         0.34         0.38         0.41         0.30         0.23
        0.26         0.21         0.26         0.33         0.30         0.48         0.45         0.28         0.48
        0.13         0.07         0.13         0.15         0.14         0.37         0.31         0.25         0.57
        0.12         0.11         0.18         0.18         0.14         0.33         0.49         0.45         0.69
        0.24         0.48         0.42         0.55         0.43         0.57         0.97         1.20         1.67
        0.54         0.82         0.72         0.80         0.51         0.50         0.54         0.70         1.14
        0.43         0.38         0.54         0.44         0.35         0.38         0.33         0.35         0.38
        0.23         0.39         0.43         0.36         0.36         0.39         0.36         0.54         0.71
        0.13         0.24         0.28         0.35         0.44         0.48         0.54         0.82         0.91
        0.13         0.17         0.33         0.43         0.34         0.33         0.41         0.59         0.68
        0.08         0.10         0.26         0.39         0.30         0.36         0.34         0.32         0.43
        0.03         0.08         0.19         0.24         0.31         0.30         0.18         0.15         0.32
   1296000      9     13
        0.28         0.28         0.35         0.42         0.39         0.42         0.51         0.49         0.48
        0.45         0.42         0.48         0.48         0.69         0.59         0.48         0.46         0.46
        0.43         0.52         0.48         0.43         0.65         0.44         0.32         0.49         0.51
        0.34         0.39         0.32         0.27         0.42         0.33         0.30         0.40         0.39
        0.29         0.47         0.32         0.37         0.49         0.35         0.35         0.42         0.51
        0.37         0.63         0.46         0.42         0.42         0.39         0.46         0.53         0.68
        0.41         0.77         0.65         0.65         0.58         0.53         0.68         0.74         0.76
        0.35         0.60         0.55         0.84         0.82         0.90         0.94         0.99         1.03
        0.36         0.44         0.67         1.18         0.73         0.71         1.00         1.20         1.08
        0.34         0.53         0.90         1.56         0.97         0.54         0.70         1.10         1.22
        0.24         0.44         0.76         1.08         1.17         0.88         0.57         0.69         0.98
        0.15         0.26         0.59         1.00         1.17         0.62         0.56         0.45         0.69
        0.12         0.18         0.45         1.00         1.15         0.55         1.02         0.90         0.65