         0      9     13
        0.12         0.09         0.15         0.28         0.31         0.44         0.68         1.82         0.80
        0.38         0.23         0.22         0.29         0.36         0.40         0.38         0.58         0.56
        0.32         0.36         0.41         0.62         0.45         0.35         0.27         0.33         0.69
        0.09         0.40         0.65         0.93         0.97         0.40         0.17         0.40         0.85
        0.21         0.34         0.72         0.83         1.19         0.59         0.48         0.62         0.39
        0.46         0.57         0.82         0.98         0.98         0.67         0.71         1.95         0.44
        0.39         0.50         0.68         0.69         0.90         0.53         0.36         0.74         0.37
        0.26         0.22         0.56         0.48         0.66         0.57         0.57         1.13         2.16
        0.10         0.27         0.43         0.51         0.79         0.40         0.43         1.56         3.35
        0.04         0.18         0.75         0.58         0.48         0.41         0.29         0.43         1.85
        0.02         0.04         0.53         0.97         0.79         0.60         0.62         0.18         0.45
        0.03         0.07         0.19         0.26         0.31         0.45         0.57         0.31         0.52
        0.01         0.12         0.13         0.44         0.34         0.37         0.55         0.62         0.52
     86400      9     13
        0.56         0.21         0.15         0.21         0.36         0.30         0.32         0.39         0.31
        0.61         0.18         0.08         0.11         0.42         0.28         0.37         0.35         0.23
        0.30         0.23         0.09         0.11         0.25         0.35         0.14         0.04         0.11
        0.18         0.19         0.18         0.24         0.36         0.22         0.05         0.03         0.05
        0.10         0.16         0.25         0.28         0.37         0.21         0.06         0.06         0.08
        0.19         0.23         0.36         0.26         0.26         0.19         0.08         0.15         0.14
        0.23         0.31         0.36         0.18         0.32         0.22         0.18         0.35         0.36
        0.38         0.46         0.39         0.38         0.45         0.26         0.35         0.43         0.49
        0.85         0.87         0.65         0.62         0.59         0.54         0.55         0.62         0.40
        1.18         1.20         0.94         0.83         0.67         0.57         0.92         0.87         0.75
        0.78         0.92         0.87         0.78         0.83         1.03         1.31         1.23         1.10
        0.39         0.45         0.58         0.86         1.51         1.43         1.21         1.08         1.46
        0.34         0.37         0.39         0.83         1.49         1.11         1.31         2.03         1.77
    172800      9     13
        0.56         0.55         0.77         0.70         0.54         0.52         0.71         0.76         0.95
        0.58         0.44         0.52         0.69         0.51         0.72         0.82         0.70         0.57
        0.55         0.48         0.67         1.02         0.80         0.62         0.60         0.41         0.52
        0.39         0.46         0.77         1.32         0.95         0.44         0.50         0.63         0.54
        0.29         0.35         0.79         1.16         0.81         0.50         0.61         0.77         0.65
        0.39         0.42         0.78         0.95         0.77         0.68         0.73         0.70         0.57
        0.32         0.55         0.77         0.65         0.74         0.69         0.69         0.59         0.59
        0.45         0.65         0.60         0.42         0.59         0.72         0.67         0.60         0.80
        0.50         0.49         0.47         0.47         0.51         0.49         0.39         0.57         0.96
        0.45         0.48         0.54         0.54         0.62         0.47         0.25         0.43         0.65
        0.34         0.33         0.40         0.43         0.47         0.43         0.38         0.33         0.37
        0.17         0.19         0.32         0.46         0.51         0.51         0.33         0.27         0.44
        0.14         0.15         0.23         0.26         0.51         0.48         0.31         0.35         0.42
    259200      9     13
        0.30         0.23         0.29         0.41         0.31         0.29         0.47         0.40         0.31
        0.17         0.23         0.34         0.42         0.28         0.36         0.45         0.35         0.31
        0.21         0.40         0.39         0.36         0.21         0.32         0.35         0.28         0.35
        0.26         0.32         0.40         0.42         0.30         0.17         0.34         0.40         0.35
        0.11         0.17         0.34         0.32         0.25         0.17         0.33         0.45         0.48
        0.11         0.15         0.30         0.23         0.24         0.20         0.28         0.36         0.52
        0.10         0.16         0.22         0.15         0.19         0.20         0.23         0.32         0.52
        0.12         0.14         0.17         0.13         0.16         0.14         0.28         0.38         0.50
        0.13         0.22         0.24         0.19         0.15         0.14         0.23         0.36         0.35
        0.25         0.26         0.21         0.21         0.15         0.11         0.11         0.24         0.21
        0.25         0.22         0.23         0.16         0.14         0.10         0.09         0.15         0.14
        0.24         0.21         0.22         0.19         0.16         0.22         0.14         0.05         0.07
        0.18         0.13         0.10         0.06         0.17         0.22         0.15         0.07         0.08
    345600      9     13
        0.14         0.18         0.54         0.55         0.36         0.51         0.78         0.47         0.33
        0.12         0.12         0.34         0.32         0.27         0.52         0.75         0.52         0.46
        0.11         0.18         0.34         0.31         0.26         0.68         0.78         0.51         0.49
        0.41         0.34         0.43         0.52         0.41         0.52         0.85         0.65         0.43
        0.42         0.32         0.45         0.59         0.53         0.53         0.83         0.77         0.71
        0.58         0.40         0.57         0.64         0.56         0.50         0.65         0.79         0.99
        0.65         0.55         0.67         0.47         0.35         0.39         0.61         0.77         1.12
        0.55         0.56         0.48         0.28         0.31         0.37         0.62         0.76         1.02
        0.57         0.46         0.29         0.23         0.27         0.35         0.47         0.60         0.71
        0.51         0.40         0.25         0.12         0.13         0.19         0.31         0.45         0.39
        0.39         0.39         0.24         0.11         0.08         0.09         0.23         0.34         0.24
        0.32         0.42         0.28         0.09         0.08         0.19         0.15         0.17         0.15
        0.30         0.30         0.23         0.13         0.32         0.30         0.13         0.29         0.38
    432000      9     13
        1.07         0.93         1.67         0.92         0.75         0.95         0.89         1.02         1.18
        0.85         0.64         0.73         0.50         0.76         1.08         0.99         1.23         1.26
        0.90         0.57         0.74         0.63         0.65         0.99         0.96         1.12         1.16
        0.82         0.65         0.85         0.95         0.64         0.74         1.02         1.07         0.89
        0.80         0.60         0.90         1.09         0.69         0.73         1.09         1.00         1.09
        0.74         0.75         1.03         1.08         0.88         0.86         1.07         1.23         1.34
        0.48         0.65         0.99         1.10         1.02         1.07         1.38         1.57         1.62
        0.38         0.66         0.64         0.62         0.85         1.31         1.59         1.55         1.58
        0.50         0.48         0.49         0.64         0.82         1.25         1.39         1.57         1.59
        0.60         0.60         0.56         0.60         0.62         0.81         1.04         1.06         1.05
        0.69         0.55         0.47         0.45         0.43         0.39         0.57         0.56         0.59
        0.61         0.39         0.46         0.53         0.58         0.40         0.22         0.23         0.32
        0.38         0.18         0.27         0.47         0.61         0.35         0.16         0.19         0.15
    518400      9     13
        3.48         3.31         1.90         1.89         1.38         0.96         0.90         1.03         1.07
        2.09         1.70         1.33         1.08         0.98         1.19         1.25         1.23         1.10
        1.46         1.15         1.01         1.04         0.82         0.97         0.78         0.79         0.88
        1.10         0.97         0.90         1.08         0.72         0.70         0.75         0.71         0.59
        0.89         0.76         0.92         1.03         0.72         0.78         0.81         0.62         0.76
        0.83         0.71         0.89         0.94         0.81         0.80         0.93         0.96         1.36
        0.43         0.57         0.80         0.75         0.78         1.01         1.26         1.48         1.65
        0.27         0.50         0.49         0.45         0.71         1.25         1.35         1.38         1.49
        0.26         0.22         0.23         0.38         0.55         0.97         1.06         1.13         1.43
        0.22         0.21         0.31         0.48         0.64         0.62         1.02         1.20         1.12
        0.19         0.30         0.37         0.52         0.48         0.34         0.80         0.82         0.66
        0.32         0.51         0.60         0.52         0.50         0.35         0.24         0.32         0.37
        0.51         0.43         0.36         0.40         0.64         0.42         0.18         0.28         0.34
    604800      9     13
        0.37         0.62         0.73         0.84         0.70         0.69         0.54         0.33         0.25
        1.02         0.97         0.86         0.84         0.61         0.93         1.40         0.80         0.35
        0.83         0.61         0.62         0.76         0.69         1.43         1.77         0.54         0.31
        0.72         1.01         0.96         0.99         0.91         1.62         1.36         0.53         0.41
        0.85         0.91         0.93         0.98         0.80         1.24         1.48         0.88         0.42
        1.06         0.68         0.68         0.86         0.66         0.87         1.13         0.79         0.44
        0.67         0.60         0.66         0.74         0.59         0.76         1.02         0.81         0.60
        0.41         0.49         0.61         0.54         0.51         0.80         1.08         0.94         0.85
        0.48         0.61         0.65         0.58         0.55         0.82         1.12         1.55         1.23
        0.49         0.69         0.56         0.54         0.62         0.81         1.43         1.64         1.18
        0.44         0.51         0.52         0.55         0.60         0.72         1.38         1.48         1.25
        0.40         0.57         0.63         0.64         0.74         1.79         1.49         1.05         0.99
        0.47         0.79         1.02         0.92         1.63         2.48         1.18         1.09         1.01
    691200      9     13
        0.41         0.54         0.63         0.44         0.52         0.49         0.36         0.45         0.62
        0.42         0.40         0.42         0.19         0.42         0.81         0.56         0.49         0.72
        0.48         0.32         0.96         0.54         0.44         0.81         0.49         0.54         0.81
        0.38         0.38         1.79         1.06         0.51         0.93         0.95         0.75         0.88
        0.29         0.46         1.20         0.91         0.56         0.89         1.10         0.97         1.30
        0.60         0.71         0.89         0.77         0.77         0.95         1.12         1.28         1.41
        0.75         0.79         0.87         0.82         0.91         1.13         1.25         1.72         1.62
        0.70         0.65         0.65         0.60         0.85         1.31         1.36         2.59         2.16
        0.50         0.41         0.49         0.60         0.84         1.10         1.00         1.34         1.42
        0.53         0.66         0.65         0.65         0.62         0.65         0.77         0.83         0.86
        0.38         0.60         0.62         0.46         0.42         0.43         0.55         0.48         0.49
        0.40         0.50         0.55         0.44         0.44         0.45         0.24         0.25         0.53
        0.34         0.29         0.30         0.32         0.61         0.59         0.30         0.36         0.41
    777600      9     13
        0.37         0.27         0.33         0.24         0.33         0.33         0.32         0.27         0.24
        0.30         0.16         0.20         0.22         0.31         0.45         0.33         0.27         0.37
        0.14         0.13         0.21         0.23         0.25         0.41         0.34         0.28         0.50
        0.16         0.20         0.29         0.33         0.37         0.35         0.35         0.36         0.72
        0.24         0.24         0.29         0.37         0.46         0.40         0.50         0.42         0.60
        0.28         0.29         0.42         0.51         0.55         0.55         0.54         0.38         0.40
        0.34         0.38         0.37         0.46         0.49         0.42         0.37         0.28         0.31
        0.47         0.39         0.31         0.40         0.45         0.39         0.35         0.31         0.33
        0.39         0.38         0.43         0.45         0.50         0.42         0.45         0.48         0.43
        0.41         0.58         0.56         0.48         0.48         0.42         0.42         0.48         0.46
        0.43         0.56         0.49         0.41         0.34         0.26         0.42         0.50         0.37
        0.42         0.45         0.45         0.45         0.47         0.54         0.50         0.30         0.33
        0.40         0.43         0.38         0.49         0.69         0.78         0.53         0.41         0.31
    864000      9     13
        0.29         0.31         0.40         0.39         0.37         0.56         0.59         0.44         0.32
        0.33         0.39         0.39         0.41         0.41         0.68         0.55         0.38         0.37
        0.31         0.46         0.46         0.47         0.40         0.49         0.51         0.46         0.38
        0.26         0.40         0.51         0.62         0.61         0.49         0.64         0.51         0.41
        0.23         0.37         0.55         0.63         0.67         0.59         0.70         0.69         0.71
        0.27         0.37         0.58         0.56         0.58         0.61         0.76         0.84         0.77
        0.23         0.38         0.46         0.40         0.49         0.61         0.80         0.83         0.68
        0.38         0.35         0.35         0.38         0.55         0.55         0.48         0.52         0.60
        0.37         0.35         0.41         0.48         0.46         0.27         0.17         0.38         0.54
        0.41         0.46         0.39         0.32         0.19         0.08         0.08         0.32         0.40
        0.20         0.20         0.20         0.20         0.19         0.10         0.11         0.21         0.23
        0.11         0.11         0.18         0.24         0.30         0.33         0.18         0.06         0.17
        0.13         0.08         0.09         0.12         0.27         0.37         0.23         0.19         0.22
    950400      9     13
        0.20         0.12         0.27         0.37         0.26         0.23         0.50         0.60         0.52
        0.13         0.13         0.26         0.31         0.11         0.24         0.57         0.47         0.46
        0.07         0.10         0.25         0.29         0.10         0.24         0.54         0.44         0.47
        0.03         0.08         0.27         0.40         0.37         0.24         0.53         0.55         0.49
        0.07         0.11         0.25         0.46         0.57         0.38         0.63         0.68         0.72
        0.12         0.13         0.22         0.38         0.48         0.51         0.74         0.83         0.95
        0.08         0.13         0.20         0.23         0.37         0.55         0.73         0.79         0.86
        0.15         0.18         0.14         0.14         0.25         0.40         0.49         0.51         0.67
        0.19         0.18         0.15         0.17         0.24         0.20         0.12         0.24         0.45
        0.26         0.33         0.27         0.28         0.27         0.08         0.02         0.10         0.14
        0.35         0.44         0.44         0.35         0.29         0.04         0.03         0.09         0.05
        0.35         0.56         0.65         0.54         0.46         0.17         0.05         0.09         0.09
        0.40         0.70         0.64         0.54         0.72         0.30         0.07         0.05         0.01
   1036800      9     13
        0.20         0.20         0.33         0.49         0.42         0.32         0.37         0.42         0.20
        0.31         0.31         0.27         0.41         0.25         0.33         0.49         0.28         0.11
        0.30         0.46         0.39         0.40         0.18         0.27         0.39         0.17         0.18
        0.23         0.38         0.41         0.54         0.49         0.33         0.30         0.33         0.26
        0.19         0.31         0.35         0.47         0.56         0.38         0.31         0.38         0.36
        0.27         0.36         0.30         0.35         0.57         0.42         0.47         0.46         0.42
        0.27         0.33         0.29         0.51         0.61         0.42         0.40         0.41         0.28
        0.16         0.26         0.46         0.44         0.32         0.15         0.28         0.39         0.11
        0.25         0.38         0.45         0.37         0.22         0.15         0.37         0.19         0.10
        0.59         0.64         0.60         0.49         0.31         0.24         0.30         0.37         0.39
        0.63         0.78         0.77         0.56         0.38         0.21         0.15         0.50         0.53
        0.52         0.68         0.82         0.73         0.57         0.44         0.23         0.16         0.28
        0.62         0.57         0.38         0.48         0.66         0.59         0.23         0.13         0.31
   1123200      9     13
        0.30         0.34         0.32         0.24         0.31         0.26         0.39         0.65         0.56
        0.44         0.52         0.45         0.57         0.62         0.58         0.72         0.86         0.84
        0.26         0.58         0.67         0.80         1.07         0.96         0.94         0.92         1.12
        0.35         0.53         0.66         0.93         1.56         1.24         0.77         0.72         0.81
        0.56         0.52         0.52         0.82         1.20         1.03         0.68         0.60         0.59
        0.68         0.72         0.65         0.89         0.83         0.85         0.88         0.75         0.77
        0.75         0.92         0.84         1.01         0.76         0.66         0.73         0.60         0.55
        0.99         0.97         1.19         1.14         0.81         0.55         0.79         0.67         0.56
        0.94         1.03         0.90         0.93         0.64         0.60         0.75         0.65         0.70
        0.68         0.76         0.58         0.67         0.62         0.55         0.72         0.56         0.60
        0.30         0.69         0.82         0.81         0.70         0.51         0.45         0.45         0.61
        0.32         0.81         1.18         1.29         1.60         1.16         0.49         0.24         0.51
        0.97         1.83         0.95         1.28         1.73         1.04         0.44         0.47         0.40
   1209600      9     13
        0.29         0.24         0.27         0.23         0.29         0.64         0.60         0.65         0.82
        0.25         0.28         0.34         0.31         0.30         0.57         0.58         0.60         0.96
        0.20         0.28         0.40         0.36         0.39         0.69         0.69         0.73         1.03
        0.14         0.33         0.46         0.51         0.39         0.68         0.80         0.74         1.04
        0.19         0.27         0.37         0.54         0.44         0.37         0.59         0.57         0.71
        0.16         0.27         0.29         0.40         0.43         0.30         0.40         0.47         0.52
        0.28         0.40         0.40         0.46         0.44         0.45         0.48         0.46         0.55
        0.66         0.58         0.68         0.68         0.73         0.60         0.48         0.58         0.57
        0.54         0.49         0.45         0.57         0.64         0.70         0.64         0.63         0.58
        0.27         0.21         0.27         0.45         0.63         0.77         0.86         0.64         0.39
        0.15         0.24         0.47         0.67         0.81         0.74         0.77         0.54         0.29
        0.14         0.28         0.65         0.62         0.55         0.47         0.31         0.26         0.23
        0.22         0.44         0.67         0.58         0.54         0.28         0.10         0.17         0.21
   1296000      9     13
        0.39         0.31         0.37         0.28         0.34         0.65         0.73         0.53         0.46
        0.28         0.19         0.18         0.16         0.23         0.71         0.99         0.73         0.38
        0.17         0.11         0.12         0.10         0.12         0.39         0.57         0.57         0.41
        0.09         0.14         0.16         0.08         0.12         0.21         0.34         0.37         0.48
        0.21         0.23         0.34         0.20         0.19         0.12         0.20         0.33         0.39
        0.11         0.25         0.56         0.30         0.19         0.11         0.13         0.19         0.28
        0.09         0.25         0.36         0.12         0.11         0.04         0.09         0.13         0.22
        0.09         0.20         0.17         0.05         0.07         0.06         0.06         0.09         0.18
        0.05         0.08         0.04         0.02         0.12         0.13         0.03         0.06         0.12
        0.02         0.02         0.02         0.03         0.06         0.08         0.05         0.07         0.07
        0.01         0.01         0.03         0.04         0.04         0.03         0.06         0.06         0.06
        0.02         0.08         0.17         0.10         0.05         0.02         0.06         0.05         0.11
        0.23         0.21         0.23         0.08         0.06         0.03         0.14         0.13         0.10