         0      9     13
        1.10         1.46         1.91         1.92         1.54         1.44         1.42         1.48         1.71
        1.03         1.52         1.95         2.18         2.03         1.96         2.60         3.02         2.37
        1.04         1.59         2.08         2.31         2.34         2.62         3.81         3.17         2.09
        1.34         1.81         2.17         2.20         2.38         2.37         2.21         1.92         1.93
        1.22         1.25         1.43         1.37         1.65         1.53         1.39         1.65         1.88
        1.16         1.10         1.03         1.07         1.31         1.16         1.17         1.36         1.58
        1.03         1.13         1.03         1.13         1.15         0.96         0.88         0.98         1.15
        1.03         0.97         0.96         0.94         0.87         0.60         0.56         0.56         0.66
        0.91         0.92         0.83         0.72         0.56         0.31         0.38         0.42         0.47
        0.77         0.74         0.66         0.64         0.53         0.30         0.29         0.39         0.39
        0.50         0.42         0.53         0.64         0.62         0.53         0.34         0.29         0.27
        0.45         0.38         0.42         0.48         0.54         0.54         0.51         0.40         0.45
        0.56         0.49         0.55         0.67         0.75         0.65         0.50         0.52         0.56
     86400      9     13
        0.77         0.64         0.81         0.78         0.72         0.78         0.72         0.48         0.33
        0.88         0.79         0.98         1.20         0.89         0.56         0.69         0.52         0.28
        0.66         0.76         1.01         1.28         1.23         0.81         0.89         0.86         0.63
        0.63         0.76         1.15         1.64         2.08         1.83         1.16         0.90         0.91
        0.68         0.94         1.34         1.64         2.16         2.28         1.41         1.22         1.42
        0.59         0.70         0.98         1.29         1.69         1.70         1.55         1.73         1.98
        0.58         0.51         0.55         0.76         0.96         1.17         1.36         1.32         1.09
        0.63         0.62         0.52         0.52         0.53         0.74         1.13         1.02         0.74
        0.61         0.69         0.65         0.54         0.42         0.66         0.90         0.58         0.31
        0.62         0.61         0.62         0.61         0.58         0.78         0.75         0.46         0.28
        0.49         0.38         0.40         0.52         0.63         0.87         0.57         0.32         0.27
        0.49         0.33         0.26         0.26         0.38         0.49         0.32         0.22         0.20
        0.54         0.40         0.34         0.32         0.43         0.51         0.21         0.17         0.18
    172800      9     13
        0.18         0.11         0.19         0.36         0.29         0.25         0.34         0.30         0.36
        0.21         0.10         0.16         0.26         0.23         0.39         0.45         0.28         0.28
        0.47         0.24         0.22         0.25         0.37         0.45         0.31         0.20         0.26
        0.53         0.30         0.30         0.42         0.54         0.84         0.54         0.26         0.24
        0.27         0.26         0.27         0.35         0.48         0.53         0.55         0.57         0.54
        0.17         0.36         0.48         0.51         0.52         0.31         0.45         0.81         0.95
        0.17         0.29         0.60         0.60         0.24         0.28         0.48         0.67         0.63
        0.17         0.19         0.45         0.46         0.20         0.17         0.27         0.39         0.43
        0.10         0.19         0.49         0.72         0.53         0.54         0.77         0.58         0.44
        0.26         0.39         0.41         0.48         0.49         0.65         0.70         0.64         0.44
        0.27         0.32         0.32         0.28         0.23         0.23         0.32         0.34         0.20
        0.21         0.17         0.16         0.22         0.21         0.20         0.24         0.21         0.27
        0.14         0.09         0.05         0.06         0.13         0.21         0.18         0.12         0.11
    259200      9     13
        0.07         0.09         0.41         0.40         0.33         0.15         0.15         0.12         0.15
        0.07         0.05         0.20         0.12         0.14         0.22         0.21         0.14         0.08
        0.31         0.34         0.18         0.10         0.07         0.12         0.18         0.12         0.18
        0.47         0.39         0.28         0.34         0.17         0.04         0.10         0.25         0.23
        0.59         0.47         0.35         0.41         0.31         0.12         0.18         0.29         0.22
        0.35         0.35         0.41         0.38         0.38         0.41         0.22         0.21         0.18
        0.24         0.13         0.22         0.44         0.39         0.28         0.10         0.07         0.10
        0.23         0.13         0.27         0.46         0.47         0.29         0.13         0.11         0.06
        0.15         0.12         0.24         0.36         0.43         0.29         0.11         0.12         0.09
        0.06         0.05         0.25         0.44         0.49         0.33         0.22         0.11         0.17
        0.08         0.15         0.36         0.30         0.27         0.20         0.21         0.15         0.18
        0.07         0.29         0.27         0.12         0.12         0.13         0.21         0.17         0.15
        0.15         0.46         0.41         0.28         0.21         0.07         0.07         0.05         0.03
    345600      9     13
        0.32         0.37         0.39         0.23         0.47         0.31         0.17         0.24         0.31
        0.41         0.49         0.45         0.40         0.61         0.59         0.30         0.36         0.23
        0.80         0.71         0.60         0.40         0.42         0.83         0.49         0.36         0.47
        0.88         0.94         0.67         0.36         0.44         0.61         0.43         0.50         0.57
        0.76         0.70         0.50         0.63         0.47         0.43         0.42         0.55         0.62
        0.76         0.58         0.26         0.52         0.35         0.49         0.41         0.24         0.19
        0.49         0.30         0.07         0.18         0.24         0.47         0.29         0.15         0.22
        0.14         0.17         0.21         0.06         0.09         0.20         0.21         0.18         0.32
        0.16         0.25         0.19         0.10         0.17         0.32         0.17         0.16         0.35
        0.34         0.28         0.05         0.07         0.21         0.35         0.19         0.12         0.08
        0.08         0.30         0.26         0.12         0.04         0.05         0.16         0.12         0.11
        0.00         0.05         0.23         0.12         0.04         0.12         0.08         0.10         0.13
        0.05         0.03         0.07         0.28         0.36         0.26         0.09         0.14         0.15
    432000      9     13
        0.01         0.07         0.06         0.02         0.04         0.13         0.18         0.30         0.29
        0.10         0.15         0.11         0.09         0.09         0.16         0.26         0.38         0.30
        0.40         0.39         0.21         0.23         0.21         0.19         0.33         0.40         0.56
        0.42         0.40         0.25         0.19         0.31         0.27         0.48         0.34         0.48
        0.35         0.34         0.29         0.18         0.19         0.10         0.28         0.33         0.38
        0.40         0.30         0.26         0.20         0.14         0.03         0.05         0.16         0.20
        0.46         0.28         0.15         0.26         0.17         0.01         0.01         0.05         0.08
        0.14         0.12         0.06         0.11         0.05         0.00         0.02         0.05         0.03
        0.15         0.07         0.04         0.03         0.04         0.06         0.02         0.05         0.03
        0.08         0.03         0.04         0.04         0.06         0.14         0.06         0.04         0.02
        0.00         0.01         0.05         0.09         0.14         0.11         0.06         0.10         0.12
        0.00         0.01         0.08         0.13         0.05         0.02         0.02         0.12         0.23
        0.01         0.00         0.02         0.07         0.04         0.17         0.03         0.05         0.06
    518400      9     13
        0.05         0.28         0.29         0.26         0.20         0.12         0.06         0.19         0.14
        0.17         0.53         0.30         0.26         0.13         0.05         0.03         0.14         0.12
        0.18         0.35         0.34         0.27         0.31         0.09         0.12         0.20         0.31
        0.25         0.34         0.47         0.26         0.46         0.16         0.15         0.36         0.58
        0.28         0.40         0.55         0.58         0.47         0.17         0.03         0.17         0.38
        0.32         0.48         0.56         0.75         0.62         0.15         0.02         0.05         0.18
        0.23         0.38         0.29         0.69         0.49         0.04         0.00         0.01         0.13
        0.17         0.43         0.29         0.47         0.26         0.02         0.00         0.01         0.11
        0.31         0.48         0.33         0.29         0.06         0.04         0.02         0.05         0.01
        0.33         0.36         0.42         0.35         0.14         0.21         0.12         0.20         0.09
        0.41         0.44         0.55         0.44         0.25         0.37         0.08         0.22         0.15
        0.33         0.28         0.36         0.41         0.24         0.37         0.08         0.06         0.08
        0.19         0.16         0.18         0.42         0.24         0.10         0.04         0.02         0.02
    604800      9     13
        0.43         0.66         0.56         0.56         0.44         0.28         0.31         0.34         0.23
        0.49         0.66         0.48         0.57         0.40         0.30         0.34         0.34         0.15
        0.46         0.55         0.47         0.54         0.31         0.32         0.43         0.22         0.26
        0.41         0.53         0.42         0.49         0.27         0.20         0.30         0.22         0.43
        0.34         0.53         0.44         0.67         0.53         0.16         0.11         0.24         0.35
        0.36         0.57         0.50         0.72         0.66         0.18         0.03         0.09         0.14
        0.26         0.40         0.28         0.59         0.52         0.15         0.04         0.03         0.06
        0.29         0.37         0.26         0.42         0.36         0.09         0.02         0.01         0.01
        0.26         0.41         0.30         0.28         0.15         0.08         0.03         0.10         0.06
        0.11         0.22         0.27         0.31         0.24         0.21         0.10         0.12         0.11
        0.01         0.02         0.04         0.14         0.22         0.20         0.06         0.14         0.23
        0.00         0.00         0.01         0.02         0.03         0.04         0.03         0.04         0.07
        0.01         0.01         0.01         0.01         0.00         0.00         0.00         0.00         0.00
    691200      9     13
        0.29         0.19         0.26         0.37         0.39         0.31         0.29         0.33         0.17
        0.16         0.15         0.15         0.33         0.17         0.22         0.25         0.42         0.33
        0.16         0.18         0.15         0.27         0.07         0.18         0.34         0.21         0.37
        0.17         0.25         0.19         0.40         0.27         0.07         0.18         0.13         0.38
        0.24         0.34         0.26         0.45         0.34         0.04         0.06         0.20         0.25
        0.23         0.26         0.21         0.36         0.26         0.02         0.07         0.28         0.29
        0.17         0.23         0.11         0.25         0.20         0.02         0.03         0.14         0.26
        0.17         0.19         0.18         0.27         0.18         0.03         0.02         0.01         0.08
        0.29         0.38         0.36         0.32         0.12         0.10         0.09         0.06         0.02
        0.35         0.37         0.30         0.19         0.06         0.13         0.12         0.05         0.02
        0.08         0.10         0.15         0.13         0.01         0.01         0.01         0.00         0.01
        0.00         0.03         0.16         0.25         0.11         0.03         0.02         0.00         0.00
        0.04         0.18         0.49         0.45         0.31         0.16         0.05         0.01         0.00
    777600      9     13
        0.16         0.43         0.51         0.44         0.41         0.39         0.36         0.40         0.27
        0.19         0.43         0.45         0.49         0.17         0.33         0.35         0.50         0.47
        0.27         0.50         0.56         0.53         0.16         0.26         0.41         0.20         0.36
        0.33         0.55         0.60         0.55         0.40         0.11         0.28         0.20         0.43
        0.42         0.69         0.87         0.69         0.75         0.08         0.07         0.25         0.35
        0.29         0.49         0.69         0.55         0.82         0.10         0.05         0.30         0.34
        0.21         0.27         0.28         0.45         0.45         0.13         0.01         0.09         0.17
        0.19         0.28         0.32         0.27         0.12         0.07         0.05         0.04         0.04
        0.36         0.49         0.41         0.16         0.05         0.03         0.09         0.09         0.04
        0.36         0.40         0.22         0.08         0.03         0.06         0.08         0.06         0.06
        0.10         0.16         0.17         0.07         0.01         0.04         0.02         0.01         0.02
        0.07         0.17         0.27         0.17         0.09         0.05         0.02         0.00         0.00
        0.18         0.23         0.25         0.35         0.33         0.23         0.09         0.01         0.03
    864000      9     13
        0.06         0.21         0.52         0.33         0.21         0.16         0.21         0.28         0.28
        0.07         0.19         0.56         0.61         0.31         0.22         0.16         0.37         0.29
        0.09         0.15         0.37         0.46         0.34         0.22         0.29         0.50         0.54
        0.17         0.30         0.32         0.37         0.47         0.20         0.24         0.46         0.58
        0.36         0.51         0.50         0.66         0.67         0.14         0.04         0.25         0.37
        0.41         0.49         0.50         0.83         0.72         0.09         0.00         0.09         0.30
        0.21         0.24         0.21         0.61         0.57         0.08         0.00         0.01         0.10
        0.22         0.13         0.16         0.19         0.16         0.01         0.00         0.00         0.00
        0.23         0.21         0.23         0.14         0.01         0.01         0.02         0.03         0.01
        0.21         0.16         0.07         0.04         0.01         0.03         0.06         0.04         0.03
        0.05         0.08         0.15         0.07         0.01         0.01         0.01         0.00         0.01
        0.00         0.03         0.14         0.14         0.04         0.01         0.01         0.00         0.01
        0.01         0.02         0.10         0.09         0.05         0.01         0.01         0.00         0.00
    950400      9     13
        0.34         0.42         0.36         0.27         0.30         0.34         0.26         0.26         0.15
        0.38         0.61         0.51         0.36         0.25         0.19         0.32         0.28         0.16
        0.25         0.58         0.60         0.55         0.38         0.17         0.31         0.27         0.27
        0.32         0.60         0.64         0.67         0.51         0.17         0.31         0.37         0.28
        0.35         0.63         0.64         0.68         0.56         0.30         0.30         0.23         0.23
        0.36         0.51         0.55         0.50         0.50         0.16         0.36         0.27         0.33
        0.24         0.21         0.14         0.47         0.32         0.07         0.33         0.34         0.33
        0.15         0.15         0.07         0.22         0.11         0.03         0.18         0.35         0.48
        0.24         0.30         0.18         0.23         0.11         0.03         0.09         0.10         0.31
        0.22         0.28         0.27         0.22         0.07         0.04         0.05         0.13         0.28
        0.11         0.28         0.38         0.18         0.04         0.10         0.06         0.07         0.16
        0.01         0.09         0.24         0.23         0.05         0.03         0.03         0.02         0.06
        0.00         0.01         0.14         0.30         0.17         0.03         0.02         0.01         0.02
   1036800      9     13
        0.83         0.57         0.89         0.80         0.75         0.68         0.62         0.63         0.63
        0.76         0.69         0.90         0.83         0.67         0.59         0.60         0.57         0.47
        0.66         0.73         0.86         0.50         0.53         0.63         0.57         0.46         0.47
        0.43         0.44         0.52         0.45         0.38         0.50         0.55         0.26         0.45
        0.67         0.61         0.46         0.27         0.30         0.26         0.32         0.38         0.48
        0.66         0.56         0.39         0.30         0.51         0.28         0.26         0.45         0.50
        0.68         0.51         0.36         0.52         0.40         0.24         0.28         0.28         0.52
        0.44         0.56         0.38         0.50         0.36         0.34         0.46         0.35         0.31
        0.67         0.88         0.49         0.52         0.26         0.29         0.71         0.69         0.53
        0.40         0.47         0.36         0.38         0.28         0.11         0.16         0.27         0.49
        0.28         0.34         0.43         0.32         0.09         0.07         0.05         0.13         0.48
        0.15         0.15         0.36         0.42         0.13         0.04         0.05         0.15         0.41
        0.02         0.09         0.16         0.30         0.28         0.07         0.03         0.05         0.09
   1123200      9     13
        0.54         0.44         0.42         0.31         0.54         0.70         0.69         0.65         0.51
        1.61         0.79         0.51         0.48         0.64         0.69         0.80         0.54         0.47
        1.36         0.59         0.53         0.58         0.70         0.82         0.77         0.58         0.80
        1.11         0.90         1.03         0.88         0.94         1.17         1.00         0.81         1.09
        1.02         1.19         1.26         1.07         1.41         1.51         1.43         1.10         0.99
        1.29         1.18         1.24         1.26         1.63         2.72         2.35         0.93         0.79
        1.37         1.31         1.23         1.62         2.07         3.02         1.78         0.94         0.91
        1.01         1.09         1.14         1.26         1.14         1.05         1.00         0.93         0.93
        0.91         1.04         0.99         0.83         0.56         0.47         0.67         0.65         0.80
        0.73         0.43         0.37         0.34         0.31         0.28         0.32         0.39         0.54
        0.40         0.22         0.12         0.09         0.05         0.12         0.11         0.28         0.56
        0.07         0.01         0.01         0.04         0.06         0.05         0.06         0.16         0.35
        0.00         0.05         0.08         0.18         0.33         0.31         0.23         0.31         0.20
   1209600      9     13
        0.43         0.59         1.45         2.27         2.35         1.11         0.63         0.35         0.38
        0.34         0.79         1.51         2.40         1.31         0.41         0.71         0.40         0.31
        0.59         1.18         1.38         1.12         0.81         1.75         1.92         0.60         0.34
        0.51         0.58         0.84         1.97         2.39         2.86         1.65         0.41         0.40
        0.71         0.50         0.58         1.44         2.41         3.11         1.03         0.42         0.28
        0.63         0.34         0.28         0.46         1.09         2.22         1.08         0.42         0.20
        0.25         0.22         0.20         0.46         1.57         2.65         0.98         0.36         0.16
        0.27         0.32         0.19         0.12         0.41         1.03         0.52         0.24         0.16
        0.53         0.57         0.24         0.10         0.17         0.33         0.36         0.33         0.57
        0.52         0.44         0.43         0.31         0.19         0.28         0.67         1.00         0.98
        0.36         0.46         0.47         0.31         0.24         0.33         0.50         1.01         0.92
        0.14         0.26         0.44         0.54         0.41         0.37         0.37         0.67         1.07
        0.18         0.32         0.56         0.76         0.67         0.71         0.45         0.42         0.70
   1296000      9     13
        0.19         0.29         0.32         0.26         0.24         0.22         0.43         0.49         0.39
        0.12         0.24         0.28         0.22         0.11         0.17         0.31         0.26         0.19
        0.19         0.25         0.30         0.25         0.20         0.32         0.30         0.22         0.21
        0.38         0.27         0.37         0.38         0.25         0.27         0.19         0.18         0.25
        0.39         0.43         0.56         0.42         0.21         0.16         0.18         0.14         0.20
        0.22         0.19         0.20         0.14         0.20         0.25         0.15         0.14         0.24
        0.15         0.18         0.22         0.26         0.29         0.20         0.12         0.10         0.15
        0.17         0.16         0.38         0.51         0.53         0.27         0.07         0.05         0.15
        0.40         0.55         0.86         0.49         0.23         0.11         0.04         0.08         0.18
        0.40         0.24         0.17         0.13         0.16         0.24         0.17         0.27         0.31
        0.23         0.22         0.25         0.27         0.23         0.34         0.50         0.75         0.64
        0.45         0.50         0.49         0.31         0.18         0.26         0.39         0.59         0.48
        0.46         0.53         0.58         0.38         0.30         0.44         0.29         0.26         0.28