         0      9     13
        0.05         0.13         0.14         0.08         0.19         0.13         0.12         0.23         0.23
        0.15         0.30         0.30         0.16         0.13         0.14         0.14         0.19         0.13
        0.46         0.84         1.08         0.40         0.32         0.14         0.07         0.04         0.40
        0.32         0.67         0.81         0.35         0.32         0.21         0.03         0.27         0.94
        0.48         1.51         0.97         0.69         0.66         0.12         0.01         0.33         0.69
        0.85         1.15         0.50         0.34         0.56         0.28         0.09         0.09         0.49
        1.69         1.58         0.51         0.39         0.52         0.45         0.27         0.27         0.49
        0.18         0.29         0.45         0.29         0.18         0.27         0.31         0.76         1.14
        0.16         0.18         0.15         0.26         0.09         0.16         0.19         0.32         0.59
        0.09         0.04         0.09         0.37         0.30         0.16         0.13         0.16         0.23
        0.06         0.07         0.18         0.67         0.75         0.51         0.34         0.11         0.11
        0.10         0.07         0.13         0.59         0.62         0.56         0.61         0.10         0.11
        0.08         0.06         0.06         0.16         0.45         0.21         0.28         0.20         0.04
     86400      9     13
        0.54         0.23         0.08         0.24         0.79         0.78         0.87         0.94         0.86
        0.97         0.26         0.05         0.22         0.64         0.82         0.53         0.42         0.51
        1.08         0.45         0.10         0.09         0.48         0.73         0.56         0.40         0.57
        1.41         0.90         0.26         0.18         0.50         0.66         0.93         1.85         1.22
        0.35         0.37         0.21         0.29         0.66         0.73         0.85         1.54         1.42
        0.32         0.43         0.32         0.49         0.84         0.98         0.71         0.78         0.83
        0.30         0.41         0.51         0.54         0.97         0.98         0.70         0.63         0.63
        0.44         0.51         0.60         0.81         0.96         0.77         0.54         0.82         1.07
        0.74         1.01         0.80         0.73         0.66         0.53         0.39         1.30         1.93
        0.89         0.96         0.51         0.52         0.65         0.56         0.45         0.80         1.09
        0.49         0.55         0.94         1.11         0.89         0.76         0.86         0.66         0.59
        0.22         0.54         0.62         2.03         1.92         1.29         2.43         0.98         0.65
        0.47         0.74         0.53         1.06         1.30         0.95         1.31         1.24         2.33
    172800      9     13
        0.52         0.68         1.05         0.78         0.34         0.17         0.22         0.35         0.24
        0.63         0.86         1.14         1.40         0.60         0.36         0.29         0.26         0.15
        0.66         0.62         1.22         1.25         0.99         0.87         0.53         0.32         0.20
        0.60         0.82         1.44         1.07         0.93         1.05         0.62         0.40         0.26
        0.79         0.78         0.83         0.31         0.70         0.82         0.36         0.36         0.31
        0.63         0.21         0.13         0.06         0.46         0.46         0.21         0.29         0.24
        0.90         0.12         0.04         0.03         0.14         0.12         0.08         0.13         0.13
        0.78         0.15         0.09         0.07         0.05         0.10         0.12         0.08         0.06
        0.67         0.74         0.31         0.22         0.20         0.10         0.06         0.06         0.05
        0.36         0.81         0.93         0.37         0.19         0.14         0.12         0.20         0.25
        0.23         0.54         0.91         0.58         0.16         0.10         0.21         0.28         0.30
        0.35         0.47         0.32         0.25         0.25         0.28         0.48         0.57         0.49
        0.38         0.36         0.18         0.05         0.43         0.66         0.63         1.91         1.59
    259200      9     13
        0.63         0.73         0.60         0.43         0.47         0.49         0.47         0.59         1.15
        0.72         0.64         0.45         0.35         0.39         0.35         0.39         0.55         1.44
        0.46         0.38         0.39         0.37         0.29         0.42         0.49         0.59         1.19
        0.56         0.43         0.36         0.37         0.42         0.49         0.52         0.56         0.76
        0.69         0.47         0.34         0.35         0.60         0.64         0.56         0.61         0.72
        0.58         0.47         0.28         0.35         0.67         0.63         0.64         0.64         0.65
        0.48         0.47         0.32         0.26         0.45         0.61         0.65         0.67         0.58
        0.34         0.49         0.38         0.25         0.38         0.60         0.58         0.65         0.77
        0.39         0.44         0.34         0.16         0.19         0.34         0.37         0.48         0.48
        0.84         1.14         0.46         0.18         0.27         0.46         0.44         0.39         0.33
        0.85         1.39         0.78         0.42         0.42         0.70         0.70         0.54         0.41
        0.66         0.86         0.74         0.56         0.61         0.86         0.90         0.90         0.93
        0.79         0.81         0.79         0.74         0.92         0.94         1.14         1.24         1.16
    345600      9     13
        0.30         0.29         0.24         0.21         0.14         0.09         0.11         0.06         0.03
        0.38         0.38         0.39         0.31         0.15         0.10         0.11         0.05         0.08
        0.43         0.39         0.50         0.46         0.47         0.21         0.18         0.14         0.35
        0.34         0.39         0.56         0.70         0.73         0.35         0.26         0.27         0.52
        0.35         0.58         0.68         0.72         0.65         0.33         0.29         0.30         0.49
        0.47         0.68         0.60         0.50         0.51         0.32         0.30         0.28         0.42
        0.41         0.52         0.53         0.44         0.38         0.31         0.27         0.22         0.32
        0.27         0.42         0.50         0.34         0.31         0.48         0.38         0.25         0.31
        0.59         0.49         0.45         0.32         0.22         0.36         0.39         0.37         0.51
        1.44         1.05         0.66         0.44         0.24         0.18         0.46         0.68         0.69
        1.75         1.90         0.73         0.58         0.26         0.39         0.65         0.71         0.68
        1.11         1.04         0.51         0.45         0.28         0.54         0.55         0.45         0.53
        0.97         0.69         0.36         0.28         0.31         0.48         0.60         0.40         0.40
    432000      9     13
        1.41         1.14         0.82         0.78         0.43         0.40         0.34         0.20         0.11
        1.24         0.81         0.72         0.82         0.39         0.43         0.29         0.13         0.08
        1.04         0.67         0.68         0.67         0.47         0.53         0.29         0.10         0.06
        0.89         0.52         0.58         0.44         0.36         0.43         0.36         0.32         0.24
        0.78         0.42         0.48         0.36         0.41         0.59         0.42         0.32         0.21
        0.72         0.37         0.35         0.30         0.49         0.92         0.51         0.32         0.25
        0.66         0.43         0.37         0.31         0.50         0.78         0.46         0.30         0.35
        0.55         0.43         0.39         0.40         0.49         0.56         0.45         0.35         0.52
        0.49         0.39         0.38         0.57         0.46         0.62         0.49         0.58         0.74
        0.49         0.39         0.51         0.59         0.59         0.71         0.65         1.07         0.99
        0.51         0.49         0.66         0.54         0.72         0.72         0.74         1.62         1.49
        0.41         0.46         0.66         0.63         0.87         0.90         0.87         1.86         1.70
        0.38         0.40         0.60         0.73         0.75         0.80         1.00         1.50         1.47
    518400      9     13
        0.19         0.16         0.23         0.25         0.27         0.25         0.10         0.04         0.03
        0.19         0.19         0.23         0.26         0.25         0.30         0.25         0.11         0.08
        0.25         0.27         0.19         0.24         0.34         0.28         0.21         0.17         0.22
        0.38         0.34         0.23         0.34         0.38         0.33         0.26         0.19         0.16
        0.31         0.33         0.27         0.25         0.28         0.34         0.33         0.25         0.15
        0.29         0.33         0.24         0.12         0.19         0.19         0.23         0.23         0.35
        0.22         0.34         0.22         0.11         0.13         0.16         0.17         0.17         0.33
        0.20         0.31         0.25         0.09         0.14         0.15         0.12         0.09         0.16
        0.19         0.21         0.24         0.17         0.24         0.20         0.11         0.11         0.10
        0.19         0.16         0.25         0.38         0.40         0.26         0.14         0.21         0.15
        0.18         0.11         0.23         0.35         0.34         0.28         0.29         0.24         0.19
        0.16         0.17         0.26         0.28         0.25         0.15         0.27         0.23         0.17
        0.23         0.35         0.42         0.38         0.43         0.16         0.26         0.34         0.18
    604800      9     13
        0.27         0.13         0.06         0.02         0.00         0.01         0.03         0.01         0.01
        0.28         0.10         0.04         0.02         0.03         0.12         0.18         0.12         0.07
        0.29         0.15         0.13         0.15         0.23         0.42         0.26         0.17         0.30
        0.22         0.28         0.30         0.40         0.39         0.45         0.33         0.23         0.29
        0.33         0.44         0.50         0.48         0.47         0.40         0.31         0.16         0.13
        0.30         0.46         0.56         0.48         0.57         0.40         0.23         0.13         0.08
        0.28         0.44         0.49         0.48         0.54         0.31         0.14         0.15         0.17
        0.24         0.42         0.45         0.48         0.53         0.34         0.14         0.15         0.13
        0.25         0.33         0.31         0.46         0.57         0.47         0.16         0.07         0.09
        0.32         0.30         0.38         0.55         0.63         0.58         0.26         0.17         0.14
        0.40         0.43         0.47         0.53         0.54         0.39         0.17         0.10         0.16
        0.46         0.50         0.46         0.52         0.47         0.20         0.04         0.04         0.10
        0.34         0.38         0.32         0.42         0.47         0.14         0.05         0.09         0.04
    691200      9     13
        0.10         0.24         0.24         0.30         0.38         0.21         0.22         0.27         0.09
        0.07         0.22         0.29         0.43         0.38         0.18         0.24         0.28         0.13
        0.05         0.20         0.42         0.46         0.36         0.31         0.41         0.10         0.24
        0.14         0.26         0.36         0.46         0.22         0.15         0.13         0.03         0.15
        0.21         0.18         0.12         0.15         0.04         0.01         0.01         0.01         0.10
        0.05         0.03         0.01         0.01         0.02         0.00         0.00         0.00         0.02
        0.00         0.01         0.01         0.01         0.01         0.00         0.00         0.00         0.01
        0.02         0.03         0.05         0.10         0.01         0.01         0.04         0.04         0.11
        0.02         0.06         0.19         0.35         0.03         0.04         0.14         0.15         0.16
        0.01         0.06         0.14         0.18         0.03         0.02         0.08         0.07         0.07
        0.02         0.03         0.11         0.10         0.04         0.03         0.04         0.07         0.07
        0.10         0.02         0.11         0.20         0.03         0.06         0.11         0.15         0.14
        0.07         0.07         0.20         0.31         0.21         0.17         0.08         0.10         0.03
    777600      9     13
        0.30         0.23         0.18         0.16         0.20         0.00         0.02         0.04         0.03
        0.46         0.19         0.03         0.10         0.02         0.04         0.07         0.11         0.02
        0.50         0.30         0.03         0.07         0.01         0.20         0.22         0.11         0.07
        0.35         0.50         0.27         0.24         0.14         0.10         0.19         0.10         0.18
        0.13         0.42         0.58         0.46         0.50         0.18         0.24         0.42         0.39
        0.21         0.50         0.57         0.28         0.44         0.43         0.36         0.78         0.82
        0.42         0.43         0.41         0.44         0.65         0.80         0.59         0.71         0.84
        0.42         0.38         0.32         0.37         0.90         1.29         0.87         0.94         0.67
        0.27         0.32         0.43         0.58         0.43         0.64         0.51         0.73         0.62
        0.53         0.92         1.03         1.01         0.74         0.46         0.29         0.29         0.37
        0.79         1.43         1.16         0.59         0.35         0.25         0.49         0.48         0.31
        0.74         0.97         0.92         0.60         0.34         0.40         0.27         0.19         0.07
        0.36         0.55         0.41         0.45         0.78         0.65         0.26         0.14         0.10
    864000      9     13
        0.60         0.50         0.99         1.07         0.94         0.55         0.61         0.79         0.54
        0.71         0.76         0.72         0.74         0.71         0.69         0.68         0.69         0.39
        0.94         1.13         0.64         0.38         0.30         0.31         0.37         0.36         0.36
        0.67         1.04         1.18         0.79         0.64         0.16         0.20         0.41         0.41
        0.79         1.05         1.40         1.24         1.40         0.59         0.40         0.73         0.71
        0.52         0.80         1.18         1.03         1.23         0.80         0.75         0.74         0.61
        0.35         0.53         1.09         0.90         0.69         0.74         0.76         0.75         0.67
        0.63         0.36         0.70         0.50         0.63         0.87         0.76         0.52         0.50
        0.37         0.25         0.26         0.21         0.66         0.97         0.71         0.58         0.63
        0.50         0.69         0.68         0.69         0.64         0.74         0.85         0.58         0.74
        1.01         0.63         0.60         0.55         0.45         0.31         0.65         0.52         0.43
        0.64         0.72         1.03         0.78         0.46         0.36         0.30         0.27         0.22
        0.69         0.56         0.60         0.61         0.77         0.52         0.33         0.44         0.22
    950400      9     13
        0.71         0.61         0.35         0.31         0.32         0.25         0.37         0.30         0.34
        0.81         0.81         0.29         0.41         0.42         0.33         0.53         0.71         0.62
        0.72         1.14         0.63         0.40         0.43         0.33         0.30         0.61         0.70
        0.58         0.98         0.86         0.55         0.60         0.25         0.15         0.38         0.44
        0.58         0.71         0.77         0.51         0.80         0.29         0.30         0.34         0.27
        0.52         0.38         0.42         0.33         0.84         0.55         0.43         0.41         0.44
        0.36         0.25         0.28         0.20         0.60         0.70         0.53         0.62         0.66
        0.10         0.21         0.50         0.32         0.62         0.83         0.67         0.68         0.68
        0.26         0.34         0.42         0.43         0.34         0.47         0.52         0.55         0.63
        0.29         0.51         0.45         0.41         0.21         0.26         0.24         0.31         0.40
        0.24         0.32         0.29         0.22         0.15         0.10         0.29         0.35         0.27
        0.17         0.35         0.35         0.23         0.17         0.21         0.19         0.35         0.44
        0.37         0.32         0.47         0.45         0.37         0.36         0.17         0.37         0.45
   1036800      9     13
        0.22         0.34         0.36         0.14         0.32         0.37         0.16         0.20         0.19
        0.13         0.20         0.26         0.17         0.22         0.23         0.21         0.13         0.13
        0.27         0.22         0.18         0.14         0.20         0.22         0.17         0.22         0.26
        0.18         0.28         0.36         0.16         0.11         0.11         0.12         0.41         0.33
        0.21         0.22         0.26         0.28         0.23         0.09         0.08         0.11         0.11
        0.15         0.17         0.17         0.25         0.25         0.14         0.07         0.03         0.05
        0.05         0.03         0.04         0.06         0.22         0.14         0.05         0.04         0.03
        0.05         0.08         0.07         0.05         0.26         0.17         0.09         0.09         0.03
        0.07         0.20         0.24         0.21         0.29         0.27         0.13         0.27         0.22
        0.19         0.36         0.33         0.30         0.21         0.20         0.23         0.38         0.43
        0.25         0.33         0.40         0.40         0.24         0.26         0.32         0.28         0.22
        0.11         0.32         0.49         0.48         0.35         0.49         0.52         0.39         0.42
        0.11         0.37         0.62         0.92         0.67         0.45         0.46         0.49         0.49
   1123200      9     13
        0.25         0.19         0.07         0.03         0.05         0.03         0.02         0.01         0.02
        0.23         0.16         0.09         0.04         0.00         0.04         0.07         0.07         0.13
        0.17         0.11         0.13         0.07         0.09         0.07         0.06         0.05         0.17
        0.09         0.16         0.25         0.22         0.18         0.12         0.07         0.14         0.10
        0.24         0.41         0.43         0.50         0.37         0.11         0.03         0.18         0.20
        0.47         0.54         0.40         0.46         0.46         0.27         0.06         0.09         0.27
        0.26         0.24         0.29         0.29         0.45         0.25         0.05         0.03         0.08
        0.17         0.14         0.21         0.33         0.27         0.09         0.02         0.02         0.02
        0.12         0.14         0.31         0.38         0.16         0.13         0.07         0.06         0.08
        0.40         0.33         0.43         0.40         0.11         0.04         0.19         0.22         0.20
        0.31         0.33         0.51         0.71         0.39         0.15         0.27         0.29         0.56
        0.59         0.65         0.69         0.80         0.65         0.39         0.39         0.47         0.70
        0.83         0.90         0.99         0.79         0.75         0.56         0.40         0.37         0.27
   1209600      9     13
        0.37         0.49         0.67         0.49         0.52         0.29         0.42         0.24         0.10
        0.48         0.40         0.52         0.57         0.49         0.57         0.59         0.33         0.09
        0.45         0.34         0.41         0.32         0.32         0.61         0.47         0.07         0.26
        0.37         0.41         0.48         0.35         0.33         0.42         0.36         0.28         0.28
        0.23         0.22         0.45         0.51         0.48         0.51         0.51         0.52         0.59
        0.31         0.24         0.63         0.38         0.59         0.60         0.72         0.71         0.67
        0.17         0.30         0.51         0.39         0.66         0.64         0.62         0.47         0.58
        0.24         0.36         0.30         0.38         0.51         0.48         0.54         0.41         0.68
        0.16         0.24         0.24         0.43         0.40         0.39         0.33         0.44         0.61
        0.14         0.21         0.30         0.44         0.36         0.21         0.23         0.39         0.57
        0.07         0.15         0.26         0.48         0.47         0.44         0.80         0.48         0.32
        0.15         0.20         0.41         0.88         0.64         0.66         0.71         0.36         0.27
        0.19         0.34         0.51         0.94         1.39         0.58         0.36         0.42         0.26
   1296000      9     13
        0.40         0.34         0.70         0.85         0.79         0.61         0.70         0.47         0.29
        0.54         0.53         0.62         0.84         0.66         0.76         0.79         0.63         0.52
        0.93         1.04         0.82         0.69         0.31         0.42         0.57         0.51         0.75
        0.75         0.82         0.92         0.98         0.73         0.35         0.42         0.69         0.77
        0.59         0.60         0.81         0.98         1.08         0.62         0.45         0.85         0.81
        0.90         0.69         0.49         0.83         0.85         0.57         0.47         0.55         0.63
        0.60         0.58         0.43         0.70         0.60         0.28         0.24         0.33         0.36
        0.30         0.44         0.53         0.20         0.16         0.28         0.29         0.23         0.45
        0.39         0.36         0.15         0.08         0.07         0.25         0.33         0.41         0.60
        0.56         0.50         0.28         0.35         0.26         0.36         0.50         0.58         0.53
        0.49         0.43         0.28         0.45         0.29         0.19         0.52         0.61         0.37
        0.42         0.28         0.36         0.46         0.35         0.19         0.26         0.42         0.32
        0.39         0.41         0.30         0.42         0.48         0.13         0.04         0.03         0.02