         0      9     13
        0.46         0.38         0.40         0.39         0.44         0.34         0.40         0.43         0.13
        0.44         0.40         0.57         0.52         0.36         0.51         0.47         0.49         0.33
        0.39         0.43         0.75         0.68         0.57         0.61         0.47         0.46         0.55
        0.62         0.52         0.63         0.43         0.48         0.47         0.43         0.41         0.45
        0.84         0.46         0.54         0.34         0.29         0.46         0.59         0.52         0.47
        0.75         0.53         0.54         0.28         0.38         0.53         0.57         0.43         0.34
        0.80         0.43         0.45         0.37         0.59         0.34         0.47         0.47         0.61
        0.58         0.40         0.50         0.48         0.45         0.26         0.32         0.59         0.75
        0.57         0.56         0.35         0.47         0.36         0.40         0.25         0.46         0.59
        0.39         0.43         0.35         0.38         0.34         0.30         0.25         0.27         0.32
        0.15         0.26         0.37         0.47         0.34         0.16         0.14         0.29         0.25
        0.36         0.37         0.36         0.41         0.33         0.32         0.20         0.29         0.32
        0.70         0.72         0.63         0.57         0.54         0.29         0.32         0.28         0.29
     86400      9     13
        0.07         0.22         0.36         0.24         0.25         0.19         0.13         0.19         0.16
        0.18         0.26         0.44         0.18         0.20         0.17         0.19         0.18         0.14
        0.35         0.37         0.43         0.21         0.21         0.21         0.16         0.15         0.26
        0.44         0.36         0.36         0.23         0.32         0.25         0.18         0.17         0.29
        0.40         0.33         0.26         0.26         0.28         0.34         0.24         0.27         0.23
        0.18         0.30         0.10         0.20         0.27         0.21         0.14         0.15         0.23
        0.11         0.23         0.11         0.19         0.21         0.11         0.10         0.10         0.19
        0.16         0.20         0.13         0.14         0.05         0.08         0.14         0.17         0.16
        0.25         0.27         0.16         0.17         0.08         0.16         0.25         0.31         0.18
        0.31         0.23         0.26         0.30         0.13         0.15         0.32         0.34         0.22
        0.21         0.32         0.44         0.42         0.27         0.17         0.10         0.22         0.21
        0.50         0.51         0.57         0.59         0.53         0.42         0.13         0.30         0.33
        0.68         0.53         0.50         0.58         0.49         0.39         0.35         0.32         0.44
    172800      9     13
        0.60         0.53         0.41         0.29         0.34         0.38         0.37         0.39         0.33
        0.63         0.49         0.40         0.38         0.40         0.37         0.48         0.48         0.41
        0.49         0.42         0.52         0.49         0.55         0.56         0.48         0.64         0.52
        0.40         0.32         0.49         0.51         0.58         0.67         0.34         0.50         0.52
        0.31         0.43         0.56         0.68         0.50         0.84         0.64         0.64         0.49
        0.23         0.38         0.41         0.81         0.53         0.77         0.56         0.54         0.48
        0.27         0.35         0.41         0.57         0.62         0.68         0.63         0.69         0.69
        0.23         0.28         0.33         0.30         0.35         0.50         0.73         0.70         0.64
        0.28         0.24         0.20         0.12         0.21         0.49         0.73         0.74         0.54
        0.50         0.35         0.26         0.19         0.31         0.38         0.44         0.51         0.38
        0.44         0.31         0.29         0.38         0.40         0.31         0.27         0.30         0.25
        0.27         0.32         0.29         0.39         0.41         0.41         0.38         0.28         0.18
        0.20         0.25         0.34         0.36         0.48         0.41         0.59         0.45         0.33
    259200      9     13
        0.05         0.08         0.21         0.38         0.38         0.49         0.48         0.34         0.38
        0.31         0.43         0.51         0.61         0.54         0.33         0.47         0.48         0.42
        0.38         0.69         0.68         0.59         0.65         0.59         0.62         0.64         0.67
        0.54         0.68         0.53         0.62         0.67         0.61         0.39         0.49         0.86
        0.81         0.69         0.42         0.59         0.49         0.35         0.30         0.68         0.99
        0.31         0.19         0.33         0.42         0.51         0.39         0.39         0.85         0.85
        0.17         0.18         0.42         0.38         0.52         0.43         0.44         0.67         0.73
        0.11         0.11         0.50         0.32         0.39         0.24         0.32         0.45         0.44
        0.34         0.27         0.34         0.42         0.39         0.24         0.27         0.41         0.27
        0.34         0.35         0.57         0.78         0.53         0.39         0.37         0.43         0.39
        0.12         0.18         0.60         0.84         0.59         0.34         0.49         0.51         0.53
        0.05         0.18         0.31         0.42         0.75         0.80         0.66         0.35         0.25
        0.31         0.37         0.28         0.16         0.41         0.30         0.39         0.27         0.20
    345600      9     13
        0.12         0.69         1.04         0.76         0.44         0.46         1.10         1.19         0.72
        0.29         0.70         0.99         0.77         0.51         0.60         1.03         1.49         1.08
        0.26         0.48         0.76         0.71         0.59         0.78         0.87         1.12         1.47
        0.35         0.53         0.63         0.58         0.30         0.69         0.63         1.26         1.57
        0.61         0.50         0.50         0.48         0.33         0.49         0.88         1.63         1.82
        0.56         0.30         0.34         0.44         0.35         0.41         0.75         0.64         1.35
        0.63         0.34         0.50         0.31         0.29         0.36         0.46         0.64         1.00
        0.70         0.44         0.79         0.42         0.35         0.59         0.42         0.71         0.77
        0.66         0.84         0.82         0.74         0.69         0.59         0.41         0.54         0.70
        0.73         0.56         0.67         0.89         0.78         0.35         0.16         0.39         0.53
        0.49         0.39         0.64         0.90         0.75         0.35         0.29         0.24         0.26
        0.51         0.64         0.71         0.84         0.74         0.55         0.60         0.31         0.17
        0.63         0.76         0.80         0.88         1.07         0.72         0.82         0.53         0.25
    432000      9     13
        0.17         0.08         0.20         0.12         0.05         0.16         0.24         0.04         0.06
        0.19         0.19         0.33         0.14         0.04         0.10         0.09         0.01         0.01
        0.13         0.21         0.42         0.30         0.26         0.17         0.11         0.02         0.15
        0.21         0.16         0.35         0.28         0.40         0.36         0.14         0.09         0.42
        0.53         0.19         0.41         0.38         0.35         0.38         0.09         0.07         0.15
        0.46         0.27         0.46         0.51         0.31         0.41         0.18         0.05         0.05
        0.53         0.56         0.59         0.39         0.24         0.42         0.24         0.09         0.04
        0.34         0.32         0.48         0.21         0.17         0.38         0.18         0.05         0.02
        0.20         0.39         0.46         0.17         0.13         0.08         0.11         0.05         0.03
        0.68         0.58         0.45         0.30         0.27         0.29         0.27         0.09         0.09
        0.76         0.43         0.16         0.15         0.25         0.44         0.41         0.30         0.32
        0.52         0.76         0.39         0.12         0.12         0.41         0.31         0.14         0.31
        0.60         0.73         0.71         0.43         0.31         0.38         0.26         0.20         0.24
    518400      9     13
        0.02         0.02         0.02         0.10         0.11         0.13         0.10         0.05         0.06
        0.05         0.05         0.06         0.04         0.02         0.07         0.06         0.02         0.08
        0.22         0.25         0.21         0.15         0.09         0.28         0.19         0.03         0.28
        0.32         0.32         0.33         0.30         0.21         0.32         0.20         0.07         0.56
        0.37         0.32         0.49         0.45         0.29         0.18         0.15         0.13         0.51
        0.48         0.42         0.39         0.39         0.28         0.07         0.07         0.04         0.28
        0.46         0.70         0.30         0.33         0.13         0.02         0.01         0.01         0.26
        0.29         0.39         0.45         0.31         0.08         0.01         0.00         0.01         0.11
        0.21         0.12         0.17         0.27         0.14         0.03         0.01         0.00         0.02
        0.09         0.06         0.11         0.25         0.19         0.09         0.06         0.02         0.01
        0.04         0.07         0.16         0.21         0.15         0.16         0.06         0.06         0.07
        0.13         0.47         0.56         0.31         0.26         0.25         0.14         0.04         0.10
        0.15         0.67         1.01         0.76         0.31         0.17         0.19         0.01         0.12
    604800      9     13
        0.74         1.08         1.18         1.09         1.08         0.95         1.13         1.35         1.81
        0.57         0.87         0.88         0.66         0.53         0.77         0.82         1.04         1.25
        0.34         0.60         0.45         0.28         0.32         0.55         0.69         0.73         1.15
        0.13         0.25         0.17         0.21         0.24         0.17         0.45         0.44         0.44
        0.08         0.14         0.13         0.23         0.22         0.09         0.09         0.15         0.14
        0.12         0.15         0.11         0.16         0.15         0.06         0.03         0.12         0.17
        0.22         0.28         0.13         0.17         0.09         0.02         0.01         0.08         0.12
        0.16         0.28         0.26         0.24         0.07         0.02         0.00         0.01         0.01
        0.19         0.31         0.32         0.26         0.04         0.01         0.00         0.01         0.01
        0.16         0.27         0.31         0.28         0.07         0.01         0.03         0.03         0.07
        0.08         0.15         0.35         0.39         0.09         0.02         0.02         0.01         0.02
        0.02         0.08         0.32         0.40         0.19         0.05         0.05         0.00         0.02
        0.02         0.07         0.20         0.38         0.33         0.09         0.08         0.01         0.01
    691200      9     13
        0.62         0.56         0.50         0.40         0.33         0.36         0.35         0.38         0.57
        0.71         0.56         0.38         0.43         0.44         0.57         0.68         0.56         0.83
        1.10         0.97         0.70         0.73         0.47         0.61         0.80         0.65         0.82
        0.62         0.89         0.82         0.89         0.55         0.38         0.70         0.83         0.82
        0.31         0.45         0.59         0.79         0.77         0.35         0.55         0.86         0.99
        0.40         0.36         0.37         0.55         0.58         0.32         0.41         0.59         0.74
        0.24         0.20         0.31         0.35         0.29         0.21         0.24         0.29         0.36
        0.06         0.10         0.21         0.09         0.03         0.12         0.24         0.27         0.20
        0.04         0.07         0.05         0.09         0.12         0.14         0.19         0.25         0.22
        0.16         0.11         0.09         0.15         0.17         0.05         0.04         0.13         0.18
        0.11         0.05         0.05         0.06         0.05         0.03         0.03         0.14         0.31
        0.08         0.06         0.10         0.11         0.14         0.19         0.10         0.09         0.29
        0.04         0.05         0.13         0.20         0.42         0.48         0.27         0.18         0.24
    777600      9     13
        0.81         0.93         1.31         1.23         0.95         0.94         1.34         1.42         1.17
        0.95         1.09         1.28         1.28         0.77         0.91         1.41         1.31         1.08
        0.93         0.94         0.89         0.98         0.74         1.03         1.34         1.31         1.44
        0.60         0.60         0.65         0.91         1.34         1.19         1.38         2.32         2.29
        0.51         0.49         0.55         0.75         0.85         1.03         0.95         1.64         1.49
        0.39         0.40         0.43         0.52         0.50         0.87         0.97         1.20         1.35
        0.15         0.25         0.37         0.48         0.43         0.66         0.98         0.79         1.04
        0.13         0.23         0.36         0.28         0.28         0.31         0.55         0.60         0.66
        0.20         0.27         0.19         0.20         0.21         0.22         0.30         0.40         0.49
        0.16         0.18         0.21         0.28         0.33         0.46         0.42         0.44         0.59
        0.05         0.09         0.25         0.37         0.41         0.49         0.53         0.65         0.79
        0.05         0.08         0.11         0.18         0.25         0.32         0.47         0.56         0.76
        0.09         0.13         0.24         0.27         0.38         0.51         0.34         0.57         0.88
    864000      9     13
        0.33         0.35         0.61         0.89         0.80         0.99         0.92         0.50         0.42
        0.65         0.43         0.37         0.32         0.38         1.04         1.43         0.64         0.53
        0.54         0.38         0.25         0.29         0.37         1.10         1.23         0.68         0.59
        0.32         0.16         0.24         0.42         0.28         0.53         0.81         0.75         0.69
        0.23         0.05         0.29         0.48         0.39         0.50         0.57         0.56         0.72
        0.31         0.17         0.26         0.43         0.43         0.54         0.60         0.59         0.57
        0.38         0.42         0.32         0.28         0.42         0.83         0.69         0.38         0.39
        0.66         0.50         0.48         0.34         0.41         0.83         0.53         0.21         0.17
        0.60         0.71         0.79         0.58         0.66         0.80         0.44         0.15         0.08
        0.67         0.71         0.68         0.49         0.57         0.55         0.40         0.18         0.05
        0.81         0.72         0.48         0.34         0.46         0.43         0.35         0.17         0.05
        1.71         1.55         0.73         0.44         0.54         0.34         0.27         0.33         0.16
        2.85         1.77         0.99         0.75         0.47         0.18         0.11         0.53         0.48
    950400      9     13
        0.88         0.67         0.73         0.62         0.53         0.49         0.39         0.27         0.20
        1.15         0.88         0.94         0.69         0.56         0.57         0.56         0.36         0.25
        0.52         0.69         1.19         0.68         0.82         0.97         0.78         0.53         0.52
        0.37         0.52         1.15         0.79         1.01         1.07         0.79         0.63         0.90
        0.62         0.68         0.93         0.77         0.87         1.20         1.09         0.94         0.94
        0.63         0.66         0.95         0.81         0.94         1.37         1.41         1.13         0.82
        0.78         0.66         0.79         0.75         0.90         1.25         1.69         1.35         0.78
        0.67         0.53         0.66         0.79         0.96         0.92         1.12         0.90         0.82
        0.94         0.86         0.61         0.64         0.82         0.83         0.72         0.75         0.89
        1.04         0.73         0.63         0.68         0.59         0.37         0.26         0.43         0.59
        0.50         0.65         0.87         0.68         0.32         0.21         0.10         0.15         0.19
        0.18         0.40         0.69         0.59         0.40         0.21         0.05         0.06         0.09
        0.03         0.22         0.41         0.45         0.37         0.20         0.06         0.03         0.05
   1036800      9     13
        0.10         0.24         0.27         0.28         0.20         0.09         0.14         0.11         0.02
        0.10         0.30         0.32         0.17         0.19         0.10         0.11         0.07         0.01
        0.24         0.41         0.42         0.29         0.25         0.18         0.15         0.12         0.08
        0.36         0.45         0.43         0.43         0.45         0.31         0.19         0.16         0.26
        0.45         0.44         0.44         0.33         0.40         0.45         0.39         0.35         0.57
        0.37         0.49         0.51         0.35         0.47         0.47         0.55         0.51         0.59
        0.31         0.44         0.54         0.44         0.59         0.46         0.35         0.30         0.34
        0.25         0.23         0.42         0.58         0.57         0.41         0.29         0.18         0.17
        0.35         0.40         0.39         0.53         0.46         0.33         0.32         0.23         0.22
        0.43         0.44         0.44         0.48         0.38         0.30         0.34         0.33         0.34
        0.55         0.50         0.60         0.57         0.44         0.44         0.37         0.42         0.29
        0.57         0.54         0.75         0.70         0.67         0.71         0.38         0.35         0.29
        0.53         0.58         0.77         0.85         0.83         0.67         0.49         0.41         0.47
   1123200      9     13
        0.29         0.40         0.45         0.35         0.41         0.51         0.71         0.58         0.34
        0.22         0.42         0.51         0.45         0.54         0.56         0.73         0.61         0.15
        0.20         0.44         0.47         0.37         0.45         0.47         0.55         0.53         0.14
        0.27         0.49         0.62         0.53         0.68         0.59         0.42         0.48         0.39
        0.38         0.44         0.65         0.58         0.62         0.69         0.50         0.63         0.54
        0.36         0.35         0.68         0.60         0.61         0.79         0.83         0.77         0.83
        0.41         0.40         0.53         0.51         0.67         0.78         0.90         0.84         0.96
        0.25         0.33         0.53         0.50         0.60         0.74         0.68         0.86         1.01
        0.25         0.50         0.51         0.69         0.79         0.98         0.65         1.24         1.23
        0.51         0.67         0.68         0.76         0.73         0.70         0.63         0.87         0.98
        0.39         0.38         0.63         0.88         0.80         0.73         0.87         0.79         0.84
        0.25         0.29         0.60         1.00         0.88         1.56         2.08         1.02         0.77
        0.20         0.39         0.45         0.68         1.26         1.27         1.31         0.63         0.67
   1209600      9     13
        0.35         0.20         0.16         0.14         0.17         0.13         0.14         0.10         0.04
        0.60         0.38         0.37         0.33         0.27         0.22         0.11         0.08         0.06
        0.57         0.39         0.42         0.42         0.42         0.38         0.17         0.07         0.10
        0.88         0.59         0.63         0.76         0.76         0.55         0.33         0.26         0.29
        1.03         0.85         1.05         0.69         0.78         0.69         0.51         0.47         0.46
        0.89         1.13         1.14         0.85         0.83         0.74         0.59         0.50         0.46
        0.88         1.18         1.92         2.04         1.62         1.27         1.07         0.76         0.45
        1.16         1.05         1.40         2.35         2.29         1.79         1.52         1.07         0.80
        1.05         1.06         1.21         1.44         1.90         2.17         1.50         1.13         1.06
        1.00         0.91         1.10         1.20         1.13         1.23         1.21         1.04         0.79
        1.13         1.09         1.58         1.99         1.15         0.93         0.71         0.60         0.53
        1.13         1.52         3.52         4.01         0.93         0.93         0.69         0.55         0.62
        1.02         1.49         1.76         1.13         1.19         1.08         0.62         0.58         0.99
   1296000      9     13
        0.27         0.41         0.40         0.25         0.15         0.14         0.32         0.31         0.20
        0.62         0.63         0.45         0.36         0.32         0.23         0.30         0.24         0.17
        0.65         0.66         0.49         0.46         0.66         0.46         0.46         0.33         0.32
        0.46         0.57         0.52         0.44         0.59         0.50         0.41         0.43         0.57
        0.55         0.52         0.41         0.56         0.65         0.46         0.38         0.36         0.47
        0.74         0.71         0.37         0.40         0.52         0.44         0.49         0.43         0.39
        0.88         0.88         0.58         0.35         0.41         0.31         0.48         0.55         0.70
        0.52         0.92         0.99         0.82         0.56         0.45         0.64         0.73         0.82
        0.39         0.72         0.97         0.78         0.78         0.68         0.80         0.86         0.74
        0.71         0.65         1.15         1.26         0.68         0.69         0.78         0.87         0.78
        0.88         1.04         1.28         1.40         1.26         1.15         0.81         1.00         0.96
        0.66         0.92         1.16         1.54         1.51         1.22         1.00         1.17         1.06
        0.55         0.77         1.03         1.18         1.31         1.55         1.27         0.98         0.95