         0      9     13
        0.40         0.31         0.36         0.24         0.05         0.01         0.01         0.06         0.05
        0.47         0.42         0.36         0.21         0.03         0.03         0.11         0.17         0.11
        0.52         0.62         0.53         0.38         0.16         0.15         0.28         0.23         0.37
        0.48         0.54         0.62         0.57         0.41         0.19         0.31         0.29         0.49
        0.42         0.42         0.55         0.77         0.68         0.26         0.17         0.15         0.51
        0.30         0.41         0.31         0.50         0.46         0.15         0.10         0.13         0.23
        0.33         0.40         0.19         0.19         0.10         0.02         0.02         0.04         0.10
        0.20         0.17         0.14         0.04         0.01         0.00         0.00         0.01         0.05
        0.03         0.22         0.07         0.05         0.00         0.00         0.00         0.04         0.03
        0.06         0.18         0.06         0.03         0.01         0.00         0.01         0.02         0.02
        0.08         0.16         0.10         0.02         0.01         0.00         0.00         0.00         0.03
        0.00         0.03         0.09         0.10         0.04         0.01         0.02         0.00         0.00
        0.00         0.01         0.02         0.13         0.14         0.01         0.01         0.00         0.00
     86400      9     13
        0.25         0.21         0.28         0.38         0.26         0.17         0.13         0.27         0.25
        0.31         0.15         0.17         0.22         0.06         0.07         0.13         0.18         0.08
        0.14         0.07         0.08         0.21         0.06         0.07         0.26         0.11         0.24
        0.06         0.08         0.12         0.21         0.19         0.06         0.06         0.07         0.24
        0.13         0.09         0.05         0.14         0.15         0.03         0.00         0.05         0.09
        0.19         0.16         0.07         0.10         0.09         0.02         0.00         0.02         0.11
        0.11         0.12         0.05         0.10         0.09         0.01         0.00         0.00         0.01
        0.03         0.06         0.06         0.04         0.04         0.00         0.00         0.00         0.00
        0.01         0.10         0.11         0.05         0.00         0.00         0.00         0.00         0.00
        0.01         0.07         0.05         0.02         0.00         0.00         0.00         0.00         0.00
        0.00         0.02         0.08         0.03         0.01         0.00         0.00         0.00         0.00
        0.00         0.01         0.03         0.02         0.01         0.00         0.00         0.00         0.00
        0.04         0.03         0.00         0.01         0.02         0.01         0.02         0.00         0.00
    172800      9     13
        0.22         0.09         0.09         0.10         0.06         0.04         0.05         0.04         0.01
        0.22         0.15         0.17         0.24         0.11         0.11         0.15         0.08         0.02
        0.25         0.33         0.26         0.27         0.16         0.23         0.25         0.09         0.11
        0.42         0.40         0.35         0.35         0.28         0.16         0.14         0.06         0.17
        0.29         0.29         0.32         0.42         0.32         0.08         0.07         0.11         0.14
        0.23         0.15         0.15         0.25         0.16         0.06         0.15         0.18         0.15
        0.16         0.18         0.06         0.10         0.06         0.03         0.05         0.02         0.01
        0.04         0.07         0.12         0.12         0.03         0.01         0.00         0.00         0.05
        0.03         0.09         0.15         0.15         0.03         0.00         0.01         0.02         0.10
        0.01         0.02         0.05         0.04         0.02         0.01         0.03         0.01         0.01
        0.00         0.01         0.13         0.08         0.02         0.01         0.01         0.00         0.00
        0.00         0.01         0.08         0.07         0.04         0.01         0.01         0.00         0.00
        0.00         0.01         0.04         0.07         0.10         0.04         0.04         0.01         0.00
    259200      9     13
        0.13         0.08         0.24         0.31         0.29         0.27         0.37         0.42         0.16
        0.12         0.07         0.21         0.33         0.11         0.25         0.43         0.29         0.10
        0.10         0.09         0.14         0.25         0.12         0.26         0.43         0.22         0.25
        0.09         0.18         0.10         0.15         0.21         0.22         0.25         0.26         0.41
        0.20         0.18         0.14         0.26         0.11         0.06         0.09         0.27         0.37
        0.25         0.14         0.13         0.20         0.07         0.04         0.06         0.18         0.31
        0.16         0.13         0.05         0.12         0.03         0.08         0.04         0.02         0.07
        0.07         0.08         0.13         0.22         0.03         0.07         0.02         0.01         0.03
        0.05         0.16         0.24         0.16         0.07         0.13         0.02         0.01         0.04
        0.02         0.07         0.13         0.07         0.03         0.19         0.08         0.01         0.02
        0.02         0.00         0.03         0.03         0.04         0.14         0.05         0.03         0.03
        0.02         0.01         0.03         0.02         0.04         0.13         0.05         0.02         0.01
        0.00         0.00         0.02         0.04         0.06         0.03         0.03         0.05         0.00
    345600      9     13
        0.24         0.09         0.09         0.09         0.11         0.05         0.02         0.14         0.06
        0.10         0.05         0.09         0.06         0.02         0.18         0.19         0.26         0.14
        0.07         0.11         0.11         0.08         0.08         0.47         0.50         0.51         0.52
        0.03         0.08         0.19         0.23         0.20         0.45         0.48         0.66         0.69
        0.16         0.12         0.26         0.40         0.18         0.15         0.32         0.52         0.54
        0.22         0.13         0.16         0.33         0.17         0.13         0.23         0.47         0.39
        0.21         0.16         0.10         0.24         0.17         0.25         0.11         0.13         0.22
        0.29         0.24         0.23         0.15         0.11         0.09         0.03         0.01         0.03
        0.40         0.35         0.20         0.06         0.02         0.06         0.07         0.03         0.08
        0.27         0.17         0.08         0.05         0.12         0.21         0.03         0.06         0.05
        0.06         0.03         0.02         0.04         0.19         0.28         0.06         0.02         0.05
        0.01         0.01         0.02         0.05         0.18         0.27         0.12         0.06         0.14
        0.01         0.00         0.01         0.11         0.20         0.35         0.40         0.20         0.07
    432000      9     13
        0.16         0.21         0.36         0.52         0.53         0.34         0.20         0.17         0.08
        0.18         0.25         0.37         0.41         0.43         0.33         0.26         0.22         0.29
        0.19         0.20         0.38         0.28         0.29         0.59         0.46         0.37         0.65
        0.19         0.25         0.40         0.29         0.31         0.61         0.48         0.54         0.97
        0.36         0.32         0.37         0.45         0.31         0.47         0.54         0.76         1.08
        0.44         0.23         0.28         0.40         0.31         0.42         0.33         0.39         0.76
        0.31         0.28         0.16         0.19         0.24         0.29         0.17         0.20         0.40
        0.05         0.14         0.31         0.25         0.11         0.07         0.03         0.06         0.18
        0.14         0.25         0.22         0.14         0.05         0.12         0.03         0.05         0.19
        0.12         0.10         0.11         0.18         0.17         0.31         0.04         0.06         0.20
        0.04         0.02         0.12         0.43         0.28         0.38         0.24         0.09         0.14
        0.02         0.01         0.09         0.32         0.32         0.20         0.21         0.09         0.10
        0.02         0.02         0.04         0.18         0.43         0.30         0.36         0.12         0.03
    518400      9     13
        0.97         0.51         0.57         0.76         0.44         0.46         0.37         0.26         0.08
        0.62         0.66         0.73         0.86         0.55         0.33         0.29         0.12         0.10
        0.33         0.67         0.98         0.72         0.41         0.32         0.35         0.27         0.46
        0.34         0.31         0.45         0.28         0.35         0.51         0.50         0.52         0.82
        0.03         0.02         0.05         0.15         0.18         0.27         0.46         0.39         0.74
        0.02         0.01         0.06         0.28         0.29         0.12         0.29         0.23         0.50
        0.02         0.07         0.06         0.20         0.23         0.35         0.19         0.15         0.36
        0.02         0.04         0.07         0.09         0.09         0.33         0.10         0.01         0.08
        0.04         0.14         0.09         0.06         0.03         0.03         0.03         0.01         0.02
        0.04         0.16         0.11         0.09         0.13         0.12         0.15         0.05         0.03
        0.04         0.22         0.16         0.22         0.28         0.15         0.10         0.06         0.15
        0.07         0.15         0.18         0.26         0.28         0.23         0.17         0.07         0.08
        0.01         0.03         0.04         0.10         0.05         0.09         0.03         0.00         0.00
    604800      9     13
        0.55         0.77         0.65         0.50         0.87         0.96         0.97         0.92         0.89
        0.54         0.68         0.65         0.65         1.05         1.29         1.17         0.93         0.99
        0.60         0.65         0.86         0.89         1.38         1.36         1.22         0.89         1.37
        0.87         1.00         0.95         1.04         1.57         1.41         1.18         1.12         1.43
        1.04         1.12         1.10         1.27         1.70         1.18         1.08         1.06         1.24
        1.41         1.09         1.27         1.28         1.75         1.30         1.26         1.18         1.24
        1.55         0.89         1.08         1.38         1.30         1.45         1.41         1.46         1.25
        0.75         0.94         1.21         1.48         1.13         1.11         1.59         1.78         1.26
        0.66         1.24         1.20         1.20         1.10         1.00         1.39         1.61         1.48
        0.61         1.04         0.86         0.89         1.21         1.18         0.94         1.22         1.49
        0.43         0.41         0.33         0.53         0.72         1.03         1.18         1.36         1.92
        0.16         0.14         0.21         0.31         0.36         0.46         0.66         0.79         0.97
        0.07         0.07         0.16         0.38         0.57         0.42         0.50         0.62         0.34
    691200      9     13
        0.92         0.75         0.84         0.87         1.21         2.49         1.51         0.83         1.60
        0.76         0.66         0.67         0.78         0.93         1.64         0.98         0.74         1.89
        0.65         0.69         0.88         0.99         1.20         1.58         1.46         1.72         3.71
        0.45         0.53         1.25         1.96         2.85         3.79         2.39         1.63         2.65
        0.40         0.56         1.30         1.87         2.14         3.23         2.16         1.49         1.64
        0.66         0.79         1.13         1.37         1.45         1.87         1.25         1.47         1.25
        1.01         0.83         0.89         1.11         1.65         2.02         1.16         1.19         1.61
        0.81         0.70         0.74         1.07         1.50         1.98         1.34         1.19         1.76
        0.44         0.52         0.62         1.01         1.01         1.23         1.49         1.17         1.24
        0.58         0.62         0.58         0.65         0.68         0.82         0.95         0.77         0.88
        0.70         0.68         0.65         0.60         0.57         0.49         0.50         0.48         0.66
        0.67         0.67         0.61         0.61         0.44         0.43         0.40         0.38         0.66
        0.48         0.54         0.50         0.51         0.56         0.56         0.41         0.38         0.48
    777600      9     13
        0.59         0.60         0.69         0.52         0.48         0.63         0.46         0.51         0.43
        0.53         0.52         0.60         0.55         0.52         0.58         0.56         0.56         0.50
        0.48         0.50         0.54         0.54         0.67         0.43         0.43         0.62         0.59
        0.41         0.49         0.53         0.61         0.63         0.48         0.54         0.68         0.58
        0.30         0.43         0.53         0.52         0.64         0.53         0.74         0.82         0.79
        0.35         0.44         0.58         0.50         0.48         0.43         0.67         1.08         1.08
        0.31         0.44         0.55         0.46         0.38         0.45         0.67         0.93         1.15
        0.24         0.47         0.43         0.42         0.44         0.44         0.65         0.80         0.92
        0.09         0.15         0.25         0.40         0.46         0.45         0.52         0.66         0.81
        0.13         0.09         0.11         0.30         0.40         0.30         0.34         0.49         0.68
        0.14         0.10         0.15         0.18         0.18         0.13         0.25         0.43         0.53
        0.12         0.11         0.14         0.23         0.22         0.11         0.10         0.17         0.23
        0.08         0.07         0.09         0.19         0.33         0.20         0.13         0.08         0.08
    864000      9     13
        0.33         0.50         0.62         0.61         0.41         0.43         0.45         0.41         0.35
        0.64         0.50         0.53         0.50         0.33         0.54         0.57         0.34         0.29
        0.52         0.45         0.52         0.50         0.24         0.58         0.47         0.17         0.27
        0.38         0.36         0.54         0.68         0.46         0.37         0.34         0.17         0.21
        0.32         0.33         0.50         0.69         0.63         0.42         0.45         0.30         0.28
        0.35         0.42         0.42         0.60         0.79         0.63         0.61         0.56         0.72
        0.35         0.48         0.46         0.57         0.56         0.49         0.56         0.59         0.64
        0.46         0.43         0.42         0.30         0.38         0.37         0.60         0.77         0.86
        0.43         0.42         0.43         0.43         0.47         0.49         0.64         0.94         1.01
        0.44         0.52         0.50         0.54         0.65         0.52         0.41         0.64         0.77
        0.32         0.55         0.74         0.69         0.67         0.47         0.45         0.74         0.96
        0.41         0.59         0.61         0.74         0.83         0.83         0.53         0.32         0.44
        0.32         0.39         0.42         0.63         1.05         1.02         0.65         0.29         0.34
    950400      9     13
        0.12         0.21         0.54         0.65         0.36         0.23         0.24         0.42         0.44
        0.13         0.24         0.35         0.54         0.17         0.22         0.36         0.55         0.50
        0.24         0.31         0.36         0.39         0.09         0.39         0.45         0.18         0.53
        0.05         0.05         0.19         0.45         0.20         0.14         0.11         0.10         0.62
        0.01         0.02         0.17         0.35         0.23         0.05         0.01         0.14         0.49
        0.05         0.05         0.05         0.10         0.06         0.04         0.02         0.24         0.35
        0.05         0.05         0.02         0.02         0.03         0.02         0.03         0.16         0.19
        0.01         0.01         0.03         0.05         0.04         0.01         0.00         0.01         0.02
        0.01         0.02         0.03         0.03         0.03         0.02         0.00         0.00         0.00
        0.02         0.03         0.03         0.06         0.15         0.03         0.00         0.00         0.00
        0.07         0.08         0.18         0.17         0.24         0.10         0.01         0.00         0.00
        0.12         0.09         0.06         0.09         0.22         0.15         0.03         0.00         0.01
        0.02         0.02         0.06         0.19         0.40         0.10         0.02         0.00         0.00
   1036800      9     13
        0.13         0.17         0.43         0.46         0.14         0.06         0.08         0.12         0.09
        0.15         0.05         0.20         0.15         0.01         0.08         0.24         0.18         0.05
        0.26         0.14         0.16         0.10         0.05         0.31         0.36         0.08         0.17
        0.13         0.11         0.09         0.11         0.04         0.11         0.14         0.08         0.18
        0.10         0.10         0.11         0.16         0.09         0.03         0.11         0.17         0.17
        0.14         0.10         0.11         0.14         0.11         0.05         0.13         0.17         0.31
        0.12         0.11         0.12         0.14         0.09         0.08         0.14         0.12         0.27
        0.19         0.16         0.17         0.16         0.08         0.16         0.18         0.06         0.24
        0.18         0.19         0.10         0.08         0.09         0.35         0.36         0.16         0.24
        0.24         0.13         0.07         0.04         0.15         0.42         0.38         0.17         0.20
        0.06         0.04         0.05         0.07         0.08         0.15         0.26         0.30         0.46
        0.01         0.03         0.05         0.09         0.07         0.12         0.27         0.23         0.23
        0.10         0.13         0.11         0.14         0.18         0.46         0.46         0.26         0.08
   1123200      9     13
        0.45         0.33         0.62         0.30         0.05         0.08         0.11         0.07         0.02
        0.60         0.15         0.26         0.14         0.01         0.12         0.20         0.18         0.13
        0.29         0.17         0.18         0.11         0.03         0.14         0.25         0.11         0.25
        0.14         0.19         0.30         0.28         0.11         0.10         0.30         0.24         0.33
        0.10         0.12         0.27         0.48         0.28         0.22         0.46         0.33         0.34
        0.16         0.31         0.47         0.47         0.37         0.39         0.42         0.34         0.37
        0.29         0.36         0.47         0.75         0.56         0.46         0.52         0.46         0.52
        0.30         0.37         0.39         0.45         0.57         0.64         0.61         0.52         0.70
        0.55         0.46         0.45         0.54         0.66         0.81         0.79         0.70         0.63
        0.94         1.08         0.69         0.57         0.74         0.85         1.00         0.81         0.61
        1.18         1.26         0.68         0.52         0.54         0.52         0.70         0.47         0.48
        1.55         1.27         0.66         0.54         0.59         0.24         0.25         0.27         0.18
        1.21         0.57         0.27         0.43         0.55         0.18         0.26         0.23         0.09
   1209600      9     13
        1.09         1.22         0.99         0.86         0.86         0.92         0.95         0.88         0.72
        1.47         1.27         0.87         0.68         0.58         0.61         0.67         0.75         0.57
        1.20         1.05         0.82         0.64         0.41         0.38         0.52         0.42         0.65
        0.85         0.80         0.70         0.56         0.48         0.21         0.29         0.64         1.09
        0.65         0.53         0.55         0.51         0.85         0.66         0.55         0.78         1.19
        0.60         0.55         0.55         0.53         1.18         1.20         0.88         0.73         0.94
        0.33         0.46         0.58         0.76         1.08         1.00         0.63         0.74         0.90
        0.32         0.39         0.68         0.63         0.58         0.64         0.75         0.79         0.87
        0.34         0.49         0.56         0.77         0.74         0.67         0.86         0.76         0.90
        0.47         0.70         0.92         1.14         0.96         0.95         0.91         0.90         1.25
        0.50         0.84         1.00         0.74         0.71         0.71         1.23         1.08         1.06
        0.69         1.01         0.91         0.58         0.41         0.39         0.50         0.65         0.50
        0.94         0.84         0.67         0.63         0.75         0.46         0.28         0.54         0.39
   1296000      9     13
        1.16         1.47         1.49         1.21         1.04         0.83         0.45         0.35         0.54
        1.32         2.26         2.15         1.15         1.02         0.83         0.54         0.48         0.37
        1.67         2.13         1.80         0.91         0.54         0.55         0.57         0.74         0.58
        1.42         1.55         1.19         0.78         0.42         0.34         0.50         0.55         0.51
        1.21         1.23         1.08         0.81         0.49         0.28         0.30         0.36         0.49
        1.50         1.37         1.21         1.03         0.66         0.27         0.22         0.26         0.42
        1.69         1.52         1.28         1.22         0.74         0.30         0.13         0.16         0.30
        1.33         1.01         0.81         0.68         0.45         0.31         0.16         0.11         0.19
        1.50         1.24         0.81         0.61         0.45         0.25         0.14         0.14         0.16
        1.35         1.01         0.82         0.61         0.40         0.30         0.28         0.25         0.33
        0.70         0.84         0.95         0.78         0.48         0.36         0.46         0.41         0.65
        0.31         0.44         0.58         0.75         0.56         0.29         0.33         0.53         0.67
        0.27         0.31         0.59         0.81         0.50         0.32         0.23         0.44         0.59