         0      9     13
        0.01         0.00         0.00         0.01         0.03         0.08         0.16         0.21         0.15
        0.01         0.02         0.02         0.03         0.04         0.01         0.11         0.17         0.25
        0.01         0.06         0.05         0.11         0.12         0.07         0.16         0.11         0.24
        0.01         0.07         0.22         0.18         0.21         0.07         0.21         0.22         0.25
        0.02         0.07         0.19         0.32         0.31         0.03         0.05         0.30         0.40
        0.08         0.05         0.04         0.20         0.23         0.02         0.03         0.16         0.26
        0.05         0.05         0.02         0.09         0.07         0.00         0.01         0.06         0.10
        0.02         0.03         0.06         0.10         0.02         0.00         0.01         0.02         0.07
        0.05         0.13         0.12         0.08         0.01         0.03         0.04         0.01         0.01
        0.08         0.11         0.09         0.06         0.02         0.06         0.05         0.04         0.02
        0.02         0.04         0.05         0.03         0.01         0.06         0.03         0.02         0.04
        0.00         0.02         0.04         0.03         0.01         0.01         0.01         0.01         0.04
        0.00         0.01         0.02         0.02         0.02         0.07         0.07         0.00         0.02
     86400      9     13
        0.18         0.15         0.08         0.17         0.24         0.18         0.34         0.27         0.44
        0.09         0.05         0.02         0.08         0.46         0.22         0.15         0.19         0.39
        0.09         0.10         0.03         0.17         0.26         0.20         0.22         0.36         0.43
        0.03         0.06         0.03         0.19         0.20         0.11         0.30         0.54         0.60
        0.04         0.06         0.06         0.22         0.18         0.05         0.26         0.27         0.61
        0.09         0.06         0.08         0.18         0.08         0.02         0.12         0.11         0.31
        0.12         0.06         0.04         0.10         0.03         0.01         0.03         0.05         0.14
        0.04         0.04         0.02         0.03         0.02         0.01         0.03         0.02         0.02
        0.03         0.04         0.07         0.04         0.00         0.00         0.00         0.00         0.01
        0.08         0.09         0.04         0.01         0.00         0.03         0.01         0.01         0.01
        0.02         0.03         0.02         0.01         0.00         0.00         0.00         0.00         0.01
        0.00         0.01         0.04         0.03         0.01         0.00         0.00         0.00         0.02
        0.00         0.00         0.02         0.04         0.03         0.00         0.00         0.00         0.01
    172800      9     13
        1.35         1.50         1.25         0.90         0.90         0.87         0.83         0.87         0.67
        1.68         1.68         1.36         1.28         1.08         1.00         1.00         1.08         1.02
        1.04         1.07         1.01         1.30         1.65         1.62         1.83         1.90         2.06
        0.88         1.21         1.04         1.20         1.47         1.55         1.94         2.02         2.20
        0.88         1.14         1.32         1.50         1.71         1.28         1.55         1.81         1.97
        0.58         0.81         1.23         1.58         1.70         0.86         1.31         1.56         1.59
        0.64         0.81         1.04         1.39         1.21         0.98         1.10         1.15         1.20
        0.60         0.78         0.73         0.90         0.63         0.80         0.90         0.77         0.61
        0.54         0.73         0.54         0.48         0.26         0.47         0.67         0.60         0.66
        0.33         0.25         0.39         0.53         0.14         0.39         0.51         0.48         0.65
        0.13         0.17         0.25         0.28         0.05         0.11         0.18         0.24         0.22
        0.02         0.12         0.16         0.13         0.02         0.01         0.04         0.18         0.43
        0.01         0.07         0.13         0.13         0.08         0.12         0.27         0.45         0.52
    259200      9     13
        0.92         0.42         0.42         0.38         0.26         0.37         0.38         0.49         0.69
        1.58         1.37         0.54         0.32         0.27         0.49         0.58         0.65         0.91
        1.30         0.81         0.44         0.52         0.50         0.54         0.81         0.75         1.10
        0.44         0.32         0.35         0.38         0.28         0.25         0.35         0.56         1.00
        0.59         0.38         0.28         0.26         0.38         0.23         0.20         0.28         0.44
        0.65         0.56         0.35         0.28         0.37         0.24         0.15         0.13         0.17
        0.53         0.48         0.26         0.33         0.26         0.25         0.19         0.16         0.22
        0.33         0.30         0.18         0.21         0.19         0.23         0.21         0.22         0.15
        0.17         0.16         0.15         0.17         0.20         0.33         0.33         0.34         0.25
        0.07         0.09         0.20         0.29         0.26         0.28         0.20         0.28         0.42
        0.06         0.21         0.40         0.40         0.26         0.31         0.31         0.32         0.45
        0.09         0.21         0.32         0.34         0.24         0.23         0.24         0.28         0.48
        0.05         0.11         0.29         0.30         0.39         0.35         0.26         0.41         0.45
    345600      9     13
        0.07         0.03         0.12         0.05         0.04         0.14         0.18         0.19         0.08
        0.11         0.06         0.08         0.05         0.01         0.08         0.16         0.07         0.06
        0.03         0.02         0.06         0.04         0.05         0.15         0.17         0.14         0.26
        0.05         0.05         0.09         0.12         0.10         0.15         0.37         0.42         0.34
        0.19         0.21         0.22         0.26         0.12         0.10         0.27         0.34         0.24
        0.32         0.22         0.19         0.34         0.18         0.12         0.17         0.24         0.25
        0.13         0.19         0.22         0.41         0.33         0.19         0.16         0.15         0.28
        0.34         0.36         0.35         0.41         0.32         0.17         0.21         0.22         0.26
        0.53         0.48         0.46         0.34         0.16         0.14         0.20         0.20         0.23
        0.60         0.49         0.36         0.25         0.11         0.27         0.15         0.23         0.29
        0.34         0.29         0.27         0.24         0.15         0.18         0.10         0.27         0.43
        0.20         0.27         0.28         0.28         0.18         0.15         0.10         0.34         0.53
        0.08         0.27         0.48         0.46         0.37         0.39         0.34         0.26         0.33
    432000      9     13
        0.51         0.27         0.21         0.19         0.17         0.21         0.25         0.37         0.36
        0.38         0.17         0.16         0.25         0.24         0.24         0.32         0.37         0.38
        0.38         0.25         0.23         0.30         0.26         0.41         0.53         0.37         0.42
        0.36         0.32         0.26         0.39         0.30         0.35         0.62         0.40         0.59
        0.26         0.32         0.39         0.45         0.36         0.25         0.41         0.32         0.52
        0.20         0.17         0.29         0.61         0.18         0.15         0.27         0.23         0.35
        0.15         0.25         0.19         0.50         0.15         0.12         0.23         0.17         0.19
        0.23         0.18         0.18         0.23         0.17         0.14         0.06         0.07         0.06
        0.31         0.28         0.25         0.12         0.04         0.07         0.13         0.10         0.09
        0.44         0.30         0.22         0.17         0.13         0.34         0.28         0.21         0.24
        0.08         0.05         0.17         0.23         0.16         0.15         0.17         0.41         0.37
        0.00         0.02         0.07         0.09         0.04         0.03         0.08         0.28         0.33
        0.01         0.01         0.01         0.02         0.03         0.26         0.15         0.11         0.11
    518400      9     13
        0.86         0.79         0.86         0.76         0.78         0.62         0.57         0.55         0.53
        0.89         0.72         0.69         0.74         0.73         0.83         0.76         0.67         0.56
        0.58         0.59         0.58         0.64         0.48         0.85         0.83         0.48         0.61
        0.49         0.65         0.66         0.69         0.43         0.59         0.86         0.63         0.71
        0.65         0.67         0.83         0.93         0.59         0.40         0.85         0.94         0.97
        0.64         0.67         0.85         0.84         0.71         0.49         0.74         0.94         1.10
        0.57         0.67         0.65         0.70         0.58         0.71         0.62         0.87         1.43
        0.46         0.45         0.56         0.36         0.51         0.80         0.86         0.96         1.29
        0.39         0.45         0.36         0.24         0.41         0.84         0.92         0.82         0.92
        0.36         0.26         0.16         0.15         0.38         0.60         0.54         0.58         0.64
        0.19         0.08         0.06         0.16         0.41         0.46         0.30         0.49         0.78
        0.04         0.05         0.11         0.23         0.33         0.49         0.51         0.56         0.71
        0.15         0.28         0.48         0.53         0.59         0.94         0.78         0.73         0.75
    604800      9     13
        0.75         0.72         0.80         0.75         0.74         0.94         1.20         0.91         0.74
        1.01         0.86         0.91         0.83         0.87         0.94         0.97         0.73         0.94
        0.93         0.99         1.04         0.80         0.72         0.78         0.44         0.34         0.44
        0.77         0.54         0.79         0.62         0.46         0.56         0.49         0.29         0.24
        0.85         0.60         0.78         0.69         0.54         0.82         0.57         0.30         0.29
        1.03         0.92         1.01         0.91         0.92         0.85         0.36         0.18         0.22
        1.10         0.94         0.79         0.86         0.92         0.47         0.11         0.05         0.06
        0.94         0.87         0.67         0.66         0.74         0.34         0.16         0.07         0.07
        0.57         0.58         0.71         1.44         1.21         0.50         0.25         0.13         0.19
        0.64         0.57         1.20         2.84         1.86         0.48         0.24         0.30         0.39
        0.58         0.83         1.02         1.41         0.80         0.54         0.37         0.39         0.49
        0.59         0.93         0.79         0.63         0.32         0.38         0.39         0.47         0.45
        0.67         0.89         0.54         0.55         0.53         0.88         0.91         0.75         0.58
    691200      9     13
        0.49         0.50         0.54         0.44         0.24         0.18         0.41         0.58         0.58
        0.55         0.62         0.52         0.44         0.34         0.20         0.35         0.63         0.32
        0.81         0.77         0.84         0.52         0.53         0.43         0.46         0.53         0.21
        0.84         0.65         0.84         0.62         0.60         0.49         0.37         0.40         0.40
        0.71         0.72         0.87         0.61         0.69         0.59         0.45         0.35         0.56
        0.67         0.88         0.88         0.58         0.55         0.47         0.60         0.33         0.29
        0.69         0.85         0.92         0.57         0.42         0.46         0.77         0.42         0.22
        0.80         0.81         0.78         0.64         0.55         0.43         0.78         0.80         0.50
        1.08         1.76         1.11         0.98         0.72         0.67         0.62         0.73         0.78
        2.09         2.90         1.76         1.55         1.12         0.59         0.54         0.75         0.87
        2.95         3.27         2.38         1.49         0.77         0.53         0.56         0.57         0.55
        2.48         2.70         1.82         0.81         0.56         0.65         0.43         0.47         0.47
        2.16         1.39         1.17         0.83         0.91         0.88         0.73         0.59         0.59
    777600      9     13
        3.91         1.23         1.00         0.81         0.66         0.65         0.51         0.32         0.22
        1.87         0.52         0.69         0.59         0.58         0.80         0.71         0.44         0.32
        0.98         0.32         0.40         0.45         0.57         0.78         0.82         0.46         0.35
        0.77         0.36         0.49         0.56         0.55         0.64         0.68         0.46         0.40
        0.49         0.36         0.58         0.75         0.59         0.64         0.65         0.44         0.54
        0.44         0.38         0.51         0.63         0.57         0.53         0.56         0.42         0.59
        0.33         0.37         0.46         0.37         0.42         0.50         0.50         0.46         0.59
        0.22         0.22         0.35         0.29         0.34         0.51         0.44         0.63         0.87
        0.28         0.26         0.23         0.21         0.31         0.46         0.39         0.57         0.79
        0.38         0.30         0.21         0.22         0.36         0.39         0.27         0.36         0.68
        0.15         0.19         0.32         0.34         0.50         0.44         0.40         0.54         0.52
        0.07         0.14         0.34         0.57         0.55         0.60         0.60         0.62         0.34
        0.10         0.10         0.34         0.77         0.67         0.89         0.69         0.70         0.67
    864000      9     13
        0.76         0.78         0.86         1.02         1.05         1.34         1.18         1.07         1.11
        0.83         0.85         1.06         1.44         1.12         1.25         1.41         1.24         1.22
        2.30         1.60         2.06         2.48         1.24         2.18         3.46         1.34         0.82
        2.29         1.86         2.92         2.76         1.64         1.81         2.27         1.55         1.11
        0.85         0.92         1.18         1.37         1.30         1.15         1.37         1.63         1.56
        0.71         0.59         0.56         0.89         1.16         1.03         1.20         1.05         0.94
        1.44         1.31         1.51         1.64         1.57         1.02         0.89         0.74         0.82
        2.60         2.35         1.77         1.89         1.48         1.05         1.00         0.97         1.17
        1.39         1.32         0.72         0.76         0.58         0.60         0.95         0.92         1.10
        0.72         0.68         0.53         0.53         0.47         0.45         0.60         0.70         0.67
        0.57         0.53         0.52         0.64         0.56         0.35         0.27         0.40         0.62
        0.20         0.31         0.40         0.68         0.59         0.33         0.28         0.25         0.65
        0.18         0.32         0.35         0.45         0.51         0.26         0.19         0.28         0.46
    950400      9     13
        0.65         1.04         0.76         0.92         1.12         0.69         0.61         0.50         0.39
        0.33         0.34         0.58         0.96         0.91         0.58         0.60         0.49         0.38
        0.50         0.40         0.44         0.39         0.35         0.60         0.70         0.67         0.68
        0.95         1.31         1.51         1.25         1.02         0.75         0.94         1.51         1.92
        1.20         2.84         4.10         2.22         1.44         1.43         2.59         4.85         5.47
        0.88         1.41         2.32         1.49         1.44         1.89         2.89         3.47         4.17
        0.81         0.92         1.94         1.81         1.93         1.29         1.60         1.50         2.16
        0.88         0.67         1.50         1.69         1.35         0.99         0.87         0.75         1.06
        1.29         1.47         0.93         1.36         1.58         1.20         1.08         0.91         1.03
        1.82         1.36         1.16         1.77         1.96         1.35         1.09         0.65         0.85
        1.52         1.95         1.91         2.91         3.29         2.06         1.28         0.66         0.67
        1.66         2.23         2.68         3.61         3.61         2.98         1.93         0.82         0.65
        1.73         1.91         2.76         3.56         3.64         3.68         1.79         1.14         1.25
   1036800      9     13
        0.70         0.96         0.81         0.74         0.65         0.52         0.40         0.35         0.24
        0.54         1.26         1.88         1.62         1.30         0.83         0.56         0.43         0.31
        0.72         1.35         2.53         3.03         1.95         1.60         1.02         0.91         0.63
        2.05         1.93         1.45         1.56         1.52         1.66         1.23         1.24         0.93
        1.74         1.85         1.44         0.87         1.17         1.41         1.04         0.89         1.09
        1.74         1.58         1.53         0.81         0.86         1.14         1.02         0.99         1.07
        1.24         1.39         1.86         0.82         0.79         0.86         0.73         0.68         0.66
        0.67         0.94         1.40         0.94         0.74         0.73         0.60         0.43         0.42
        0.76         0.89         1.17         1.13         0.79         0.73         0.48         0.42         0.48
        1.23         0.91         0.95         1.04         0.91         0.68         0.43         0.31         0.32
        0.77         1.23         1.37         1.22         0.95         0.67         0.49         0.20         0.08
        0.84         1.56         1.31         0.81         0.66         0.77         0.59         0.25         0.07
        0.80         1.15         1.02         0.80         0.64         0.56         0.37         0.22         0.10
   1123200      9     13
        0.02         0.06         0.16         0.05         0.00         0.00         0.00         0.02         0.01
        0.03         0.03         0.05         0.02         0.00         0.00         0.00         0.00         0.00
        0.02         0.01         0.01         0.01         0.00         0.00         0.00         0.00         0.00
        0.02         0.02         0.01         0.00         0.00         0.01         0.00         0.00         0.00
        0.01         0.01         0.00         0.00         0.00         0.01         0.00         0.00         0.00
        0.02         0.00         0.00         0.00         0.00         0.01         0.00         0.00         0.00
        0.02         0.01         0.01         0.01         0.00         0.00         0.00         0.00         0.00
        0.03         0.01         0.01         0.00         0.00         0.00         0.00         0.00         0.00
        0.01         0.01         0.01         0.00         0.00         0.00         0.00         0.00         0.00
        0.00         0.00         0.01         0.00         0.00         0.00         0.01         0.00         0.01
        0.00         0.00         0.00         0.00         0.00         0.01         0.01         0.00         0.03
        0.00         0.00         0.00         0.00         0.02         0.03         0.01         0.01         0.01
        0.00         0.01         0.00         0.02         0.04         0.01         0.00         0.01         0.01
   1209600      9     13
        0.02         0.01         0.04         0.12         0.03         0.00         0.00         0.00         0.00
        0.00         0.00         0.01         0.04         0.00         0.00         0.00         0.00         0.00
        0.00         0.01         0.00         0.00         0.00         0.01         0.01         0.00         0.05
        0.06         0.03         0.00         0.02         0.00         0.01         0.03         0.06         0.11
        0.09         0.06         0.01         0.01         0.00         0.00         0.01         0.02         0.05
        0.04         0.01         0.00         0.00         0.00         0.00         0.00         0.00         0.01
        0.00         0.00         0.00         0.00         0.00         0.00         0.00         0.00         0.00
        0.00         0.00         0.00         0.00         0.00         0.00         0.00         0.00         0.00
        0.00         0.00         0.01         0.00         0.00         0.00         0.00         0.00         0.00
        0.00         0.00         0.00         0.05         0.02         0.00         0.00         0.00         0.00
        0.00         0.01         0.02         0.10         0.02         0.01         0.01         0.00         0.00
        0.01         0.02         0.00         0.01         0.01         0.01         0.03         0.00         0.00
        0.00         0.00         0.00         0.00         0.00         0.00         0.00         0.00         0.00
   1296000      9     13
        0.20         0.22         0.10         0.28         0.28         0.09         0.05         0.08         0.15
        0.17         0.09         0.12         0.19         0.13         0.08         0.09         0.10         0.18
        0.16         0.12         0.25         0.39         0.20         0.27         0.41         0.42         0.43
        0.21         0.16         0.30         0.43         0.33         0.38         0.27         0.55         0.65
        0.32         0.29         0.38         0.38         0.33         0.23         0.14         0.37         0.61
        0.32         0.27         0.41         0.44         0.29         0.12         0.03         0.11         0.43
        0.22         0.22         0.34         0.34         0.25         0.15         0.02         0.07         0.15
        0.20         0.18         0.41         0.33         0.40         0.31         0.11         0.14         0.11
        0.30         0.40         0.26         0.24         0.22         0.27         0.19         0.22         0.16
        0.24         0.34         0.22         0.30         0.36         0.24         0.09         0.13         0.14
        0.10         0.16         0.15         0.32         0.41         0.30         0.18         0.07         0.04
        0.16         0.10         0.04         0.19         0.36         0.48         0.35         0.07         0.00
        0.19         0.14         0.08         0.13         0.31         0.31         0.22         0.13         0.02